TEFF  10000.  GRAVITY 4.60000 LTE 
TITLE ATLAS12                                                                   
 OPACITY IFOP 1 1 1 1 1 1 1 1 1 1 1 1 1 0 1 0 1 0 0 0
 CONVECTION ON   1.25 TURBULENCE OFF  0.00  0.00  0.00  0.00
ABUNDANCE SCALE   1.00000 ABUNDANCE CHANGE 1 0.92140 2 0.07843
 ABUNDANCE CHANGE  3 -10.88  4 -10.89  5  -9.44  6  -3.48  7  -3.99  8  -3.11
 ABUNDANCE CHANGE  9  -7.48 10  -3.95 11  -5.71 12  -4.16 13  -5.57 14  -4.49
 ABUNDANCE CHANGE 15  -6.59 16  -4.83 17  -6.54 18  -5.48 19  -6.82 20  -5.68
 ABUNDANCE CHANGE 21  -8.94 22  -7.05 23  -8.04 24  -6.37 25  -6.65 26  -4.53
 ABUNDANCE CHANGE 27  -7.12 28  -5.79 29  -7.83 30  -7.44 31  -9.16 32  -8.63
 ABUNDANCE CHANGE 33  -9.67 34  -8.63 35  -9.41 36  -8.81 37  -9.44 38  -9.14
 ABUNDANCE CHANGE 39  -9.80 40  -9.54 41 -10.62 42 -10.12 43 -20.00 44 -10.20
 ABUNDANCE CHANGE 45 -10.92 46 -10.35 47 -11.10 48 -10.18 49 -10.58 50 -10.04
 ABUNDANCE CHANGE 51 -11.04 52  -9.80 53 -10.53 54  -9.81 55 -10.92 56  -9.91
 ABUNDANCE CHANGE 57 -10.82 58 -10.49 59 -11.33 60 -10.54 61 -20.00 62 -11.04
 ABUNDANCE CHANGE 63 -11.53 64 -10.92 65 -11.94 66 -10.94 67 -11.78 68 -11.11
 ABUNDANCE CHANGE 69 -12.04 70 -10.96 71 -11.28 72 -11.16 73 -11.91 74 -10.93
 ABUNDANCE CHANGE 75 -11.77 76 -10.59 77 -10.69 78 -10.24 79 -11.03 80 -10.85
 ABUNDANCE CHANGE 81 -11.14 82 -10.19 83 -11.33 84 -20.00 85 -20.00 86 -20.00
 ABUNDANCE CHANGE 87 -20.00 88 -20.00 89 -20.00 90 -11.92 91 -20.00 92 -12.51
 ABUNDANCE CHANGE 93 -20.00 94 -20.00 95 -20.00 96 -20.00 97 -20.00 98 -20.00
 ABUNDANCE CHANGE 99 -20.00
 ABUNDANCE TABLE
    1H   0.921400       2He  0.078430
    3Li-10.880 0.000    4Be-10.890 0.000    5B  -9.440 0.000    6C  -3.480 0.000    7N  -3.990 0.000
    8O  -3.110 0.000    9F  -7.480 0.000   10Ne -3.950 0.000   11Na -5.710 0.000   12Mg -4.160 0.000
   13Al -5.570 0.000   14Si -4.490 0.000   15P  -6.590 0.000   16S  -4.830 0.000   17Cl -6.540 0.000
   18Ar -5.480 0.000   19K  -6.820 0.000   20Ca -5.680 0.000   21Sc -8.940 0.000   22Ti -7.050 0.000
   23V  -8.040 0.000   24Cr -6.370 0.000   25Mn -6.650 0.000   26Fe -4.530 0.000   27Co -7.120 0.000
   28Ni -5.790 0.000   29Cu -7.830 0.000   30Zn -7.440 0.000   31Ga -9.160 0.000   32Ge -8.630 0.000
   33As -9.670 0.000   34Se -8.630 0.000   35Br -9.410 0.000   36Kr -8.810 0.000   37Rb -9.440 0.000
   38Sr -9.140 0.000   39Y  -9.800 0.000   40Zr -9.540 0.000   41Nb-10.620 0.000   42Mo-10.120 0.000
   43Tc-20.000 0.000   44Ru-10.200 0.000   45Rh-10.920 0.000   46Pd-10.350 0.000   47Ag-11.100 0.000
   48Cd-10.180 0.000   49In-10.580 0.000   50Sn-10.040 0.000   51Sb-11.040 0.000   52Te -9.800 0.000
   53I -10.530 0.000   54Xe -9.810 0.000   55Cs-10.920 0.000   56Ba -9.910 0.000   57La-10.820 0.000
   58Ce-10.490 0.000   59Pr-11.330 0.000   60Nd-10.540 0.000   61Pm-20.000 0.000   62Sm-11.040 0.000
   63Eu-11.530 0.000   64Gd-10.920 0.000   65Tb-11.940 0.000   66Dy-10.940 0.000   67Ho-11.780 0.000
   68Er-11.110 0.000   69Tm-12.040 0.000   70Yb-10.960 0.000   71Lu-11.280 0.000   72Hf-11.160 0.000
   73Ta-11.910 0.000   74W -10.930 0.000   75Re-11.770 0.000   76Os-10.590 0.000   77Ir-10.690 0.000
   78Pt-10.240 0.000   79Au-11.030 0.000   80Hg-10.850 0.000   81Tl-11.140 0.000   82Pb-10.190 0.000
   83Bi-11.330 0.000   84Po-20.000 0.000   85At-20.000 0.000   86Rn-20.000 0.000   87Fr-20.000 0.000
   88Ra-20.000 0.000   89Ac-20.000 0.000   90Th-11.920 0.000   91Pa-20.000 0.000   92U -12.510 0.000
   93NP-20.000 0.000   94Pu-20.000 0.000   95Am-20.000 0.000   96Cm-20.000 0.000   97Bk-20.000 0.000
   98Cf-20.000 0.000   99Es-20.000 0.000
READ DECK6 72 RHOX,T,P,XNE,ABROSS,ACCRAD,VTURB
 3.07223452E-06   5849.6 1.222E-01 1.516E+10 4.340E-02 5.229E+01 1.000E+05 0.000E+00 0.000E+00
 4.12331751E-06   5878.5 1.639E-01 1.896E+10 4.124E-02 5.306E+01 1.000E+05 0.000E+00 0.000E+00
 5.58127842E-06   5917.8 2.219E-01 2.429E+10 4.015E-02 5.226E+01 1.000E+05 0.000E+00 0.000E+00
 7.55550512E-06   5965.3 3.004E-01 3.160E+10 3.998E-02 5.088E+01 1.000E+05 0.000E+00 2.960E+06
 1.01740179E-05   6019.0 4.045E-01 4.144E+10 4.062E-02 4.894E+01 1.000E+05 0.000E+00 2.276E+06
 1.35846472E-05   6076.3 5.401E-01 5.437E+10 4.191E-02 4.705E+01 1.000E+05 0.000E+00 1.727E+06
 1.79626088E-05   6136.1 7.142E-01 7.113E+10 4.378E-02 4.508E+01 1.000E+05 0.000E+00 1.303E+06
 2.35195725E-05   6197.4 9.352E-01 9.262E+10 4.624E-02 4.322E+01 1.000E+05 0.000E+00 9.769E+05
 3.05035950E-05   6259.4 1.213E+00 1.198E+11 4.926E-02 4.149E+01 1.000E+05 0.000E+00 7.257E+05
 3.92112464E-05   6321.6 1.559E+00 1.540E+11 5.287E-02 3.996E+01 1.000E+05 0.000E+00 5.350E+05
 4.99900083E-05   6384.1 1.988E+00 1.968E+11 5.718E-02 3.871E+01 1.000E+05 0.000E+00 3.950E+05
 6.32218665E-05   6447.4 2.514E+00 2.500E+11 6.236E-02 3.769E+01 1.000E+05 0.000E+00 2.932E+05
 7.93329169E-05   6511.6 3.155E+00 3.162E+11 6.858E-02 3.679E+01 1.000E+05 0.000E+00 2.172E+05
 9.87747982E-05   6577.0 3.928E+00 3.980E+11 7.610E-02 3.607E+01 1.000E+05 0.000E+00 1.612E+05
 1.22040776E-04   6643.6 4.854E+00 4.987E+11 8.513E-02 3.530E+01 1.000E+05 0.000E+00 1.203E+05
 1.49680356E-04   6710.7 5.953E+00 6.214E+11 9.583E-02 3.442E+01 1.000E+05 0.000E+00 8.336E+04
 1.82367231E-04   6777.1 7.253E+00 7.690E+11 1.082E-01 3.344E+01 1.000E+05 0.000E+00 4.788E+04
 2.20974468E-04   6841.6 8.789E+00 9.441E+11 1.221E-01 3.243E+01 1.000E+05 0.000E+00 1.558E+04
 2.66664367E-04   6903.1 1.061E+01 1.149E+12 1.374E-01 3.153E+01 1.000E+05 0.000E+00 0.000E+00
 3.20898143E-04   6961.9 1.276E+01 1.389E+12 1.541E-01 3.092E+01 1.000E+05 0.000E+00 0.000E+00
 3.85399355E-04   7018.9 1.533E+01 1.670E+12 1.728E-01 3.059E+01 1.000E+05 0.000E+00 0.000E+00
 4.62114460E-04   7074.9 1.838E+01 2.001E+12 1.938E-01 3.046E+01 1.000E+05 0.000E+00 0.000E+00
 5.53229003E-04   7130.6 2.201E+01 2.391E+12 2.178E-01 3.052E+01 1.000E+05 0.000E+00 0.000E+00
 6.61233365E-04   7186.2 2.630E+01 2.851E+12 2.452E-01 3.069E+01 1.000E+05 0.000E+00 0.000E+00
 7.88993323E-04   7241.9 3.138E+01 3.393E+12 2.767E-01 3.097E+01 1.000E+05 0.000E+00 0.000E+00
 9.39930313E-04   7296.9 3.739E+01 4.026E+12 3.124E-01 3.133E+01 1.000E+05 0.000E+00 0.000E+00
 1.11826440E-03   7351.1 4.448E+01 4.763E+12 3.525E-01 3.179E+01 1.000E+05 0.000E+00 0.000E+00
 1.32911213E-03   7403.9 5.287E+01 5.618E+12 3.973E-01 3.232E+01 1.000E+05 0.000E+00 0.000E+00
 1.57895544E-03   7454.7 6.281E+01 6.599E+12 4.464E-01 3.296E+01 1.000E+05 0.000E+00 0.000E+00
 1.87595133E-03   7503.2 7.462E+01 7.725E+12 5.000E-01 3.379E+01 1.000E+05 0.000E+00 0.000E+00
 2.23012346E-03   7549.5 8.871E+01 9.015E+12 5.583E-01 3.479E+01 1.000E+05 0.000E+00 0.000E+00
 2.65369496E-03   7594.0 1.056E+02 1.049E+13 6.218E-01 3.603E+01 1.000E+05 0.000E+00 0.000E+00
 3.16099513E-03   7637.8 1.257E+02 1.220E+13 6.922E-01 3.752E+01 1.000E+05 0.000E+00 0.000E+00
 3.76875088E-03   7681.0 1.499E+02 1.418E+13 7.706E-01 3.927E+01 1.000E+05 0.000E+00 0.000E+00
 4.49609685E-03   7725.0 1.788E+02 1.649E+13 8.595E-01 4.130E+01 1.000E+05 0.000E+00 0.000E+00
 5.36507046E-03   7769.5 2.134E+02 1.918E+13 9.600E-01 4.360E+01 1.000E+05 0.000E+00 0.000E+00
 6.40139835E-03   7815.1 2.546E+02 2.232E+13 1.075E+00 4.628E+01 1.000E+05 0.000E+00 0.000E+00
 7.63329765E-03   7863.0 3.036E+02 2.601E+13 1.208E+00 4.941E+01 1.000E+05 0.000E+00 0.000E+00
 9.09347356E-03   7912.0 3.616E+02 3.031E+13 1.360E+00 5.293E+01 1.000E+05 0.000E+00 0.000E+00
 1.08194128E-02   7963.7 4.302E+02 3.539E+13 1.538E+00 5.709E+01 1.000E+05 0.000E+00 0.000E+00
 1.28497546E-02   8019.0 5.109E+02 4.141E+13 1.748E+00 6.203E+01 1.000E+05 0.000E+00 0.000E+00
 1.52235701E-02   8079.0 6.053E+02 4.859E+13 2.000E+00 6.795E+01 1.000E+05 0.000E+00 0.000E+00
 1.79785349E-02   8145.5 7.148E+02 5.727E+13 2.309E+00 7.516E+01 1.000E+05 0.000E+00 0.000E+00
 2.11443725E-02   8219.5 8.406E+02 6.780E+13 2.693E+00 8.408E+01 1.000E+05 0.000E+00 0.000E+00
 2.47427262E-02   8303.4 9.835E+02 8.075E+13 3.180E+00 9.529E+01 1.000E+05 1.497E-05 0.000E+00
 2.87755456E-02   8399.5 1.144E+03 9.684E+13 3.812E+00 1.097E+02 1.000E+05 7.535E-02 2.190E+01
 3.32241493E-02   8510.5 1.320E+03 1.171E+14 4.649E+00 1.284E+02 1.000E+05 7.465E-01 3.591E+02
 3.80414673E-02   8639.3 1.511E+03 1.427E+14 5.780E+00 1.532E+02 1.000E+05 3.505E+00 6.869E+02
 4.31554878E-02   8789.5 1.714E+03 1.756E+14 7.336E+00 1.865E+02 1.000E+05 1.178E+01 1.029E+03
 4.84719330E-02   8964.8 1.925E+03 2.178E+14 9.507E+00 2.318E+02 1.000E+05 3.595E+01 1.437E+03
 5.38863217E-02   9169.5 2.139E+03 2.722E+14 1.256E+01 2.938E+02 1.000E+05 1.206E+02 2.028E+03
 5.93099600E-02   9407.9 2.353E+03 3.415E+14 1.684E+01 3.782E+02 1.000E+05 4.952E+02 3.058E+03
 6.46853029E-02   9685.4 2.565E+03 4.284E+14 2.267E+01 4.903E+02 1.000E+05 2.250E+03 5.008E+03
 7.00285109E-02  10006.5 2.774E+03 5.331E+14 3.017E+01 6.308E+02 1.000E+05 8.226E+03 8.390E+03
 7.54690441E-02  10378.3 2.987E+03 6.524E+14 3.877E+01 7.883E+02 1.000E+05 1.785E+04 1.259E+04
 8.12974814E-02  10806.7 3.214E+03 7.778E+14 4.674E+01 9.309E+02 1.000E+05 2.066E+04 1.442E+04
 8.80374870E-02  11299.2 3.476E+03 8.985E+14 5.148E+01 1.013E+03 1.000E+05 1.204E+04 1.104E+04
 9.66351003E-02  11863.6 3.809E+03 1.011E+15 5.139E+01 1.005E+03 1.000E+05 3.127E+03 5.531E+03
 1.08647722E-01  12507.8 4.276E+03 1.125E+15 4.734E+01 9.244E+02 1.000E+05 2.915E+02 2.039E+03
 1.26441598E-01  13232.9 4.969E+03 1.266E+15 4.168E+01 8.133E+02 1.000E+05 1.140E+01 6.398E+02
 1.53636908E-01  14047.7 6.031E+03 1.467E+15 3.635E+01 7.070E+02 1.000E+05 2.817E-01 1.573E+02
 1.94847069E-01  14944.8 7.644E+03 1.761E+15 3.235E+01 6.242E+02 1.000E+05 3.715E-03 9.373E-01
 2.55559227E-01  15927.6 1.002E+04 2.182E+15 2.979E+01 5.697E+02 1.000E+05 5.555E-03 3.931E+00
 3.41691303E-01  16993.8 1.341E+04 2.758E+15 2.848E+01 5.407E+02 1.000E+05 4.627E-02 1.420E+02
 4.60010635E-01  18155.7 1.805E+04 3.512E+15 2.800E+01 5.289E+02 1.000E+05 7.587E-02 2.434E+02
 6.19169685E-01  19416.8 2.431E+04 4.462E+15 2.790E+01 5.252E+02 1.000E+05 3.516E-02 0.000E+00
 8.31742879E-01  20790.0 3.266E+04 5.633E+15 2.794E+01 5.248E+02 1.000E+05 0.000E+00 0.000E+00
 1.11343120E+00  22276.1 4.372E+04 7.062E+15 2.823E+01 5.288E+02 1.000E+05 0.000E+00 0.000E+00
 1.48364758E+00  23888.7 5.827E+04 8.790E+15 2.876E+01 5.366E+02 1.000E+05 0.000E+00 0.000E+00
 1.96599375E+00  25626.8 7.721E+04 1.087E+16 2.955E+01 5.483E+02 1.000E+05 0.000E+00 0.000E+00
 2.59034608E+00  27510.0 1.017E+05 1.334E+16 3.053E+01 5.605E+02 1.000E+05 0.000E+00 0.000E+00
 3.39156766E+00  29533.6 1.332E+05 1.628E+16 3.190E+01 5.442E+02 1.000E+05 0.000E+00 0.000E+00
PRADK 1.3466E+01
BEGIN                    ITERATION  60 COMPLETED
