TEFF   5000.  GRAVITY 4.60000 LTE 
TITLE ATLAS12                                                                   
 OPACITY IFOP 1 1 1 1 1 1 1 1 1 1 1 1 1 0 1 0 1 0 0 0
 CONVECTION ON   1.25 TURBULENCE OFF  0.00  0.00  0.00  0.00
ABUNDANCE SCALE   1.00000 ABUNDANCE CHANGE 1 0.92140 2 0.07843
 ABUNDANCE CHANGE  3 -10.88  4 -10.89  5  -9.44  6  -3.48  7  -3.99  8  -3.11
 ABUNDANCE CHANGE  9  -7.48 10  -3.95 11  -5.71 12  -4.16 13  -5.57 14  -4.49
 ABUNDANCE CHANGE 15  -6.59 16  -4.83 17  -6.54 18  -5.48 19  -6.82 20  -5.68
 ABUNDANCE CHANGE 21  -8.94 22  -7.05 23  -8.04 24  -6.37 25  -6.65 26  -4.53
 ABUNDANCE CHANGE 27  -7.12 28  -5.79 29  -7.83 30  -7.44 31  -9.16 32  -8.63
 ABUNDANCE CHANGE 33  -9.67 34  -8.63 35  -9.41 36  -8.81 37  -9.44 38  -9.14
 ABUNDANCE CHANGE 39  -9.80 40  -9.54 41 -10.62 42 -10.12 43 -20.00 44 -10.20
 ABUNDANCE CHANGE 45 -10.92 46 -10.35 47 -11.10 48 -10.18 49 -10.58 50 -10.04
 ABUNDANCE CHANGE 51 -11.04 52  -9.80 53 -10.53 54  -9.81 55 -10.92 56  -9.91
 ABUNDANCE CHANGE 57 -10.82 58 -10.49 59 -11.33 60 -10.54 61 -20.00 62 -11.04
 ABUNDANCE CHANGE 63 -11.53 64 -10.92 65 -11.94 66 -10.94 67 -11.78 68 -11.11
 ABUNDANCE CHANGE 69 -12.04 70 -10.96 71 -11.28 72 -11.16 73 -11.91 74 -10.93
 ABUNDANCE CHANGE 75 -11.77 76 -10.59 77 -10.69 78 -10.24 79 -11.03 80 -10.85
 ABUNDANCE CHANGE 81 -11.14 82 -10.19 83 -11.33 84 -20.00 85 -20.00 86 -20.00
 ABUNDANCE CHANGE 87 -20.00 88 -20.00 89 -20.00 90 -11.92 91 -20.00 92 -12.51
 ABUNDANCE CHANGE 93 -20.00 94 -20.00 95 -20.00 96 -20.00 97 -20.00 98 -20.00
 ABUNDANCE CHANGE 99 -20.00
 ABUNDANCE TABLE
    1H   0.921400       2He  0.078430
    3Li-10.880 0.000    4Be-10.890 0.000    5B  -9.440 0.000    6C  -3.480 0.000    7N  -3.990 0.000
    8O  -3.110 0.000    9F  -7.480 0.000   10Ne -3.950 0.000   11Na -5.710 0.000   12Mg -4.160 0.000
   13Al -5.570 0.000   14Si -4.490 0.000   15P  -6.590 0.000   16S  -4.830 0.000   17Cl -6.540 0.000
   18Ar -5.480 0.000   19K  -6.820 0.000   20Ca -5.680 0.000   21Sc -8.940 0.000   22Ti -7.050 0.000
   23V  -8.040 0.000   24Cr -6.370 0.000   25Mn -6.650 0.000   26Fe -4.530 0.000   27Co -7.120 0.000
   28Ni -5.790 0.000   29Cu -7.830 0.000   30Zn -7.440 0.000   31Ga -9.160 0.000   32Ge -8.630 0.000
   33As -9.670 0.000   34Se -8.630 0.000   35Br -9.410 0.000   36Kr -8.810 0.000   37Rb -9.440 0.000
   38Sr -9.140 0.000   39Y  -9.800 0.000   40Zr -9.540 0.000   41Nb-10.620 0.000   42Mo-10.120 0.000
   43Tc-20.000 0.000   44Ru-10.200 0.000   45Rh-10.920 0.000   46Pd-10.350 0.000   47Ag-11.100 0.000
   48Cd-10.180 0.000   49In-10.580 0.000   50Sn-10.040 0.000   51Sb-11.040 0.000   52Te -9.800 0.000
   53I -10.530 0.000   54Xe -9.810 0.000   55Cs-10.920 0.000   56Ba -9.910 0.000   57La-10.820 0.000
   58Ce-10.490 0.000   59Pr-11.330 0.000   60Nd-10.540 0.000   61Pm-20.000 0.000   62Sm-11.040 0.000
   63Eu-11.530 0.000   64Gd-10.920 0.000   65Tb-11.940 0.000   66Dy-10.940 0.000   67Ho-11.780 0.000
   68Er-11.110 0.000   69Tm-12.040 0.000   70Yb-10.960 0.000   71Lu-11.280 0.000   72Hf-11.160 0.000
   73Ta-11.910 0.000   74W -10.930 0.000   75Re-11.770 0.000   76Os-10.590 0.000   77Ir-10.690 0.000
   78Pt-10.240 0.000   79Au-11.030 0.000   80Hg-10.850 0.000   81Tl-11.140 0.000   82Pb-10.190 0.000
   83Bi-11.330 0.000   84Po-20.000 0.000   85At-20.000 0.000   86Rn-20.000 0.000   87Fr-20.000 0.000
   88Ra-20.000 0.000   89Ac-20.000 0.000   90Th-11.920 0.000   91Pa-20.000 0.000   92U -12.510 0.000
   93NP-20.000 0.000   94Pu-20.000 0.000   95Am-20.000 0.000   96Cm-20.000 0.000   97Bk-20.000 0.000
   98Cf-20.000 0.000   99Es-20.000 0.000
READ DECK6 72 RHOX,T,P,XNE,ABROSS,ACCRAD,VTURB
 7.39806854E-04   3270.0 2.946E+01 3.169E+09 1.803E-04 3.449E-02 1.000E+05 0.000E+00 0.000E+00
 9.71412053E-04   3276.5 3.868E+01 3.864E+09 2.038E-04 3.616E-02 1.000E+05 0.000E+00 0.000E+00
 1.23999490E-03   3295.2 4.937E+01 4.780E+09 2.381E-04 3.735E-02 1.000E+05 0.000E+00 0.000E+00
 1.54722782E-03   3313.5 6.160E+01 5.815E+09 2.770E-04 3.747E-02 1.000E+05 0.000E+00 0.000E+00
 1.89941686E-03   3332.8 7.561E+01 7.013E+09 3.223E-04 3.747E-02 1.000E+05 0.000E+00 0.000E+00
 2.30317302E-03   3352.5 9.168E+01 8.394E+09 3.747E-04 3.732E-02 1.000E+05 0.000E+00 0.000E+00
 2.76639074E-03   3372.5 1.101E+02 9.987E+09 4.353E-04 3.707E-02 1.000E+05 0.000E+00 0.000E+00
 3.29841994E-03   3392.7 1.313E+02 1.182E+10 5.051E-04 3.680E-02 1.000E+05 0.000E+00 0.000E+00
 3.91002778E-03   3413.0 1.556E+02 1.394E+10 5.857E-04 3.651E-02 1.000E+05 0.000E+00 0.000E+00
 4.61375204E-03   3433.5 1.837E+02 1.639E+10 6.785E-04 3.621E-02 1.000E+05 0.000E+00 0.000E+00
 5.42386480E-03   3454.2 2.159E+02 1.922E+10 7.856E-04 3.595E-02 1.000E+05 0.000E+00 0.000E+00
 6.35721885E-03   3475.0 2.531E+02 2.248E+10 9.090E-04 3.575E-02 1.000E+05 0.000E+00 0.000E+00
 7.43315755E-03   3496.1 2.959E+02 2.625E+10 1.051E-03 3.551E-02 1.000E+05 0.000E+00 0.000E+00
 8.67391308E-03   3517.2 3.453E+02 3.061E+10 1.216E-03 3.537E-02 1.000E+05 0.000E+00 0.000E+00
 1.01053026E-02   3538.6 4.023E+02 3.565E+10 1.405E-03 3.525E-02 1.000E+05 0.000E+00 0.000E+00
 1.17573402E-02   3560.2 4.681E+02 4.147E+10 1.623E-03 3.520E-02 1.000E+05 0.000E+00 0.000E+00
 1.36648700E-02   3581.9 5.440E+02 4.819E+10 1.874E-03 3.525E-02 1.000E+05 0.000E+00 0.000E+00
 1.58678912E-02   3603.8 6.317E+02 5.597E+10 2.163E-03 3.534E-02 1.000E+05 0.000E+00 0.000E+00
 1.84134127E-02   3625.9 7.330E+02 6.495E+10 2.496E-03 3.553E-02 1.000E+05 0.000E+00 0.000E+00
 2.13555155E-02   3648.1 8.502E+02 7.533E+10 2.880E-03 3.582E-02 1.000E+05 0.000E+00 0.000E+00
 2.47572028E-02   3670.6 9.856E+02 8.732E+10 3.321E-03 3.624E-02 1.000E+05 0.000E+00 0.000E+00
 2.86912145E-02   3693.2 1.142E+03 1.012E+11 3.829E-03 3.676E-02 1.000E+05 0.000E+00 0.000E+00
 3.32422989E-02   3716.0 1.323E+03 1.172E+11 4.413E-03 3.742E-02 1.000E+05 0.000E+00 0.000E+00
 3.85083396E-02   3739.1 1.533E+03 1.358E+11 5.085E-03 3.822E-02 1.000E+05 0.000E+00 0.000E+00
 4.46034728E-02   3762.4 1.776E+03 1.572E+11 5.858E-03 3.915E-02 1.000E+05 0.000E+00 0.000E+00
 5.16597102E-02   3785.9 2.057E+03 1.819E+11 6.746E-03 4.024E-02 1.000E+05 0.000E+00 0.000E+00
 5.98327804E-02   3809.5 2.382E+03 2.105E+11 7.766E-03 4.150E-02 1.000E+05 0.000E+00 0.000E+00
 6.93020015E-02   3833.3 2.759E+03 2.435E+11 8.936E-03 4.292E-02 1.000E+05 0.000E+00 0.000E+00
 8.02821194E-02   3856.9 3.196E+03 2.815E+11 1.027E-02 4.458E-02 1.000E+05 0.000E+00 0.000E+00
 9.30179386E-02   3880.7 3.703E+03 3.253E+11 1.181E-02 4.646E-02 1.000E+05 0.000E+00 0.000E+00
 1.07805475E-01   3904.2 4.292E+03 3.756E+11 1.356E-02 4.863E-02 1.000E+05 0.000E+00 0.000E+00
 1.24986049E-01   3927.5 4.976E+03 4.334E+11 1.555E-02 5.113E-02 1.000E+05 0.000E+00 0.000E+00
 1.44965793E-01   3950.7 5.771E+03 4.998E+11 1.783E-02 5.399E-02 1.000E+05 0.000E+00 0.000E+00
 1.68215163E-01   3973.6 6.697E+03 5.759E+11 2.042E-02 5.731E-02 1.000E+05 0.000E+00 0.000E+00
 1.95292393E-01   3996.3 7.775E+03 6.633E+11 2.338E-02 6.110E-02 1.000E+05 0.000E+00 0.000E+00
 2.26840155E-01   4018.9 9.031E+03 7.637E+11 2.675E-02 6.547E-02 1.000E+05 0.000E+00 0.000E+00
 2.63617973E-01   4041.5 1.049E+04 8.791E+11 3.060E-02 7.050E-02 1.000E+05 0.000E+00 0.000E+00
 3.06494876E-01   4064.2 1.220E+04 1.012E+12 3.499E-02 7.630E-02 1.000E+05 0.000E+00 0.000E+00
 3.56484232E-01   4087.3 1.419E+04 1.165E+12 4.004E-02 8.301E-02 1.000E+05 0.000E+00 0.000E+00
 4.14721990E-01   4111.2 1.651E+04 1.344E+12 4.584E-02 9.076E-02 1.000E+05 0.000E+00 0.000E+00
 4.82508055E-01   4136.2 1.921E+04 1.552E+12 5.256E-02 9.978E-02 1.000E+05 0.000E+00 0.000E+00
 5.61269461E-01   4163.1 2.234E+04 1.796E+12 6.039E-02 1.103E-01 1.000E+05 0.000E+00 0.000E+00
 6.52555627E-01   4192.4 2.598E+04 2.087E+12 6.957E-02 1.226E-01 1.000E+05 0.000E+00 0.000E+00
 7.58039530E-01   4225.3 3.018E+04 2.435E+12 8.045E-02 1.371E-01 1.000E+05 0.000E+00 0.000E+00
 8.79406657E-01   4262.6 3.501E+04 2.857E+12 9.344E-02 1.541E-01 1.000E+05 0.000E+00 0.000E+00
 1.01839541E+00   4305.6 4.054E+04 3.376E+12 1.091E-01 1.744E-01 1.000E+05 0.000E+00 0.000E+00
 1.17667343E+00   4355.7 4.684E+04 4.020E+12 1.281E-01 1.984E-01 1.000E+05 0.000E+00 0.000E+00
 1.35592233E+00   4414.5 5.398E+04 4.826E+12 1.513E-01 2.269E-01 1.000E+05 0.000E+00 0.000E+00
 1.55784109E+00   4483.4 6.202E+04 5.844E+12 1.795E-01 2.608E-01 1.000E+05 0.000E+00 0.000E+00
 1.78438334E+00   4564.4 7.104E+04 7.131E+12 2.136E-01 3.007E-01 1.000E+05 0.000E+00 0.000E+00
 2.03801773E+00   4659.4 8.113E+04 8.758E+12 2.544E-01 3.469E-01 1.000E+05 0.000E+00 0.000E+00
 2.32234387E+00   4770.4 9.245E+04 1.080E+13 3.020E-01 3.993E-01 1.000E+05 0.000E+00 0.000E+00
 2.64301593E+00   4899.8 1.052E+05 1.334E+13 3.558E-01 4.570E-01 1.000E+05 0.000E+00 0.000E+00
 3.00800105E+00   5050.3 1.198E+05 1.646E+13 4.143E-01 5.184E-01 1.000E+05 0.000E+00 0.000E+00
 3.42890138E+00   5224.8 1.365E+05 2.033E+13 4.764E-01 5.831E-01 1.000E+05 0.000E+00 0.000E+00
 3.91824255E+00   5426.8 1.560E+05 2.537E+13 5.459E-01 6.571E-01 1.000E+05 0.000E+00 0.000E+00
 4.48172442E+00   5661.6 1.784E+05 3.299E+13 6.425E-01 7.651E-01 1.000E+05 2.774E+04 0.000E+00
 5.09789766E+00   5931.8 2.030E+05 4.695E+13 8.195E-01 9.727E-01 1.000E+05 5.610E+06 6.862E+03
 5.69982707E+00   6258.6 2.269E+05 7.752E+13 1.196E+00 1.380E+00 1.000E+05 6.663E+07 3.930E+04
 6.22954383E+00   6592.2 2.480E+05 1.354E+14 1.864E+00 1.995E+00 1.000E+05 2.722E+08 8.309E+04
 6.67088526E+00   6945.5 2.656E+05 2.424E+14 3.008E+00 2.724E+00 1.000E+05 6.430E+08 1.153E+05
 7.05215411E+00   7239.5 2.807E+05 3.864E+14 4.463E+00 3.151E+00 1.000E+05 1.125E+09 1.372E+05
 7.39739117E+00   7524.6 2.945E+05 5.926E+14 6.470E+00 3.373E+00 1.000E+05 1.571E+09 1.544E+05
 7.72895594E+00   7754.8 3.077E+05 8.247E+14 8.684E+00 3.318E+00 1.000E+05 1.897E+09 1.562E+05
 8.05922350E+00   7985.3 3.208E+05 1.130E+15 1.157E+01 3.334E+00 1.000E+05 2.142E+09 1.633E+05
 8.39776046E+00   8184.1 3.343E+05 1.468E+15 1.476E+01 3.155E+00 1.000E+05 2.299E+09 1.597E+05
 8.75316922E+00   8380.7 3.485E+05 1.883E+15 1.870E+01 3.140E+00 1.000E+05 2.426E+09 1.611E+05
 9.13006386E+00   8568.8 3.635E+05 2.370E+15 2.335E+01 3.013E+00 1.000E+05 2.511E+09 1.585E+05
 9.53511149E+00   8749.7 3.796E+05 2.936E+15 2.881E+01 2.886E+00 1.000E+05 2.577E+09 1.547E+05
 9.97445986E+00   8927.9 3.971E+05 3.604E+15 3.532E+01 2.810E+00 1.000E+05 2.643E+09 1.548E+05
 1.04524501E+01   9108.0 4.161E+05 4.404E+15 4.319E+01 2.655E+00 1.000E+05 2.656E+09 1.482E+05
 1.09782170E+01   9274.8 4.370E+05 5.286E+15 5.195E+01 2.711E+00 1.000E+05 2.717E+09 1.469E+05
PRADK 8.3516E-01
BEGIN                    ITERATION  60 COMPLETED
