TEFF  12000.  GRAVITY 4.60000 LTE 
TITLE ATLAS12                                                                   
 OPACITY IFOP 1 1 1 1 1 1 1 1 1 1 1 1 1 0 1 0 1 0 0 0
 CONVECTION ON   1.25 TURBULENCE OFF  0.00  0.00  0.00  0.00
ABUNDANCE SCALE   1.00000 ABUNDANCE CHANGE 1 0.92140 2 0.07843
 ABUNDANCE CHANGE  3 -10.88  4 -10.89  5  -9.44  6  -3.48  7  -3.99  8  -3.11
 ABUNDANCE CHANGE  9  -7.48 10  -3.95 11  -5.71 12  -4.16 13  -5.57 14  -4.49
 ABUNDANCE CHANGE 15  -6.59 16  -4.83 17  -6.54 18  -5.48 19  -6.82 20  -5.68
 ABUNDANCE CHANGE 21  -8.94 22  -7.05 23  -8.04 24  -6.37 25  -6.65 26  -4.53
 ABUNDANCE CHANGE 27  -7.12 28  -5.79 29  -7.83 30  -7.44 31  -9.16 32  -8.63
 ABUNDANCE CHANGE 33  -9.67 34  -8.63 35  -9.41 36  -8.81 37  -9.44 38  -9.14
 ABUNDANCE CHANGE 39  -9.80 40  -9.54 41 -10.62 42 -10.12 43 -20.00 44 -10.20
 ABUNDANCE CHANGE 45 -10.92 46 -10.35 47 -11.10 48 -10.18 49 -10.58 50 -10.04
 ABUNDANCE CHANGE 51 -11.04 52  -9.80 53 -10.53 54  -9.81 55 -10.92 56  -9.91
 ABUNDANCE CHANGE 57 -10.82 58 -10.49 59 -11.33 60 -10.54 61 -20.00 62 -11.04
 ABUNDANCE CHANGE 63 -11.53 64 -10.92 65 -11.94 66 -10.94 67 -11.78 68 -11.11
 ABUNDANCE CHANGE 69 -12.04 70 -10.96 71 -11.28 72 -11.16 73 -11.91 74 -10.93
 ABUNDANCE CHANGE 75 -11.77 76 -10.59 77 -10.69 78 -10.24 79 -11.03 80 -10.85
 ABUNDANCE CHANGE 81 -11.14 82 -10.19 83 -11.33 84 -20.00 85 -20.00 86 -20.00
 ABUNDANCE CHANGE 87 -20.00 88 -20.00 89 -20.00 90 -11.92 91 -20.00 92 -12.51
 ABUNDANCE CHANGE 93 -20.00 94 -20.00 95 -20.00 96 -20.00 97 -20.00 98 -20.00
 ABUNDANCE CHANGE 99 -20.00
 ABUNDANCE TABLE
    1H   0.921400       2He  0.078430
    3Li-10.880 0.000    4Be-10.890 0.000    5B  -9.440 0.000    6C  -3.480 0.000    7N  -3.990 0.000
    8O  -3.110 0.000    9F  -7.480 0.000   10Ne -3.950 0.000   11Na -5.710 0.000   12Mg -4.160 0.000
   13Al -5.570 0.000   14Si -4.490 0.000   15P  -6.590 0.000   16S  -4.830 0.000   17Cl -6.540 0.000
   18Ar -5.480 0.000   19K  -6.820 0.000   20Ca -5.680 0.000   21Sc -8.940 0.000   22Ti -7.050 0.000
   23V  -8.040 0.000   24Cr -6.370 0.000   25Mn -6.650 0.000   26Fe -4.530 0.000   27Co -7.120 0.000
   28Ni -5.790 0.000   29Cu -7.830 0.000   30Zn -7.440 0.000   31Ga -9.160 0.000   32Ge -8.630 0.000
   33As -9.670 0.000   34Se -8.630 0.000   35Br -9.410 0.000   36Kr -8.810 0.000   37Rb -9.440 0.000
   38Sr -9.140 0.000   39Y  -9.800 0.000   40Zr -9.540 0.000   41Nb-10.620 0.000   42Mo-10.120 0.000
   43Tc-20.000 0.000   44Ru-10.200 0.000   45Rh-10.920 0.000   46Pd-10.350 0.000   47Ag-11.100 0.000
   48Cd-10.180 0.000   49In-10.580 0.000   50Sn-10.040 0.000   51Sb-11.040 0.000   52Te -9.800 0.000
   53I -10.530 0.000   54Xe -9.810 0.000   55Cs-10.920 0.000   56Ba -9.910 0.000   57La-10.820 0.000
   58Ce-10.490 0.000   59Pr-11.330 0.000   60Nd-10.540 0.000   61Pm-20.000 0.000   62Sm-11.040 0.000
   63Eu-11.530 0.000   64Gd-10.920 0.000   65Tb-11.940 0.000   66Dy-10.940 0.000   67Ho-11.780 0.000
   68Er-11.110 0.000   69Tm-12.040 0.000   70Yb-10.960 0.000   71Lu-11.280 0.000   72Hf-11.160 0.000
   73Ta-11.910 0.000   74W -10.930 0.000   75Re-11.770 0.000   76Os-10.590 0.000   77Ir-10.690 0.000
   78Pt-10.240 0.000   79Au-11.030 0.000   80Hg-10.850 0.000   81Tl-11.140 0.000   82Pb-10.190 0.000
   83Bi-11.330 0.000   84Po-20.000 0.000   85At-20.000 0.000   86Rn-20.000 0.000   87Fr-20.000 0.000
   88Ra-20.000 0.000   89Ac-20.000 0.000   90Th-11.920 0.000   91Pa-20.000 0.000   92U -12.510 0.000
   93NP-20.000 0.000   94Pu-20.000 0.000   95Am-20.000 0.000   96Cm-20.000 0.000   97Bk-20.000 0.000
   98Cf-20.000 0.000   99Es-20.000 0.000
READ DECK6 72 RHOX,T,P,XNE,ABROSS,ACCRAD,VTURB
 5.47330860E-07   6434.0 2.157E-02 9.832E+09 2.437E-01 4.034E+02 1.000E+05 0.000E+00 0.000E+00
 7.29554744E-07   6492.2 2.875E-02 1.291E+10 2.446E-01 3.916E+02 1.000E+05 0.000E+00 0.000E+00
 9.71973955E-07   6546.6 3.830E-02 1.690E+10 2.448E-01 3.780E+02 1.000E+05 0.000E+00 0.000E+00
 1.29362048E-06   6607.2 5.099E-02 2.216E+10 2.470E-01 3.612E+02 1.000E+05 0.000E+00 7.002E+07
 1.71779838E-06   6671.1 6.772E-02 2.901E+10 2.504E-01 3.435E+02 1.000E+05 0.000E+00 5.388E+07
 2.27460439E-06   6736.8 8.971E-02 3.791E+10 2.548E-01 3.263E+02 1.000E+05 0.000E+00 4.110E+07
 3.00278185E-06   6803.3 1.185E-01 4.938E+10 2.602E-01 3.115E+02 1.000E+05 0.000E+00 3.134E+07
 3.95154493E-06   6871.1 1.559E-01 6.415E+10 2.669E-01 2.986E+02 1.000E+05 0.000E+00 2.404E+07
 5.18187202E-06   6940.8 2.046E-01 8.310E+10 2.752E-01 2.869E+02 1.000E+05 0.000E+00 1.852E+07
 6.76874469E-06   7012.7 2.673E-01 1.073E+11 2.853E-01 2.769E+02 1.000E+05 0.000E+00 1.434E+07
 8.80297345E-06   7087.5 3.477E-01 1.382E+11 2.977E-01 2.681E+02 1.000E+05 0.000E+00 1.116E+07
 1.13926478E-05   7165.7 4.501E-01 1.772E+11 3.129E-01 2.590E+02 1.000E+05 0.000E+00 8.672E+06
 1.46676088E-05   7246.4 5.797E-01 2.264E+11 3.310E-01 2.502E+02 1.000E+05 0.000E+00 6.705E+06
 1.87835495E-05   7329.5 7.425E-01 2.880E+11 3.522E-01 2.422E+02 1.000E+05 0.000E+00 5.162E+06
 2.39251951E-05   7415.1 9.460E-01 3.646E+11 3.771E-01 2.346E+02 1.000E+05 0.000E+00 3.945E+06
 3.03106703E-05   7503.2 1.199E+00 4.595E+11 4.060E-01 2.273E+02 1.000E+05 0.000E+00 2.985E+06
 3.81969347E-05   7593.7 1.511E+00 5.763E+11 4.395E-01 2.197E+02 1.000E+05 0.000E+00 2.235E+06
 4.78901444E-05   7685.6 1.895E+00 7.193E+11 4.777E-01 2.112E+02 1.000E+05 0.000E+00 1.604E+06
 5.97604048E-05   7777.3 2.365E+00 8.932E+11 5.210E-01 2.023E+02 1.000E+05 0.000E+00 1.096E+06
 7.42598807E-05   7866.9 2.939E+00 1.104E+12 5.693E-01 1.934E+02 1.000E+05 0.000E+00 7.097E+05
 9.19396177E-05   7953.1 3.640E+00 1.357E+12 6.231E-01 1.860E+02 1.000E+05 0.000E+00 4.287E+05
 1.13459304E-04   8035.9 4.492E+00 1.662E+12 6.833E-01 1.802E+02 1.000E+05 0.000E+00 2.393E+05
 1.39603725E-04   8114.8 5.529E+00 2.027E+12 7.507E-01 1.762E+02 1.000E+05 0.000E+00 1.244E+05
 1.71292343E-04   8191.7 6.785E+00 2.465E+12 8.270E-01 1.740E+02 1.000E+05 0.000E+00 6.358E+04
 2.09589863E-04   8266.9 8.303E+00 2.987E+12 9.139E-01 1.734E+02 1.000E+05 0.000E+00 3.086E+04
 2.55735963E-04   8341.5 1.013E+01 3.610E+12 1.013E+00 1.737E+02 1.000E+05 0.000E+00 1.334E+04
 3.11178933E-04   8415.1 1.233E+01 4.350E+12 1.126E+00 1.750E+02 1.000E+05 0.000E+00 3.846E+03
 3.77621207E-04   8487.8 1.496E+01 5.226E+12 1.254E+00 1.770E+02 1.000E+05 0.000E+00 0.000E+00
 4.57073376E-04   8558.7 1.811E+01 6.260E+12 1.400E+00 1.799E+02 1.000E+05 0.000E+00 0.000E+00
 5.51933499E-04   8627.0 2.187E+01 7.477E+12 1.564E+00 1.838E+02 1.000E+05 0.000E+00 0.000E+00
 6.65061138E-04   8692.4 2.635E+01 8.907E+12 1.750E+00 1.891E+02 1.000E+05 0.000E+00 0.000E+00
 7.99868579E-04   8754.5 3.169E+01 1.058E+13 1.959E+00 1.961E+02 1.000E+05 0.000E+00 0.000E+00
 9.60413596E-04   8813.9 3.805E+01 1.254E+13 2.194E+00 2.048E+02 1.000E+05 0.000E+00 0.000E+00
 1.15151942E-03   8870.8 4.562E+01 1.483E+13 2.458E+00 2.155E+02 1.000E+05 0.000E+00 0.000E+00
 1.37887053E-03   8926.7 5.462E+01 1.751E+13 2.756E+00 2.281E+02 1.000E+05 0.000E+00 0.000E+00
 1.64921452E-03   8981.4 6.532E+01 2.064E+13 3.092E+00 2.426E+02 1.000E+05 0.000E+00 0.000E+00
 1.97055551E-03   9036.0 7.803E+01 2.429E+13 3.469E+00 2.595E+02 1.000E+05 0.000E+00 0.000E+00
 2.35229571E-03   9091.4 9.313E+01 2.855E+13 3.896E+00 2.788E+02 1.000E+05 0.000E+00 0.000E+00
 2.80541053E-03   9148.9 1.110E+02 3.354E+13 4.379E+00 3.008E+02 1.000E+05 0.000E+00 0.000E+00
 3.34265167E-03   9209.7 1.323E+02 3.939E+13 4.928E+00 3.257E+02 1.000E+05 0.000E+00 0.000E+00
 3.97867321E-03   9275.2 1.574E+02 4.625E+13 5.556E+00 3.542E+02 1.000E+05 0.000E+00 0.000E+00
 4.73008579E-03   9347.7 1.870E+02 5.433E+13 6.279E+00 3.867E+02 1.000E+05 0.000E+00 0.000E+00
 5.61557104E-03   9428.9 2.219E+02 6.387E+13 7.115E+00 4.234E+02 1.000E+05 0.000E+00 0.000E+00
 6.65621782E-03   9520.8 2.629E+02 7.515E+13 8.084E+00 4.654E+02 1.000E+05 0.000E+00 0.000E+00
 7.87564577E-03   9626.5 3.108E+02 8.852E+13 9.212E+00 5.132E+02 1.000E+05 6.916E-04 0.000E+00
 9.30095722E-03   9749.0 3.668E+02 1.044E+14 1.052E+01 5.675E+02 1.000E+05 7.417E-03 1.352E+02
 1.09645105E-02   9891.6 4.320E+02 1.233E+14 1.202E+01 6.277E+02 1.000E+05 2.607E-02 2.674E+02
 1.29071571E-02  10058.2 5.081E+02 1.457E+14 1.371E+01 6.935E+02 1.000E+05 4.876E-02 3.362E+02
 1.51842521E-02  10252.7 5.971E+02 1.722E+14 1.555E+01 7.623E+02 1.000E+05 5.815E-02 3.479E+02
 1.78751492E-02  10480.3 7.020E+02 2.035E+14 1.745E+01 8.304E+02 1.000E+05 4.814E-02 3.140E+02
 2.10971105E-02  10746.0 8.275E+02 2.404E+14 1.928E+01 8.926E+02 1.000E+05 2.862E-02 2.510E+02
 2.50266631E-02  11055.7 9.803E+02 2.838E+14 2.087E+01 9.423E+02 1.000E+05 1.227E-02 1.779E+02
 2.99305244E-02  11415.3 1.171E+03 3.355E+14 2.203E+01 9.739E+02 1.000E+05 3.720E-03 1.106E+02
 3.62088665E-02  11831.5 1.415E+03 3.980E+14 2.266E+01 9.846E+02 1.000E+05 7.543E-04 5.750E+01
 4.44556512E-02  12311.7 1.735E+03 4.752E+14 2.274E+01 9.750E+02 1.000E+05 8.714E-05 1.940E+01
 5.55458797E-02  12862.8 2.166E+03 5.732E+14 2.233E+01 9.485E+02 1.000E+05 3.033E-06 0.000E+00
 7.07438512E-02  13494.2 2.757E+03 7.001E+14 2.156E+01 9.097E+02 1.000E+05 0.000E+00 0.000E+00
 9.18306361E-02  14209.3 3.577E+03 8.672E+14 2.066E+01 8.661E+02 1.000E+05 0.000E+00 0.000E+00
 1.21203751E-01  15016.8 4.722E+03 1.088E+15 1.979E+01 8.219E+02 1.000E+05 0.000E+00 0.000E+00
 1.61837703E-01  15909.3 6.307E+03 1.380E+15 1.921E+01 7.866E+02 1.000E+05 1.437E-05 0.000E+00
 2.17196815E-01  16891.0 8.468E+03 1.760E+15 1.895E+01 7.635E+02 1.000E+05 6.102E-05 2.246E+01
 2.91429321E-01  17957.1 1.137E+04 2.244E+15 1.895E+01 7.538E+02 1.000E+05 7.894E-05 2.762E+01
 3.90275077E-01  19125.1 1.523E+04 2.845E+15 1.900E+01 7.494E+02 1.000E+05 3.229E-05 0.000E+00
 5.21610483E-01  20398.0 2.036E+04 3.584E+15 1.909E+01 7.489E+02 1.000E+05 0.000E+00 0.000E+00
 6.95502077E-01  21790.9 2.715E+04 4.486E+15 1.928E+01 7.527E+02 1.000E+05 0.000E+00 0.000E+00
 9.24294846E-01  23304.5 3.609E+04 5.583E+15 1.960E+01 7.618E+02 1.000E+05 0.000E+00 0.000E+00
 1.22343681E+00  24952.5 4.776E+04 6.908E+15 2.005E+01 7.744E+02 1.000E+05 0.000E+00 0.000E+00
 1.61237851E+00  26734.6 6.294E+04 8.500E+15 2.062E+01 7.899E+02 1.000E+05 0.000E+00 0.000E+00
 2.11410258E+00  28669.6 8.252E+04 1.039E+16 2.144E+01 8.113E+02 1.000E+05 0.000E+00 0.000E+00
 2.75242232E+00  30754.0 1.074E+05 1.262E+16 2.265E+01 8.438E+02 1.000E+05 0.000E+00 0.000E+00
 3.55142161E+00  33017.6 1.385E+05 1.516E+16 2.432E+01 8.849E+02 1.000E+05 0.000E+00 0.000E+00
 4.53519147E+00  35449.5 1.768E+05 1.803E+16 2.653E+01 8.789E+02 1.000E+05 0.000E+00 0.000E+00
PRADK 2.8097E+01
BEGIN                    ITERATION  60 COMPLETED
