TEFF  30000.  GRAVITY 4.60000 LTE 
TITLE ATLAS12                                                                   
 OPACITY IFOP 1 1 1 1 1 1 1 1 1 1 1 1 1 0 1 0 1 0 0 0
 CONVECTION ON   1.25 TURBULENCE OFF  0.00  0.00  0.00  0.00
ABUNDANCE SCALE   1.00000 ABUNDANCE CHANGE 1 0.92140 2 0.07843
 ABUNDANCE CHANGE  3 -10.88  4 -10.89  5  -9.44  6  -3.48  7  -3.99  8  -3.11
 ABUNDANCE CHANGE  9  -7.48 10  -3.95 11  -5.71 12  -4.16 13  -5.57 14  -4.49
 ABUNDANCE CHANGE 15  -6.59 16  -4.83 17  -6.54 18  -5.48 19  -6.82 20  -5.68
 ABUNDANCE CHANGE 21  -8.94 22  -7.05 23  -8.04 24  -6.37 25  -6.65 26  -4.53
 ABUNDANCE CHANGE 27  -7.12 28  -5.79 29  -7.83 30  -7.44 31  -9.16 32  -8.63
 ABUNDANCE CHANGE 33  -9.67 34  -8.63 35  -9.41 36  -8.81 37  -9.44 38  -9.14
 ABUNDANCE CHANGE 39  -9.80 40  -9.54 41 -10.62 42 -10.12 43 -20.00 44 -10.20
 ABUNDANCE CHANGE 45 -10.92 46 -10.35 47 -11.10 48 -10.18 49 -10.58 50 -10.04
 ABUNDANCE CHANGE 51 -11.04 52  -9.80 53 -10.53 54  -9.81 55 -10.92 56  -9.91
 ABUNDANCE CHANGE 57 -10.82 58 -10.49 59 -11.33 60 -10.54 61 -20.00 62 -11.04
 ABUNDANCE CHANGE 63 -11.53 64 -10.92 65 -11.94 66 -10.94 67 -11.78 68 -11.11
 ABUNDANCE CHANGE 69 -12.04 70 -10.96 71 -11.28 72 -11.16 73 -11.91 74 -10.93
 ABUNDANCE CHANGE 75 -11.77 76 -10.59 77 -10.69 78 -10.24 79 -11.03 80 -10.85
 ABUNDANCE CHANGE 81 -11.14 82 -10.19 83 -11.33 84 -20.00 85 -20.00 86 -20.00
 ABUNDANCE CHANGE 87 -20.00 88 -20.00 89 -20.00 90 -11.92 91 -20.00 92 -12.51
 ABUNDANCE CHANGE 93 -20.00 94 -20.00 95 -20.00 96 -20.00 97 -20.00 98 -20.00
 ABUNDANCE CHANGE 99 -20.00
 ABUNDANCE TABLE
    1H   0.921400       2He  0.078430
    3Li-10.880 0.000    4Be-10.890 0.000    5B  -9.440 0.000    6C  -3.480 0.000    7N  -3.990 0.000
    8O  -3.110 0.000    9F  -7.480 0.000   10Ne -3.950 0.000   11Na -5.710 0.000   12Mg -4.160 0.000
   13Al -5.570 0.000   14Si -4.490 0.000   15P  -6.590 0.000   16S  -4.830 0.000   17Cl -6.540 0.000
   18Ar -5.480 0.000   19K  -6.820 0.000   20Ca -5.680 0.000   21Sc -8.940 0.000   22Ti -7.050 0.000
   23V  -8.040 0.000   24Cr -6.370 0.000   25Mn -6.650 0.000   26Fe -4.530 0.000   27Co -7.120 0.000
   28Ni -5.790 0.000   29Cu -7.830 0.000   30Zn -7.440 0.000   31Ga -9.160 0.000   32Ge -8.630 0.000
   33As -9.670 0.000   34Se -8.630 0.000   35Br -9.410 0.000   36Kr -8.810 0.000   37Rb -9.440 0.000
   38Sr -9.140 0.000   39Y  -9.800 0.000   40Zr -9.540 0.000   41Nb-10.620 0.000   42Mo-10.120 0.000
   43Tc-20.000 0.000   44Ru-10.200 0.000   45Rh-10.920 0.000   46Pd-10.350 0.000   47Ag-11.100 0.000
   48Cd-10.180 0.000   49In-10.580 0.000   50Sn-10.040 0.000   51Sb-11.040 0.000   52Te -9.800 0.000
   53I -10.530 0.000   54Xe -9.810 0.000   55Cs-10.920 0.000   56Ba -9.910 0.000   57La-10.820 0.000
   58Ce-10.490 0.000   59Pr-11.330 0.000   60Nd-10.540 0.000   61Pm-20.000 0.000   62Sm-11.040 0.000
   63Eu-11.530 0.000   64Gd-10.920 0.000   65Tb-11.940 0.000   66Dy-10.940 0.000   67Ho-11.780 0.000
   68Er-11.110 0.000   69Tm-12.040 0.000   70Yb-10.960 0.000   71Lu-11.280 0.000   72Hf-11.160 0.000
   73Ta-11.910 0.000   74W -10.930 0.000   75Re-11.770 0.000   76Os-10.590 0.000   77Ir-10.690 0.000
   78Pt-10.240 0.000   79Au-11.030 0.000   80Hg-10.850 0.000   81Tl-11.140 0.000   82Pb-10.190 0.000
   83Bi-11.330 0.000   84Po-20.000 0.000   85At-20.000 0.000   86Rn-20.000 0.000   87Fr-20.000 0.000
   88Ra-20.000 0.000   89Ac-20.000 0.000   90Th-11.920 0.000   91Pa-20.000 0.000   92U -12.510 0.000
   93NP-20.000 0.000   94Pu-20.000 0.000   95Am-20.000 0.000   96Cm-20.000 0.000   97Bk-20.000 0.000
   98Cf-20.000 0.000   99Es-20.000 0.000
READ DECK6 72 RHOX,T,P,XNE,ABROSS,ACCRAD,VTURB
 3.93928659E-07  14565.5 1.389E-02 3.455E+09 3.385E-01 4.557E+03 1.000E+05 0.000E+00 0.000E+00
 5.24991420E-07  14612.8 1.849E-02 4.584E+09 3.402E-01 4.869E+03 1.000E+05 0.000E+00 0.000E+00
 6.98922296E-07  14693.1 2.456E-02 6.056E+09 3.418E-01 4.953E+03 1.000E+05 0.000E+00 0.000E+00
 9.29740112E-07  14792.8 3.261E-02 7.987E+09 3.435E-01 4.906E+03 1.000E+05 0.000E+00 3.090E+09
 1.23596961E-06  14904.8 4.331E-02 1.053E+10 3.453E-01 4.821E+03 1.000E+05 0.000E+00 2.459E+09
 1.64219557E-06  15030.2 5.755E-02 1.387E+10 3.471E-01 4.716E+03 1.000E+05 0.000E+00 1.944E+09
 2.18093762E-06  15167.7 7.649E-02 1.827E+10 3.491E-01 4.586E+03 1.000E+05 0.000E+00 1.522E+09
 2.89518556E-06  15317.0 1.017E-01 2.406E+10 3.512E-01 4.436E+03 1.000E+05 0.000E+00 1.183E+09
 3.84192410E-06  15477.0 1.353E-01 3.167E+10 3.534E-01 4.254E+03 1.000E+05 0.000E+00 9.096E+08
 5.09620049E-06  15645.4 1.800E-01 4.169E+10 3.557E-01 4.049E+03 1.000E+05 0.000E+00 6.901E+08
 6.75714768E-06  15818.8 2.396E-01 5.488E+10 3.583E-01 3.827E+03 1.000E+05 0.000E+00 5.152E+08
 8.95561557E-06  15994.1 3.190E-01 7.225E+10 3.611E-01 3.604E+03 1.000E+05 0.000E+00 3.784E+08
 1.18636810E-05  16168.9 4.246E-01 9.513E+10 3.642E-01 3.397E+03 1.000E+05 0.000E+00 2.732E+08
 1.57074778E-05  16341.6 5.649E-01 1.252E+11 3.676E-01 3.211E+03 1.000E+05 0.000E+00 1.933E+08
 2.07838056E-05  16510.9 7.511E-01 1.648E+11 3.713E-01 3.056E+03 1.000E+05 0.000E+00 1.334E+08
 2.74809128E-05  16676.0 9.977E-01 2.167E+11 3.755E-01 2.943E+03 1.000E+05 0.000E+00 8.975E+07
 3.63079526E-05  16840.1 1.324E+00 2.847E+11 3.801E-01 2.869E+03 1.000E+05 0.000E+00 5.912E+07
 4.79293925E-05  17007.2 1.753E+00 3.734E+11 3.852E-01 2.830E+03 1.000E+05 0.000E+00 3.838E+07
 6.32114041E-05  17183.4 2.318E+00 4.888E+11 3.908E-01 2.799E+03 1.000E+05 0.000E+00 2.473E+07
 8.32839637E-05  17373.0 3.062E+00 6.384E+11 3.970E-01 2.759E+03 1.000E+05 0.000E+00 1.549E+07
 1.09613782E-04  17576.8 4.038E+00 8.322E+11 4.039E-01 2.697E+03 1.000E+05 0.000E+00 9.404E+06
 1.44101926E-04  17792.8 5.320E+00 1.083E+12 4.115E-01 2.612E+03 1.000E+05 0.000E+00 5.470E+06
 1.89198937E-04  18015.9 6.999E+00 1.407E+12 4.200E-01 2.514E+03 1.000E+05 0.000E+00 3.052E+06
 2.48052522E-04  18241.3 9.197E+00 1.826E+12 4.297E-01 2.416E+03 1.000E+05 0.000E+00 1.694E+06
 3.24670713E-04  18466.0 1.207E+01 2.367E+12 4.407E-01 2.330E+03 1.000E+05 0.000E+00 9.264E+05
 4.24145748E-04  18688.6 1.580E+01 3.062E+12 4.533E-01 2.258E+03 1.000E+05 0.000E+00 4.964E+05
 5.52901619E-04  18907.7 2.064E+01 3.953E+12 4.677E-01 2.203E+03 1.000E+05 0.000E+00 2.627E+05
 7.19008924E-04  19122.6 2.689E+01 5.092E+12 4.843E-01 2.161E+03 1.000E+05 0.000E+00 1.370E+05
 9.32519650E-04  19331.0 3.493E+01 6.544E+12 5.033E-01 2.138E+03 1.000E+05 0.000E+00 6.983E+04
 1.20588446E-03  19531.0 4.523E+01 8.386E+12 5.253E-01 2.139E+03 1.000E+05 0.000E+00 3.467E+04
 1.55439979E-03  19722.2 5.835E+01 1.071E+13 5.506E-01 2.169E+03 1.000E+05 0.000E+00 1.677E+04
 1.99683729E-03  19907.4 7.499E+01 1.364E+13 5.795E-01 2.228E+03 1.000E+05 0.000E+00 7.968E+03
 2.55623499E-03  20092.0 9.600E+01 1.730E+13 6.123E-01 2.307E+03 1.000E+05 0.000E+00 3.639E+03
 3.26088128E-03  20277.9 1.224E+02 2.185E+13 6.494E-01 2.407E+03 1.000E+05 0.000E+00 1.504E+03
 4.14535090E-03  20469.9 1.554E+02 2.749E+13 6.910E-01 2.523E+03 1.000E+05 0.000E+00 4.894E+02
 5.25214564E-03  20671.5 1.966E+02 3.443E+13 7.373E-01 2.649E+03 1.000E+05 0.000E+00 2.723E+00
 6.63325281E-03  20883.0 2.478E+02 4.296E+13 7.889E-01 2.790E+03 1.000E+05 0.000E+00 0.000E+00
 8.35274484E-03  21110.9 3.114E+02 5.339E+13 8.458E-01 2.940E+03 1.000E+05 0.000E+00 0.000E+00
 1.04896240E-02  21357.3 3.900E+02 6.609E+13 9.083E-01 3.099E+03 1.000E+05 0.000E+00 0.000E+00
 1.31418827E-02  21628.3 4.871E+02 8.152E+13 9.762E-01 3.263E+03 1.000E+05 0.000E+00 0.000E+00
 1.64317462E-02  21928.8 6.071E+02 1.002E+14 1.050E+00 3.425E+03 1.000E+05 0.000E+00 0.000E+00
 2.05111899E-02  22263.5 7.552E+02 1.228E+14 1.129E+00 3.580E+03 1.000E+05 0.000E+00 0.000E+00
 2.55712765E-02  22635.4 9.381E+02 1.500E+14 1.213E+00 3.727E+03 1.000E+05 0.000E+00 0.000E+00
 3.18489811E-02  23048.3 1.164E+03 1.828E+14 1.304E+00 3.869E+03 1.000E+05 0.000E+00 0.000E+00
 3.96391341E-02  23506.0 1.444E+03 2.222E+14 1.401E+00 4.012E+03 1.000E+05 0.000E+00 0.000E+00
 4.93055138E-02  24014.3 1.789E+03 2.696E+14 1.506E+00 4.162E+03 1.000E+05 0.000E+00 0.000E+00
 6.12995077E-02  24580.1 2.215E+03 3.262E+14 1.619E+00 4.323E+03 1.000E+05 0.000E+00 0.000E+00
 7.61798215E-02  25212.9 2.742E+03 3.936E+14 1.740E+00 4.499E+03 1.000E+05 0.000E+00 0.000E+00
 9.46431578E-02  25923.2 3.392E+03 4.735E+14 1.870E+00 4.688E+03 1.000E+05 0.000E+00 0.000E+00
 1.17538727E-01  26721.6 4.194E+03 5.680E+14 2.012E+00 4.891E+03 1.000E+05 0.000E+00 0.000E+00
 1.45885263E-01  27618.6 5.181E+03 6.788E+14 2.170E+00 5.105E+03 1.000E+05 0.000E+00 0.000E+00
 1.80895053E-01  28621.6 6.392E+03 8.082E+14 2.346E+00 5.332E+03 1.000E+05 0.000E+00 0.000E+00
 2.24001921E-01  29736.0 7.873E+03 9.583E+14 2.545E+00 5.574E+03 1.000E+05 0.000E+00 0.000E+00
 2.76846141E-01  30965.6 9.675E+03 1.131E+15 2.775E+00 5.842E+03 1.000E+05 0.000E+00 0.000E+00
 3.41332786E-01  32316.6 1.186E+04 1.329E+15 3.039E+00 6.152E+03 1.000E+05 0.000E+00 0.000E+00
 4.19686817E-01  33800.4 1.448E+04 1.554E+15 3.342E+00 6.503E+03 1.000E+05 3.619E-09 0.000E+00
 5.14547091E-01  35425.2 1.762E+04 1.810E+15 3.685E+00 6.857E+03 1.000E+05 2.756E-05 1.549E+00
 6.29347910E-01  37192.7 2.139E+04 2.102E+15 4.053E+00 7.153E+03 1.000E+05 3.108E-04 2.838E+01
 7.69151667E-01  39080.9 2.593E+04 2.441E+15 4.413E+00 7.392E+03 1.000E+05 8.492E-04 5.646E+01
 9.42329441E-01  41123.3 3.153E+04 2.840E+15 4.695E+00 7.519E+03 1.000E+05 8.902E-04 5.812E+01
 1.16250294E+00  43328.9 3.864E+04 3.321E+15 4.861E+00 7.547E+03 1.000E+05 3.381E-04 2.013E+01
 1.44978555E+00  45766.8 4.791E+04 3.914E+15 4.914E+00 7.505E+03 1.000E+05 1.392E-05 0.000E+00
 1.83246857E+00  48471.5 6.029E+04 4.661E+15 4.878E+00 7.401E+03 1.000E+05 0.000E+00 0.000E+00
 2.35131549E+00  51496.5 7.716E+04 5.621E+15 4.761E+00 7.223E+03 1.000E+05 0.000E+00 0.000E+00
 3.06489943E+00  54858.2 1.005E+05 6.878E+15 4.587E+00 6.979E+03 1.000E+05 0.000E+00 0.000E+00
 4.05620419E+00  58573.9 1.332E+05 8.541E+15 4.395E+00 6.709E+03 1.000E+05 0.000E+00 0.000E+00
 5.43419607E+00  62655.7 1.790E+05 1.073E+16 4.227E+00 6.459E+03 1.000E+05 0.000E+00 0.000E+00
 7.33450980E+00  67088.7 2.425E+05 1.359E+16 4.112E+00 6.286E+03 1.000E+05 0.000E+00 0.000E+00
 9.91813353E+00  71910.1 3.293E+05 1.721E+16 4.066E+00 6.212E+03 1.000E+05 0.000E+00 0.000E+00
 1.33687536E+01  77097.3 4.452E+05 2.170E+16 4.095E+00 6.253E+03 1.000E+05 0.000E+00 0.000E+00
 1.79020436E+01  82739.0 5.970E+05 2.712E+16 4.188E+00 6.387E+03 1.000E+05 0.000E+00 0.000E+00
 2.37507866E+01  88779.6 7.921E+05 3.354E+16 4.365E+00 6.529E+03 1.000E+05 0.000E+00 0.000E+00
PRADK 1.0862E+03
BEGIN                    ITERATION  60 COMPLETED
