TEFF  20000.  GRAVITY 4.60000 LTE 
TITLE ATLAS12                                                                   
 OPACITY IFOP 1 1 1 1 1 1 1 1 1 1 1 1 1 0 1 0 1 0 0 0
 CONVECTION ON   1.25 TURBULENCE OFF  0.00  0.00  0.00  0.00
ABUNDANCE SCALE   1.00000 ABUNDANCE CHANGE 1 0.92140 2 0.07843
 ABUNDANCE CHANGE  3 -10.88  4 -10.89  5  -9.44  6  -3.48  7  -3.99  8  -3.11
 ABUNDANCE CHANGE  9  -7.48 10  -3.95 11  -5.71 12  -4.16 13  -5.57 14  -4.49
 ABUNDANCE CHANGE 15  -6.59 16  -4.83 17  -6.54 18  -5.48 19  -6.82 20  -5.68
 ABUNDANCE CHANGE 21  -8.94 22  -7.05 23  -8.04 24  -6.37 25  -6.65 26  -4.53
 ABUNDANCE CHANGE 27  -7.12 28  -5.79 29  -7.83 30  -7.44 31  -9.16 32  -8.63
 ABUNDANCE CHANGE 33  -9.67 34  -8.63 35  -9.41 36  -8.81 37  -9.44 38  -9.14
 ABUNDANCE CHANGE 39  -9.80 40  -9.54 41 -10.62 42 -10.12 43 -20.00 44 -10.20
 ABUNDANCE CHANGE 45 -10.92 46 -10.35 47 -11.10 48 -10.18 49 -10.58 50 -10.04
 ABUNDANCE CHANGE 51 -11.04 52  -9.80 53 -10.53 54  -9.81 55 -10.92 56  -9.91
 ABUNDANCE CHANGE 57 -10.82 58 -10.49 59 -11.33 60 -10.54 61 -20.00 62 -11.04
 ABUNDANCE CHANGE 63 -11.53 64 -10.92 65 -11.94 66 -10.94 67 -11.78 68 -11.11
 ABUNDANCE CHANGE 69 -12.04 70 -10.96 71 -11.28 72 -11.16 73 -11.91 74 -10.93
 ABUNDANCE CHANGE 75 -11.77 76 -10.59 77 -10.69 78 -10.24 79 -11.03 80 -10.85
 ABUNDANCE CHANGE 81 -11.14 82 -10.19 83 -11.33 84 -20.00 85 -20.00 86 -20.00
 ABUNDANCE CHANGE 87 -20.00 88 -20.00 89 -20.00 90 -11.92 91 -20.00 92 -12.51
 ABUNDANCE CHANGE 93 -20.00 94 -20.00 95 -20.00 96 -20.00 97 -20.00 98 -20.00
 ABUNDANCE CHANGE 99 -20.00
 ABUNDANCE TABLE
    1H   0.921400       2He  0.078430
    3Li-10.880 0.000    4Be-10.890 0.000    5B  -9.440 0.000    6C  -3.480 0.000    7N  -3.990 0.000
    8O  -3.110 0.000    9F  -7.480 0.000   10Ne -3.950 0.000   11Na -5.710 0.000   12Mg -4.160 0.000
   13Al -5.570 0.000   14Si -4.490 0.000   15P  -6.590 0.000   16S  -4.830 0.000   17Cl -6.540 0.000
   18Ar -5.480 0.000   19K  -6.820 0.000   20Ca -5.680 0.000   21Sc -8.940 0.000   22Ti -7.050 0.000
   23V  -8.040 0.000   24Cr -6.370 0.000   25Mn -6.650 0.000   26Fe -4.530 0.000   27Co -7.120 0.000
   28Ni -5.790 0.000   29Cu -7.830 0.000   30Zn -7.440 0.000   31Ga -9.160 0.000   32Ge -8.630 0.000
   33As -9.670 0.000   34Se -8.630 0.000   35Br -9.410 0.000   36Kr -8.810 0.000   37Rb -9.440 0.000
   38Sr -9.140 0.000   39Y  -9.800 0.000   40Zr -9.540 0.000   41Nb-10.620 0.000   42Mo-10.120 0.000
   43Tc-20.000 0.000   44Ru-10.200 0.000   45Rh-10.920 0.000   46Pd-10.350 0.000   47Ag-11.100 0.000
   48Cd-10.180 0.000   49In-10.580 0.000   50Sn-10.040 0.000   51Sb-11.040 0.000   52Te -9.800 0.000
   53I -10.530 0.000   54Xe -9.810 0.000   55Cs-10.920 0.000   56Ba -9.910 0.000   57La-10.820 0.000
   58Ce-10.490 0.000   59Pr-11.330 0.000   60Nd-10.540 0.000   61Pm-20.000 0.000   62Sm-11.040 0.000
   63Eu-11.530 0.000   64Gd-10.920 0.000   65Tb-11.940 0.000   66Dy-10.940 0.000   67Ho-11.780 0.000
   68Er-11.110 0.000   69Tm-12.040 0.000   70Yb-10.960 0.000   71Lu-11.280 0.000   72Hf-11.160 0.000
   73Ta-11.910 0.000   74W -10.930 0.000   75Re-11.770 0.000   76Os-10.590 0.000   77Ir-10.690 0.000
   78Pt-10.240 0.000   79Au-11.030 0.000   80Hg-10.850 0.000   81Tl-11.140 0.000   82Pb-10.190 0.000
   83Bi-11.330 0.000   84Po-20.000 0.000   85At-20.000 0.000   86Rn-20.000 0.000   87Fr-20.000 0.000
   88Ra-20.000 0.000   89Ac-20.000 0.000   90Th-11.920 0.000   91Pa-20.000 0.000   92U -12.510 0.000
   93NP-20.000 0.000   94Pu-20.000 0.000   95Am-20.000 0.000   96Cm-20.000 0.000   97Bk-20.000 0.000
   98Cf-20.000 0.000   99Es-20.000 0.000
READ DECK6 72 RHOX,T,P,XNE,ABROSS,ACCRAD,VTURB
 4.12252236E-07  10477.0 1.623E-02 5.551E+09 3.235E-01 4.469E+02 1.000E+05 0.000E+00 0.000E+00
 5.49675981E-07  10534.0 2.164E-02 7.353E+09 3.238E-01 4.537E+02 1.000E+05 0.000E+00 0.000E+00
 7.32698275E-07  10595.8 2.884E-02 9.734E+09 3.243E-01 4.569E+02 1.000E+05 0.000E+00 0.000E+00
 9.76261219E-07  10670.7 3.843E-02 1.287E+10 3.251E-01 4.563E+02 1.000E+05 0.000E+00 5.256E+08
 1.30006072E-06  10756.3 5.117E-02 1.699E+10 3.263E-01 4.535E+02 1.000E+05 0.000E+00 4.195E+08
 1.73011021E-06  10852.4 6.810E-02 2.241E+10 3.278E-01 4.470E+02 1.000E+05 0.000E+00 3.310E+08
 2.30063989E-06  10957.8 9.056E-02 2.951E+10 3.297E-01 4.366E+02 1.000E+05 0.000E+00 2.580E+08
 3.05670784E-06  11071.1 1.203E-01 3.881E+10 3.319E-01 4.225E+02 1.000E+05 0.000E+00 1.983E+08
 4.05762783E-06  11189.8 1.598E-01 5.099E+10 3.345E-01 4.041E+02 1.000E+05 0.000E+00 1.496E+08
 5.38124134E-06  11309.7 2.119E-01 6.693E+10 3.375E-01 3.807E+02 1.000E+05 0.000E+00 1.100E+08
 7.13003599E-06  11425.7 2.809E-01 8.781E+10 3.408E-01 3.560E+02 1.000E+05 0.000E+00 7.835E+07
 9.43789738E-06  11532.4 3.720E-01 1.152E+11 3.445E-01 3.318E+02 1.000E+05 0.000E+00 5.360E+07
 1.24802054E-05  11625.6 4.921E-01 1.511E+11 3.488E-01 3.127E+02 1.000E+05 0.000E+00 3.513E+07
 1.64839144E-05  11705.2 6.503E-01 1.981E+11 3.537E-01 3.015E+02 1.000E+05 0.000E+00 2.220E+07
 2.17418450E-05  11774.4 8.581E-01 2.595E+11 3.596E-01 2.986E+02 1.000E+05 0.000E+00 1.389E+07
 2.86256525E-05  11839.9 1.130E+00 3.394E+11 3.669E-01 3.015E+02 1.000E+05 0.000E+00 8.842E+06
 3.76064111E-05  11906.5 1.485E+00 4.429E+11 3.758E-01 3.077E+02 1.000E+05 0.000E+00 5.574E+06
 4.92722973E-05  11974.3 1.946E+00 5.764E+11 3.866E-01 3.155E+02 1.000E+05 0.000E+00 3.389E+06
 6.43554220E-05  12043.6 2.541E+00 7.475E+11 3.997E-01 3.259E+02 1.000E+05 0.000E+00 2.021E+06
 8.37580358E-05  12115.1 3.307E+00 9.660E+11 4.154E-01 3.391E+02 1.000E+05 0.000E+00 1.237E+06
 1.08581750E-04  12189.8 4.287E+00 1.243E+12 4.341E-01 3.548E+02 1.000E+05 0.000E+00 7.381E+05
 1.40165080E-04  12269.2 5.533E+00 1.593E+12 4.562E-01 3.728E+02 1.000E+05 0.000E+00 4.414E+05
 1.80133700E-04  12355.9 7.109E+00 2.030E+12 4.819E-01 3.913E+02 1.000E+05 0.000E+00 2.653E+05
 2.30457132E-04  12450.2 9.092E+00 2.576E+12 5.116E-01 4.097E+02 1.000E+05 0.000E+00 1.551E+05
 2.93510738E-04  12549.8 1.158E+01 3.252E+12 5.458E-01 4.276E+02 1.000E+05 0.000E+00 8.687E+04
 3.72144139E-04  12652.8 1.467E+01 4.087E+12 5.849E-01 4.467E+02 1.000E+05 0.000E+00 4.727E+04
 4.69777599E-04  12759.5 1.851E+01 5.112E+12 6.295E-01 4.673E+02 1.000E+05 0.000E+00 2.568E+04
 5.90509711E-04  12871.8 2.326E+01 6.366E+12 6.799E-01 4.877E+02 1.000E+05 0.000E+00 1.358E+04
 7.39296804E-04  12988.0 2.911E+01 7.895E+12 7.370E-01 5.095E+02 1.000E+05 0.000E+00 6.774E+03
 9.22055870E-04  13109.5 3.629E+01 9.751E+12 8.012E-01 5.313E+02 1.000E+05 0.000E+00 3.120E+03
 1.14595185E-03  13235.8 4.508E+01 1.200E+13 8.732E-01 5.524E+02 1.000E+05 0.000E+00 1.046E+03
 1.41950894E-03  13364.0 5.582E+01 1.472E+13 9.543E-01 5.741E+02 1.000E+05 0.000E+00 0.000E+00
 1.75285927E-03  13493.4 6.890E+01 1.799E+13 1.046E+00 5.969E+02 1.000E+05 0.000E+00 0.000E+00
 2.15793382E-03  13621.0 8.478E+01 2.193E+13 1.149E+00 6.234E+02 1.000E+05 0.000E+00 0.000E+00
 2.64885630E-03  13747.4 1.040E+02 2.666E+13 1.266E+00 6.533E+02 1.000E+05 0.000E+00 0.000E+00
 3.24223734E-03  13870.5 1.272E+02 3.232E+13 1.398E+00 6.896E+02 1.000E+05 0.000E+00 0.000E+00
 3.95760731E-03  13991.4 1.552E+02 3.908E+13 1.548E+00 7.328E+02 1.000E+05 0.000E+00 0.000E+00
 4.81825760E-03  14110.7 1.888E+02 4.714E+13 1.718E+00 7.848E+02 1.000E+05 0.000E+00 0.000E+00
 5.85194377E-03  14230.7 2.291E+02 5.672E+13 1.909E+00 8.462E+02 1.000E+05 0.000E+00 0.000E+00
 7.09245085E-03  14354.6 2.774E+02 6.807E+13 2.121E+00 9.174E+02 1.000E+05 0.000E+00 0.000E+00
 8.58126745E-03  14486.1 3.353E+02 8.152E+13 2.356E+00 9.980E+02 1.000E+05 0.000E+00 0.000E+00
 1.03701917E-02  14629.6 4.046E+02 9.744E+13 2.612E+00 1.088E+03 1.000E+05 0.000E+00 0.000E+00
 1.25242857E-02  14789.2 4.879E+02 1.163E+14 2.889E+00 1.185E+03 1.000E+05 0.000E+00 0.000E+00
 1.51263815E-02  14970.5 5.883E+02 1.386E+14 3.183E+00 1.290E+03 1.000E+05 0.000E+00 0.000E+00
 1.82832208E-02  15179.8 7.097E+02 1.651E+14 3.490E+00 1.399E+03 1.000E+05 0.000E+00 0.000E+00
 2.21340890E-02  15424.3 8.574E+02 1.966E+14 3.804E+00 1.511E+03 1.000E+05 0.000E+00 0.000E+00
 2.68624595E-02  15711.8 1.038E+03 2.341E+14 4.117E+00 1.621E+03 1.000E+05 0.000E+00 0.000E+00
 3.27126448E-02  16050.5 1.261E+03 2.791E+14 4.420E+00 1.728E+03 1.000E+05 0.000E+00 0.000E+00
 4.00132675E-02  16450.7 1.539E+03 3.332E+14 4.703E+00 1.826E+03 1.000E+05 0.000E+00 0.000E+00
 4.92096112E-02  16921.8 1.888E+03 3.986E+14 4.958E+00 1.916E+03 1.000E+05 0.000E+00 0.000E+00
 6.08681516E-02  17483.0 2.329E+03 4.775E+14 5.203E+00 1.995E+03 1.000E+05 0.000E+00 0.000E+00
 7.57489203E-02  18121.6 2.891E+03 5.733E+14 5.412E+00 2.052E+03 1.000E+05 0.000E+00 0.000E+00
 9.49090285E-02  18849.8 3.615E+03 6.904E+14 5.587E+00 2.091E+03 1.000E+05 0.000E+00 0.000E+00
 1.19695050E-01  19674.8 4.549E+03 8.336E+14 5.754E+00 2.120E+03 1.000E+05 0.000E+00 0.000E+00
 1.51823572E-01  20599.5 5.760E+03 1.009E+15 5.915E+00 2.136E+03 1.000E+05 0.000E+00 0.000E+00
 1.93497367E-01  21618.4 7.329E+03 1.224E+15 6.079E+00 2.150E+03 1.000E+05 0.000E+00 0.000E+00
 2.47775525E-01  22757.0 9.373E+03 1.488E+15 6.210E+00 2.143E+03 1.000E+05 0.000E+00 0.000E+00
 3.18456783E-01  23982.6 1.204E+04 1.814E+15 6.371E+00 2.144E+03 1.000E+05 0.000E+00 0.000E+00
 4.10320689E-01  25348.3 1.550E+04 2.210E+15 6.542E+00 2.141E+03 1.000E+05 0.000E+00 0.000E+00
 5.29186682E-01  26801.5 1.997E+04 2.694E+15 6.767E+00 2.167E+03 1.000E+05 0.000E+00 0.000E+00
 6.81006987E-01  28421.9 2.568E+04 3.267E+15 7.135E+00 2.234E+03 1.000E+05 0.000E+00 0.000E+00
 8.71406257E-01  30154.7 3.283E+04 3.936E+15 7.639E+00 2.353E+03 1.000E+05 0.000E+00 0.000E+00
 1.10740345E+00  32084.1 4.165E+04 4.695E+15 8.259E+00 2.518E+03 1.000E+05 0.000E+00 0.000E+00
 1.39659450E+00  34172.9 5.240E+04 5.550E+15 9.036E+00 2.738E+03 1.000E+05 4.101E-03 0.000E+00
 1.74793210E+00  36492.5 6.538E+04 6.498E+15 9.942E+00 3.000E+03 1.000E+05 1.690E+00 1.100E+02
 2.17319705E+00  38991.7 8.097E+04 7.565E+15 1.095E+01 3.289E+03 1.000E+05 2.589E+01 7.423E+02
 2.69250899E+00  41744.8 9.987E+04 8.784E+15 1.181E+01 3.531E+03 1.000E+05 7.098E+01 1.639E+03
 3.34968017E+00  44707.7 1.237E+05 1.025E+16 1.215E+01 3.635E+03 1.000E+05 7.189E+01 1.631E+03
 4.22928758E+00  47969.6 1.555E+05 1.209E+16 1.180E+01 3.547E+03 1.000E+05 2.597E+01 5.309E+02
 5.45243636E+00  51439.3 2.000E+05 1.455E+16 1.119E+01 3.364E+03 1.000E+05 8.586E-01 0.000E+00
 7.18890637E+00  55236.6 2.635E+05 1.788E+16 1.044E+01 3.124E+03 1.000E+05 0.000E+00 0.000E+00
 9.66397382E+00  59267.4 3.545E+05 2.245E+16 9.772E+00 2.921E+03 1.000E+05 0.000E+00 0.000E+00
PRADK 2.1759E+02
BEGIN                    ITERATION  60 COMPLETED
