 3.84606566E-04   3736.3 3.846E+01 6.106E+09 3.467E-04 1.268E-01 2.000E+05 0.000E+00 0.000E+00
 5.01629887E-04   3752.6 5.016E+01 7.764E+09 4.134E-04 1.395E-01 2.000E+05 0.000E+00 0.000E+00
 6.33372821E-04   3771.1 6.334E+01 9.610E+09 4.871E-04 1.451E-01 2.000E+05 0.000E+00 0.000E+00
 7.83089258E-04   3790.8 7.831E+01 1.169E+10 5.695E-04 1.478E-01 2.000E+05 0.000E+00 0.000E+00
 9.54284505E-04   3811.4 9.543E+01 1.405E+10 6.624E-04 1.488E-01 2.000E+05 0.000E+00 0.000E+00
 1.15094510E-03   3832.5 1.151E+02 1.675E+10 7.677E-04 1.486E-01 2.000E+05 0.000E+00 0.000E+00
 1.37759328E-03   3854.0 1.378E+02 1.983E+10 8.873E-04 1.477E-01 2.000E+05 0.000E+00 0.000E+00
 1.63939081E-03   3875.7 1.639E+02 2.337E+10 1.023E-03 1.464E-01 2.000E+05 0.000E+00 0.000E+00
 1.94232758E-03   3897.5 1.942E+02 2.744E+10 1.178E-03 1.449E-01 2.000E+05 0.000E+00 0.000E+00
 2.29330484E-03   3919.5 2.293E+02 3.212E+10 1.355E-03 1.434E-01 2.000E+05 0.000E+00 0.000E+00
 2.70038968E-03   3941.6 2.700E+02 3.750E+10 1.558E-03 1.420E-01 2.000E+05 0.000E+00 0.000E+00
 3.17310481E-03   3963.9 3.173E+02 4.370E+10 1.789E-03 1.406E-01 2.000E+05 0.000E+00 0.000E+00
 3.72200945E-03   3986.3 3.722E+02 5.085E+10 2.053E-03 1.395E-01 2.000E+05 0.000E+00 0.000E+00
 4.36012211E-03   4008.9 4.360E+02 5.911E+10 2.355E-03 1.384E-01 2.000E+05 0.000E+00 0.000E+00
 5.10181239E-03   4031.8 5.102E+02 6.863E+10 2.701E-03 1.376E-01 2.000E+05 0.000E+00 0.000E+00
 5.96472304E-03   4055.0 5.964E+02 7.964E+10 3.096E-03 1.371E-01 2.000E+05 0.000E+00 0.000E+00
 6.96808386E-03   4078.5 6.968E+02 9.235E+10 3.549E-03 1.368E-01 2.000E+05 0.000E+00 0.000E+00
 8.13568948E-03   4102.4 8.135E+02 1.070E+11 4.068E-03 1.367E-01 2.000E+05 0.000E+00 0.000E+00
 9.49399174E-03   4126.6 9.494E+02 1.240E+11 4.662E-03 1.368E-01 2.000E+05 0.000E+00 0.000E+00
 1.10750740E-02   4151.3 1.107E+03 1.437E+11 5.342E-03 1.373E-01 2.000E+05 0.000E+00 0.000E+00
 1.29147116E-02   4176.5 1.291E+03 1.664E+11 6.121E-03 1.380E-01 2.000E+05 0.000E+00 0.000E+00
 1.50564241E-02   4202.2 1.506E+03 1.928E+11 7.012E-03 1.389E-01 2.000E+05 0.000E+00 0.000E+00
 1.75487442E-02   4228.4 1.755E+03 2.233E+11 8.033E-03 1.401E-01 2.000E+05 0.000E+00 0.000E+00
 2.04507179E-02   4255.1 2.045E+03 2.586E+11 9.202E-03 1.417E-01 2.000E+05 0.000E+00 0.000E+00
 2.38283016E-02   4282.4 2.383E+03 2.995E+11 1.054E-02 1.435E-01 2.000E+05 0.000E+00 0.000E+00
 2.77618322E-02   4310.2 2.776E+03 3.469E+11 1.207E-02 1.456E-01 2.000E+05 0.000E+00 0.000E+00
 3.23411707E-02   4338.4 3.234E+03 4.019E+11 1.382E-02 1.482E-01 2.000E+05 0.000E+00 0.000E+00
 3.76759357E-02   4367.1 3.768E+03 4.655E+11 1.583E-02 1.512E-01 2.000E+05 0.000E+00 0.000E+00
 4.38885433E-02   4396.3 4.389E+03 5.392E+11 1.812E-02 1.546E-01 2.000E+05 0.000E+00 0.000E+00
 5.11286580E-02   4425.7 5.113E+03 6.246E+11 2.073E-02 1.587E-01 2.000E+05 0.000E+00 0.000E+00
 5.95635333E-02   4455.2 5.956E+03 7.234E+11 2.372E-02 1.634E-01 2.000E+05 0.000E+00 0.000E+00
 6.93977356E-02   4485.0 6.940E+03 8.378E+11 2.714E-02 1.689E-01 2.000E+05 0.000E+00 0.000E+00
 8.08598996E-02   4514.7 8.086E+03 9.700E+11 3.104E-02 1.755E-01 2.000E+05 0.000E+00 0.000E+00
 9.42289900E-02   4544.5 9.423E+03 1.123E+12 3.549E-02 1.832E-01 2.000E+05 0.000E+00 0.000E+00
 1.09820556E-01   4574.1 1.098E+04 1.300E+12 4.057E-02 1.923E-01 2.000E+05 0.000E+00 0.000E+00
 1.28012105E-01   4603.8 1.280E+04 1.504E+12 4.637E-02 2.030E-01 2.000E+05 0.000E+00 0.000E+00
 1.49237280E-01   4633.4 1.492E+04 1.740E+12 5.299E-02 2.154E-01 2.000E+05 0.000E+00 0.000E+00
 1.74005565E-01   4663.3 1.740E+04 2.014E+12 6.055E-02 2.300E-01 2.000E+05 0.000E+00 0.000E+00
 2.02909157E-01   4693.5 2.029E+04 2.331E+12 6.919E-02 2.469E-01 2.000E+05 0.000E+00 0.000E+00
 2.36639034E-01   4724.6 2.366E+04 2.698E+12 7.907E-02 2.665E-01 2.000E+05 0.000E+00 0.000E+00
 2.75993911E-01   4756.6 2.760E+04 3.125E+12 9.038E-02 2.892E-01 2.000E+05 0.000E+00 0.000E+00
 3.21903994E-01   4790.3 3.219E+04 3.623E+12 1.033E-01 3.154E-01 2.000E+05 0.000E+00 0.000E+00
 3.75442043E-01   4826.4 3.754E+04 4.206E+12 1.182E-01 3.458E-01 2.000E+05 0.000E+00 0.000E+00
 4.37835264E-01   4865.5 4.378E+04 4.892E+12 1.353E-01 3.808E-01 2.000E+05 0.000E+00 0.000E+00
 5.10501661E-01   4909.1 5.105E+04 5.703E+12 1.550E-01 4.213E-01 2.000E+05 0.000E+00 0.000E+00
 5.95056782E-01   4958.2 5.951E+04 6.670E+12 1.777E-01 4.679E-01 2.000E+05 0.000E+00 0.000E+00
 6.93349277E-01   5014.7 6.933E+04 7.834E+12 2.039E-01 5.214E-01 2.000E+05 0.000E+00 0.000E+00
 8.07469304E-01   5080.2 8.075E+04 9.248E+12 2.344E-01 5.830E-01 2.000E+05 0.000E+00 0.000E+00
 9.39783502E-01   5156.8 9.398E+04 1.099E+13 2.698E-01 6.539E-01 2.000E+05 0.000E+00 0.000E+00
 1.09285377E+00   5246.9 1.093E+05 1.317E+13 3.115E-01 7.369E-01 2.000E+05 0.000E+00 0.000E+00
 1.26925127E+00   5353.1 1.269E+05 1.598E+13 3.615E-01 8.363E-01 2.000E+05 0.000E+00 0.000E+00
 1.47093662E+00   5478.2 1.471E+05 1.976E+13 4.241E-01 9.615E-01 2.000E+05 0.000E+00 0.000E+00
 1.69791217E+00   5625.9 1.698E+05 2.519E+13 5.085E-01 1.133E+00 2.000E+05 0.000E+00 0.000E+00
 1.94599042E+00   5799.6 1.946E+05 3.368E+13 6.329E-01 1.391E+00 2.000E+05 0.000E+00 0.000E+00
 2.20465070E+00   6006.2 2.205E+05 4.818E+13 8.335E-01 1.812E+00 2.000E+05 6.195E+04 0.000E+00
 2.45840149E+00   6247.9 2.458E+05 7.430E+13 1.171E+00 2.529E+00 2.000E+05 9.208E+06 8.553E+03
 2.68914879E+00   6545.4 2.689E+05 1.261E+14 1.786E+00 3.774E+00 2.000E+05 8.347E+07 4.426E+04
 2.88749820E+00   6867.3 2.887E+05 2.194E+14 2.802E+00 5.603E+00 2.000E+05 3.211E+08 8.402E+04
 3.05447636E+00   7210.0 3.054E+05 3.815E+14 4.444E+00 7.910E+00 2.000E+05 8.179E+08 1.162E+05
 3.19801733E+00   7526.9 3.198E+05 6.148E+14 6.698E+00 9.606E+00 2.000E+05 1.593E+09 1.472E+05
 3.33005630E+00   7796.0 3.330E+05 9.005E+14 9.394E+00 1.025E+01 2.000E+05 2.413E+09 1.696E+05
 3.45733899E+00   8050.1 3.457E+05 1.265E+15 1.281E+01 1.039E+01 2.000E+05 3.070E+09 1.763E+05
 3.58453343E+00   8275.2 3.584E+05 1.687E+15 1.677E+01 9.932E+00 2.000E+05 3.607E+09 1.840E+05
 3.71562550E+00   8485.8 3.715E+05 2.182E+15 2.147E+01 9.404E+00 2.000E+05 3.975E+09 1.852E+05
 3.85393220E+00   8680.1 3.854E+05 2.745E+15 2.686E+01 9.036E+00 2.000E+05 4.218E+09 1.830E+05
 4.00159822E+00   8874.8 4.001E+05 3.424E+15 3.347E+01 8.766E+00 2.000E+05 4.406E+09 1.837E+05
 4.16100510E+00   9058.6 4.161E+05 4.192E+15 4.104E+01 8.301E+00 2.000E+05 4.534E+09 1.780E+05
 4.33476030E+00   9242.1 4.335E+05 5.099E+15 5.013E+01 8.046E+00 2.000E+05 4.648E+09 1.782E+05
 4.52490937E+00   9424.3 4.525E+05 6.157E+15 6.089E+01 7.606E+00 2.000E+05 4.723E+09 1.720E+05
 4.73484449E+00   9600.1 4.735E+05 7.355E+15 7.321E+01 7.278E+00 2.000E+05 4.793E+09 1.709E+05
 4.96699293E+00   9784.7 4.967E+05 8.811E+15 8.837E+01 6.892E+00 2.000E+05 4.837E+09 1.658E+05
 5.22599134E+00   9954.8 5.226E+05 1.038E+16 1.048E+02 6.906E+00 2.000E+05 4.872E+09 1.627E+05
