 8.47303504E-04   3713.5 8.474E+00 1.560E+09 1.574E-04 5.283E-02 2.000E+05 0.000E+00 0.000E+00
 1.11224828E-03   3730.5 1.112E+01 2.016E+09 1.784E-04 5.811E-02 2.000E+05 0.000E+00 0.000E+00
 1.42407105E-03   3749.8 1.424E+01 2.546E+09 2.021E-04 6.053E-02 2.000E+05 0.000E+00 0.000E+00
 1.79096869E-03   3770.8 1.791E+01 3.163E+09 2.291E-04 6.164E-02 2.000E+05 0.000E+00 0.000E+00
 2.22229540E-03   3792.9 2.222E+01 3.883E+09 2.599E-04 6.204E-02 2.000E+05 0.000E+00 0.000E+00
 2.72901411E-03   3815.8 2.729E+01 4.721E+09 2.951E-04 6.196E-02 2.000E+05 0.000E+00 0.000E+00
 3.32375063E-03   3839.1 3.324E+01 5.698E+09 3.355E-04 6.147E-02 2.000E+05 0.000E+00 0.000E+00
 4.02106142E-03   3862.6 4.021E+01 6.835E+09 3.817E-04 6.075E-02 2.000E+05 0.000E+00 0.000E+00
 4.83788420E-03   3886.2 4.838E+01 8.156E+09 4.348E-04 5.994E-02 2.000E+05 0.000E+00 0.000E+00
 5.79380167E-03   3909.8 5.794E+01 9.691E+09 4.956E-04 5.911E-02 2.000E+05 0.000E+00 0.000E+00
 6.91166411E-03   3933.4 6.912E+01 1.147E+10 5.653E-04 5.828E-02 2.000E+05 0.000E+00 0.000E+00
 8.21796516E-03   3956.8 8.218E+01 1.354E+10 6.453E-04 5.753E-02 2.000E+05 0.000E+00 0.000E+00
 9.74362948E-03   3980.2 9.744E+01 1.593E+10 7.370E-04 5.693E-02 2.000E+05 0.000E+00 0.000E+00
 1.15244291E-02   4003.6 1.152E+02 1.871E+10 8.422E-04 5.640E-02 2.000E+05 0.000E+00 0.000E+00
 1.36022143E-02   4027.0 1.360E+02 2.192E+10 9.628E-04 5.599E-02 2.000E+05 0.000E+00 0.000E+00
 1.60253940E-02   4050.6 1.603E+02 2.564E+10 1.101E-03 5.573E-02 2.000E+05 0.000E+00 0.000E+00
 1.88508764E-02   4074.4 1.885E+02 2.995E+10 1.259E-03 5.559E-02 2.000E+05 0.000E+00 0.000E+00
 2.21440036E-02   4098.5 2.214E+02 3.495E+10 1.441E-03 5.553E-02 2.000E+05 0.000E+00 0.000E+00
 2.59821017E-02   4123.0 2.598E+02 4.073E+10 1.649E-03 5.557E-02 2.000E+05 0.000E+00 0.000E+00
 3.04534723E-02   4147.9 3.045E+02 4.743E+10 1.888E-03 5.573E-02 2.000E+05 0.000E+00 0.000E+00
 3.56634272E-02   4173.4 3.566E+02 5.519E+10 2.161E-03 5.590E-02 2.000E+05 0.000E+00 0.000E+00
 4.17317083E-02   4199.3 4.173E+02 6.418E+10 2.473E-03 5.617E-02 2.000E+05 0.000E+00 0.000E+00
 4.88013810E-02   4225.9 4.880E+02 7.461E+10 2.832E-03 5.653E-02 2.000E+05 0.000E+00 0.000E+00
 5.70346703E-02   4252.8 5.703E+02 8.669E+10 3.242E-03 5.697E-02 2.000E+05 0.000E+00 0.000E+00
 6.66264470E-02   4280.5 6.663E+02 1.007E+11 3.712E-03 5.746E-02 2.000E+05 0.000E+00 0.000E+00
 7.77976930E-02   4308.6 7.780E+02 1.169E+11 4.249E-03 5.808E-02 2.000E+05 0.000E+00 0.000E+00
 9.08138386E-02   4337.3 9.081E+02 1.358E+11 4.863E-03 5.881E-02 2.000E+05 0.000E+00 0.000E+00
 1.05975597E-01   4366.4 1.060E+03 1.576E+11 5.566E-03 5.968E-02 2.000E+05 0.000E+00 0.000E+00
 1.23644631E-01   4395.9 1.236E+03 1.829E+11 6.370E-03 6.068E-02 2.000E+05 0.000E+00 0.000E+00
 1.44231169E-01   4425.7 1.442E+03 2.123E+11 7.289E-03 6.187E-02 2.000E+05 0.000E+00 0.000E+00
 1.68228584E-01   4455.8 1.682E+03 2.464E+11 8.340E-03 6.331E-02 2.000E+05 0.000E+00 0.000E+00
 1.96194217E-01   4486.0 1.962E+03 2.859E+11 9.541E-03 6.502E-02 2.000E+05 0.000E+00 0.000E+00
 2.28800905E-01   4516.3 2.288E+03 3.317E+11 1.091E-02 6.708E-02 2.000E+05 0.000E+00 0.000E+00
 2.66808969E-01   4546.7 2.668E+03 3.848E+11 1.248E-02 6.952E-02 2.000E+05 0.000E+00 0.000E+00
 3.11136121E-01   4577.1 3.111E+03 4.464E+11 1.427E-02 7.243E-02 2.000E+05 0.000E+00 0.000E+00
 3.62815682E-01   4607.6 3.628E+03 5.178E+11 1.632E-02 7.586E-02 2.000E+05 0.000E+00 0.000E+00
 4.23097677E-01   4638.0 4.231E+03 6.006E+11 1.866E-02 7.992E-02 2.000E+05 0.000E+00 0.000E+00
 4.93387664E-01   4668.7 4.934E+03 6.966E+11 2.134E-02 8.469E-02 2.000E+05 0.000E+00 0.000E+00
 5.75387722E-01   4699.5 5.754E+03 8.080E+11 2.440E-02 9.030E-02 2.000E+05 0.000E+00 0.000E+00
 6.71004084E-01   4731.0 6.710E+03 9.375E+11 2.790E-02 9.686E-02 2.000E+05 0.000E+00 0.000E+00
 7.82538479E-01   4763.3 7.825E+03 1.088E+12 3.190E-02 1.045E-01 2.000E+05 0.000E+00 0.000E+00
 9.12595969E-01   4797.2 9.126E+03 1.264E+12 3.648E-02 1.135E-01 2.000E+05 0.000E+00 0.000E+00
 1.06425617E+00   4833.2 1.064E+04 1.469E+12 4.172E-02 1.239E-01 2.000E+05 0.000E+00 0.000E+00
 1.24103814E+00   4872.2 1.241E+04 1.711E+12 4.774E-02 1.359E-01 2.000E+05 0.000E+00 0.000E+00
 1.44702950E+00   4915.4 1.447E+04 1.997E+12 5.465E-02 1.497E-01 2.000E+05 0.000E+00 0.000E+00
 1.68684881E+00   4964.0 1.687E+04 2.338E+12 6.263E-02 1.657E-01 2.000E+05 0.000E+00 0.000E+00
 1.96574925E+00   5019.8 1.966E+04 2.749E+12 7.187E-02 1.842E-01 2.000E+05 0.000E+00 0.000E+00
 2.28945278E+00   5084.4 2.289E+04 3.253E+12 8.267E-02 2.058E-01 2.000E+05 0.000E+00 0.000E+00
 2.66395560E+00   5160.0 2.664E+04 3.884E+12 9.554E-02 2.314E-01 2.000E+05 0.000E+00 0.000E+00
 3.09444753E+00   5249.0 3.094E+04 4.701E+12 1.113E-01 2.629E-01 2.000E+05 0.000E+00 0.000E+00
 3.58384014E+00   5353.9 3.584E+04 5.810E+12 1.316E-01 3.037E-01 2.000E+05 0.000E+00 0.000E+00
 4.12974682E+00   5477.8 4.130E+04 7.410E+12 1.593E-01 3.602E-01 2.000E+05 0.000E+00 0.000E+00
 4.72062433E+00   5623.9 4.721E+04 9.877E+12 2.000E-01 4.443E-01 2.000E+05 0.000E+00 0.000E+00
 5.33348207E+00   5796.3 5.333E+04 1.394E+13 2.636E-01 5.768E-01 2.000E+05 0.000E+00 0.000E+00
 5.93704076E+00   5998.5 5.937E+04 2.096E+13 3.670E-01 7.936E-01 2.000E+05 7.814E+03 0.000E+00
 6.49852384E+00   6236.4 6.498E+04 3.366E+13 5.416E-01 1.161E+00 2.000E+05 5.348E+05 6.645E+03
 6.99188126E+00   6514.8 6.992E+04 5.729E+13 8.445E-01 1.797E+00 2.000E+05 1.082E+07 2.639E+04
 7.40252538E+00   6840.4 7.402E+04 1.024E+14 1.389E+00 2.920E+00 2.000E+05 7.256E+07 6.884E+04
 7.72643681E+00   7217.1 7.726E+04 1.895E+14 2.399E+00 4.820E+00 2.000E+05 3.113E+08 1.176E+05
 7.97544812E+00   7607.9 7.975E+04 3.376E+14 4.119E+00 7.139E+00 2.000E+05 9.474E+08 1.769E+05
 8.17746803E+00   7941.8 8.177E+04 5.304E+14 6.434E+00 8.258E+00 2.000E+05 1.960E+09 2.339E+05
 8.35995566E+00   8203.1 8.359E+04 7.380E+14 9.051E+00 7.994E+00 2.000E+05 2.889E+09 2.606E+05
 8.53801779E+00   8429.6 8.537E+04 9.678E+14 1.209E+01 7.467E+00 2.000E+05 3.525E+09 2.652E+05
 8.71918588E+00   8630.5 8.718E+04 1.218E+15 1.557E+01 6.848E+00 2.000E+05 3.972E+09 2.738E+05
 8.90953439E+00   8813.9 8.908E+04 1.490E+15 1.952E+01 6.286E+00 2.000E+05 4.248E+09 2.690E+05
 9.11396745E+00   8985.9 9.113E+04 1.789E+15 2.405E+01 5.883E+00 2.000E+05 4.443E+09 2.701E+05
 9.33611279E+00   9154.4 9.335E+04 2.128E+15 2.938E+01 5.528E+00 2.000E+05 4.577E+09 2.657E+05
 9.58022840E+00   9316.8 9.579E+04 2.503E+15 3.548E+01 5.245E+00 2.000E+05 4.669E+09 2.624E+05
 9.84946418E+00   9483.6 9.848E+04 2.940E+15 4.286E+01 4.918E+00 2.000E+05 4.756E+09 2.596E+05
 1.01496102E+01   9638.9 1.015E+05 3.406E+15 5.090E+01 4.603E+00 2.000E+05 4.810E+09 2.553E+05
 1.04847265E+01   9808.0 1.048E+05 3.973E+15 6.102E+01 4.362E+00 2.000E+05 4.854E+09 2.520E+05
 1.08618517E+01   9961.5 1.086E+05 4.562E+15 7.162E+01 4.280E+00 2.000E+05 4.886E+09 2.481E+05

