 5.84290998E-04   3726.7 1.848E+01 3.190E+09 2.282E-04 8.145E-02 2.000E+05 0.000E+00 0.000E+00
 7.64265612E-04   3742.8 2.417E+01 4.087E+09 2.660E-04 8.995E-02 2.000E+05 0.000E+00 0.000E+00
 9.70818611E-04   3761.6 3.070E+01 5.105E+09 3.083E-04 9.392E-02 2.000E+05 0.000E+00 0.000E+00
 1.20895764E-03   3781.9 3.823E+01 6.268E+09 3.560E-04 9.578E-02 2.000E+05 0.000E+00 0.000E+00
 1.48426944E-03   3803.3 4.694E+01 7.603E+09 4.101E-04 9.655E-02 2.000E+05 0.000E+00 0.000E+00
 1.80325295E-03   3825.2 5.702E+01 9.138E+09 4.716E-04 9.642E-02 2.000E+05 0.000E+00 0.000E+00
 2.17332997E-03   3847.6 6.873E+01 1.091E+10 5.418E-04 9.574E-02 2.000E+05 0.000E+00 0.000E+00
 2.60309265E-03   3870.1 8.232E+01 1.295E+10 6.219E-04 9.472E-02 2.000E+05 0.000E+00 0.000E+00
 3.10251488E-03   3892.7 9.811E+01 1.530E+10 7.135E-04 9.366E-02 2.000E+05 0.000E+00 0.000E+00
 3.68317057E-03   3915.5 1.165E+02 1.801E+10 8.182E-04 9.251E-02 2.000E+05 0.000E+00 0.000E+00
 4.35852597E-03   3938.2 1.378E+02 2.115E+10 9.379E-04 9.140E-02 2.000E+05 0.000E+00 0.000E+00
 5.14424653E-03   3960.9 1.627E+02 2.476E+10 1.075E-03 9.041E-02 2.000E+05 0.000E+00 0.000E+00
 6.05854955E-03   3983.8 1.916E+02 2.894E+10 1.232E-03 8.955E-02 2.000E+05 0.000E+00 0.000E+00
 7.12262413E-03   4006.7 2.252E+02 3.377E+10 1.411E-03 8.878E-02 2.000E+05 0.000E+00 0.000E+00
 8.36115069E-03   4029.8 2.644E+02 3.935E+10 1.617E-03 8.820E-02 2.000E+05 0.000E+00 0.000E+00
 9.80283633E-03   4053.1 3.100E+02 4.580E+10 1.852E-03 8.782E-02 2.000E+05 0.000E+00 0.000E+00
 1.14810989E-02   4076.7 3.631E+02 5.325E+10 2.122E-03 8.762E-02 2.000E+05 0.000E+00 0.000E+00
 1.34348035E-02   4100.6 4.248E+02 6.188E+10 2.430E-03 8.754E-02 2.000E+05 0.000E+00 0.000E+00
 1.57092273E-02   4124.9 4.968E+02 7.186E+10 2.784E-03 8.763E-02 2.000E+05 0.000E+00 0.000E+00
 1.83570755E-02   4149.7 5.805E+02 8.340E+10 3.189E-03 8.794E-02 2.000E+05 0.000E+00 0.000E+00
 2.14397321E-02   4174.9 6.780E+02 9.678E+10 3.653E-03 8.829E-02 2.000E+05 0.000E+00 0.000E+00
 2.50287483E-02   4200.7 7.915E+02 1.123E+11 4.183E-03 8.881E-02 2.000E+05 0.000E+00 0.000E+00
 2.92073156E-02   4227.0 9.236E+02 1.302E+11 4.792E-03 8.949E-02 2.000E+05 0.000E+00 0.000E+00
 3.40724575E-02   4253.8 1.077E+03 1.510E+11 5.488E-03 9.033E-02 2.000E+05 0.000E+00 0.000E+00
 3.97374955E-02   4281.3 1.257E+03 1.751E+11 6.285E-03 9.127E-02 2.000E+05 0.000E+00 0.000E+00
 4.63344811E-02   4309.2 1.465E+03 2.030E+11 7.196E-03 9.244E-02 2.000E+05 0.000E+00 0.000E+00
 5.40178902E-02   4337.6 1.708E+03 2.353E+11 8.239E-03 9.380E-02 2.000E+05 0.000E+00 0.000E+00
 6.29677212E-02   4366.5 1.991E+03 2.728E+11 9.432E-03 9.543E-02 2.000E+05 0.000E+00 0.000E+00
 7.33944373E-02   4395.8 2.321E+03 3.163E+11 1.079E-02 9.729E-02 2.000E+05 0.000E+00 0.000E+00
 8.55439745E-02   4425.4 2.705E+03 3.666E+11 1.235E-02 9.950E-02 2.000E+05 0.000E+00 0.000E+00
 9.97036514E-02   4455.2 3.153E+03 4.250E+11 1.413E-02 1.021E-01 2.000E+05 0.000E+00 0.000E+00
 1.16208825E-01   4485.2 3.675E+03 4.925E+11 1.617E-02 1.052E-01 2.000E+05 0.000E+00 0.000E+00
 1.35451679E-01   4515.2 4.283E+03 5.708E+11 1.849E-02 1.089E-01 2.000E+05 0.000E+00 0.000E+00
 1.57890090E-01   4545.3 4.993E+03 6.614E+11 2.114E-02 1.132E-01 2.000E+05 0.000E+00 0.000E+00
 1.84059488E-01   4575.3 5.820E+03 7.663E+11 2.417E-02 1.184E-01 2.000E+05 0.000E+00 0.000E+00
 2.14584046E-01   4605.4 6.786E+03 8.878E+11 2.764E-02 1.245E-01 2.000E+05 0.000E+00 0.000E+00
 2.50193229E-01   4635.5 7.912E+03 1.028E+12 3.159E-02 1.317E-01 2.000E+05 0.000E+00 0.000E+00
 2.91737166E-01   4665.8 9.226E+03 1.191E+12 3.610E-02 1.400E-01 2.000E+05 0.000E+00 0.000E+00
 3.40207959E-01   4696.4 1.076E+04 1.380E+12 4.127E-02 1.498E-01 2.000E+05 0.000E+00 0.000E+00
 3.96759902E-01   4727.7 1.255E+04 1.600E+12 4.717E-02 1.611E-01 2.000E+05 0.000E+00 0.000E+00
 4.62738270E-01   4759.9 1.463E+04 1.854E+12 5.391E-02 1.743E-01 2.000E+05 0.000E+00 0.000E+00
 5.39704131E-01   4793.7 1.707E+04 2.152E+12 6.164E-02 1.897E-01 2.000E+05 0.000E+00 0.000E+00
 6.29468411E-01   4829.6 1.991E+04 2.499E+12 7.048E-02 2.074E-01 2.000E+05 0.000E+00 0.000E+00
 7.34124781E-01   4868.6 2.321E+04 2.907E+12 8.063E-02 2.279E-01 2.000E+05 0.000E+00 0.000E+00
 8.56092849E-01   4911.8 2.707E+04 3.389E+12 9.229E-02 2.516E-01 2.000E+05 0.000E+00 0.000E+00
 9.98139472E-01   4960.6 3.156E+04 3.964E+12 1.057E-01 2.788E-01 2.000E+05 0.000E+00 0.000E+00
 1.16341861E+00   5016.6 3.679E+04 4.655E+12 1.212E-01 3.101E-01 2.000E+05 0.000E+00 0.000E+00
 1.35548331E+00   5081.6 4.286E+04 5.495E+12 1.392E-01 3.462E-01 2.000E+05 0.000E+00 0.000E+00
 1.57825468E+00   5157.7 4.991E+04 6.535E+12 1.603E-01 3.881E-01 2.000E+05 0.000E+00 0.000E+00
 1.83571851E+00   5247.1 5.805E+04 7.853E+12 1.854E-01 4.381E-01 2.000E+05 0.000E+00 0.000E+00
 2.13124274E+00   5352.6 6.740E+04 9.589E+12 2.165E-01 5.001E-01 2.000E+05 0.000E+00 0.000E+00
 2.46607908E+00   5477.1 7.798E+04 1.200E+13 2.572E-01 5.821E-01 2.000E+05 0.000E+00 0.000E+00
 2.83674353E+00   5623.9 8.970E+04 1.562E+13 3.147E-01 6.999E-01 2.000E+05 0.000E+00 0.000E+00
 3.23202617E+00   5796.9 1.022E+05 2.144E+13 4.029E-01 8.828E-01 2.000E+05 0.000E+00 0.000E+00
 3.63273754E+00   5999.8 1.149E+05 3.143E+13 5.454E-01 1.182E+00 2.000E+05 1.872E+04 0.000E+00
 4.01451787E+00   6241.5 1.269E+05 4.975E+13 7.889E-01 1.695E+00 2.000E+05 2.287E+06 7.141E+03
 4.35693626E+00   6520.6 1.378E+05 8.357E+13 1.205E+00 2.567E+00 2.000E+05 2.767E+07 3.456E+04
 4.64571526E+00   6854.9 1.469E+05 1.502E+14 1.965E+00 4.085E+00 2.000E+05 1.388E+08 7.388E+04
 4.87803262E+00   7222.3 1.543E+05 2.725E+14 3.281E+00 6.297E+00 2.000E+05 5.098E+08 1.141E+05
 5.06578760E+00   7579.9 1.602E+05 4.639E+14 5.286E+00 8.381E+00 2.000E+05 1.265E+09 1.673E+05
 5.22908106E+00   7875.4 1.654E+05 6.978E+14 7.741E+00 9.085E+00 2.000E+05 2.210E+09 1.999E+05
 5.38277558E+00   8128.6 1.702E+05 9.700E+14 1.065E+01 8.918E+00 2.000E+05 3.007E+09 2.172E+05
 5.53518755E+00   8352.5 1.750E+05 1.280E+15 1.404E+01 8.470E+00 2.000E+05 3.571E+09 2.213E+05
 5.69142738E+00   8559.0 1.800E+05 1.634E+15 1.804E+01 7.951E+00 2.000E+05 3.969E+09 2.262E+05
 5.85578957E+00   8748.6 1.852E+05 2.028E+15 2.261E+01 7.467E+00 2.000E+05 4.234E+09 2.227E+05
 6.03168432E+00   8931.9 1.907E+05 2.481E+15 2.803E+01 7.094E+00 2.000E+05 4.422E+09 2.232E+05
 6.22222505E+00   9107.5 1.967E+05 2.992E+15 3.430E+01 6.695E+00 2.000E+05 4.559E+09 2.180E+05
 6.43064488E+00   9280.6 2.033E+05 3.579E+15 4.169E+01 6.429E+00 2.000E+05 4.659E+09 2.168E+05
 6.65942890E+00   9454.6 2.106E+05 4.261E+15 5.051E+01 6.017E+00 2.000E+05 4.738E+09 2.111E+05
 6.91328063E+00   9618.4 2.186E+05 5.005E+15 6.030E+01 5.683E+00 2.000E+05 4.806E+09 2.095E+05
 7.19559419E+00   9794.6 2.275E+05 5.915E+15 7.257E+01 5.399E+00 2.000E+05 4.841E+09 2.039E+05
 7.51181539E+00   9955.7 2.375E+05 6.879E+15 8.562E+01 5.352E+00 2.000E+05 4.885E+09 2.009E+05

