 1.73473173E-03   3488.4 5.475E-03 1.395E+06 7.686E-05 6.221E-03 2.000E+05 0.000E+00 0.000E+00
 2.29681416E-03   3541.0 7.249E-03 1.916E+06 8.136E-05 5.961E-03 2.000E+05 0.000E+00 0.000E+00
 3.02791964E-03   3554.8 9.557E-03 2.473E+06 8.087E-05 5.496E-03 2.000E+05 0.000E+00 0.000E+00
 4.00575153E-03   3572.6 1.264E-02 3.222E+06 8.090E-05 5.385E-03 2.000E+05 0.000E+00 2.916E+06
 5.30872151E-03   3590.6 1.676E-02 4.206E+06 8.098E-05 5.267E-03 2.000E+05 0.000E+00 2.117E+06
 7.04328022E-03   3609.5 2.223E-02 5.503E+06 8.120E-05 5.164E-03 2.000E+05 0.000E+00 1.534E+06
 9.34760302E-03   3629.6 2.951E-02 7.212E+06 8.159E-05 5.064E-03 2.000E+05 0.000E+00 1.090E+06
 1.24025453E-02   3650.9 3.915E-02 9.462E+06 8.216E-05 4.957E-03 2.000E+05 0.000E+00 7.475E+05
 1.64438629E-02   3673.4 5.191E-02 1.242E+07 8.290E-05 4.840E-03 2.000E+05 0.000E+00 4.813E+05
 2.17799910E-02   3696.6 6.876E-02 1.630E+07 8.379E-05 4.724E-03 2.000E+05 0.000E+00 2.849E+05
 2.88139947E-02   3720.5 9.097E-02 2.139E+07 8.483E-05 4.615E-03 2.000E+05 0.000E+00 1.445E+05
 3.80692925E-02   3745.2 1.202E-01 2.804E+07 8.606E-05 4.517E-03 2.000E+05 0.000E+00 5.247E+04
 5.02200289E-02   3770.9 1.586E-01 3.673E+07 8.752E-05 4.428E-03 2.000E+05 0.000E+00 1.887E+03
 6.61278256E-02   3797.8 2.088E-01 4.810E+07 8.928E-05 4.340E-03 2.000E+05 0.000E+00 0.000E+00
 8.68847824E-02   3825.9 2.744E-01 6.293E+07 9.139E-05 4.251E-03 2.000E+05 0.000E+00 0.000E+00
 1.13873592E-01   3855.4 3.596E-01 8.225E+07 9.392E-05 4.159E-03 2.000E+05 0.000E+00 0.000E+00
 1.48819325E-01   3886.0 4.700E-01 1.073E+08 9.691E-05 4.067E-03 2.000E+05 0.000E+00 0.000E+00
 1.93877637E-01   3917.8 6.123E-01 1.399E+08 1.005E-04 3.974E-03 2.000E+05 0.000E+00 0.000E+00
 2.51684950E-01   3950.6 7.948E-01 1.819E+08 1.047E-04 3.878E-03 2.000E+05 0.000E+00 0.000E+00
 3.25478253E-01   3984.1 1.028E+00 2.359E+08 1.096E-04 3.782E-03 2.000E+05 0.000E+00 0.000E+00
 4.19170637E-01   4018.1 1.324E+00 3.051E+08 1.154E-04 3.688E-03 2.000E+05 0.000E+00 0.000E+00
 5.37491804E-01   4052.3 1.698E+00 3.932E+08 1.222E-04 3.605E-03 2.000E+05 0.000E+00 0.000E+00
 6.86066808E-01   4086.7 2.167E+00 5.050E+08 1.302E-04 3.534E-03 2.000E+05 0.000E+00 0.000E+00
 8.71493751E-01   4121.3 2.753E+00 6.462E+08 1.395E-04 3.477E-03 2.000E+05 0.000E+00 0.000E+00
 1.10140699E+00   4156.2 3.479E+00 8.237E+08 1.505E-04 3.436E-03 2.000E+05 0.000E+00 0.000E+00
 1.38452264E+00   4191.6 4.373E+00 1.046E+09 1.636E-04 3.407E-03 2.000E+05 0.000E+00 0.000E+00
 1.73061202E+00   4227.7 5.466E+00 1.325E+09 1.791E-04 3.392E-03 2.000E+05 0.000E+00 0.000E+00
 2.15051911E+00   4264.6 6.793E+00 1.673E+09 1.976E-04 3.385E-03 2.000E+05 0.000E+00 0.000E+00
 2.65616662E+00   4302.5 8.390E+00 2.105E+09 2.196E-04 3.386E-03 2.000E+05 0.000E+00 0.000E+00
 3.26070960E+00   4341.0 1.030E+01 2.642E+09 2.457E-04 3.394E-03 2.000E+05 0.000E+00 0.000E+00
 3.97869171E+00   4380.1 1.257E+01 3.306E+09 2.767E-04 3.409E-03 2.000E+05 0.000E+00 0.000E+00
 4.82641612E+00   4419.5 1.525E+01 4.123E+09 3.134E-04 3.437E-03 2.000E+05 0.000E+00 0.000E+00
 5.82212769E+00   4459.2 1.839E+01 5.125E+09 3.566E-04 3.478E-03 2.000E+05 0.000E+00 0.000E+00
 6.98614466E+00   4499.2 2.207E+01 6.354E+09 4.077E-04 3.536E-03 2.000E+05 0.000E+00 0.000E+00
 8.34110825E+00   4539.4 2.635E+01 7.856E+09 4.680E-04 3.609E-03 2.000E+05 0.000E+00 0.000E+00
 9.91214581E+00   4579.8 3.131E+01 9.689E+09 5.390E-04 3.702E-03 2.000E+05 0.000E+00 0.000E+00
 1.17281646E+01   4620.3 3.705E+01 1.192E+10 6.227E-04 3.817E-03 2.000E+05 0.000E+00 0.000E+00
 1.38217470E+01   4660.8 4.366E+01 1.463E+10 7.211E-04 3.958E-03 2.000E+05 0.000E+00 0.000E+00
 1.62303333E+01   4701.5 5.127E+01 1.791E+10 8.367E-04 4.131E-03 2.000E+05 0.000E+00 0.000E+00
 1.89957282E+01   4742.2 6.000E+01 2.188E+10 9.726E-04 4.343E-03 2.000E+05 0.000E+00 0.000E+00
 2.21655016E+01   4783.3 7.001E+01 2.670E+10 1.133E-03 4.604E-03 2.000E+05 0.000E+00 0.000E+00
 2.57910051E+01   4825.0 8.146E+01 3.257E+10 1.322E-03 4.927E-03 2.000E+05 0.000E+00 0.000E+00
 2.99272422E+01   4867.9 9.452E+01 3.974E+10 1.548E-03 5.327E-03 2.000E+05 0.000E+00 0.000E+00
 3.46286312E+01   4912.7 1.094E+02 4.863E+10 1.820E-03 5.827E-03 2.000E+05 0.000E+00 0.000E+00
 3.99464731E+01   4960.1 1.261E+02 5.976E+10 2.152E-03 6.457E-03 2.000E+05 0.000E+00 0.000E+00
 4.59198817E+01   5011.6 1.450E+02 7.399E+10 2.565E-03 7.264E-03 2.000E+05 0.000E+00 0.000E+00
 5.25670904E+01   5068.5 1.660E+02 9.260E+10 3.091E-03 8.312E-03 2.000E+05 0.000E+00 0.000E+00
 5.98736740E+01   5132.7 1.890E+02 1.176E+11 3.777E-03 9.700E-03 2.000E+05 0.000E+00 0.000E+00
 6.77785475E+01   5206.2 2.139E+02 1.522E+11 4.699E-03 1.159E-02 2.000E+05 0.000E+00 0.000E+00
 7.61608894E+01   5291.4 2.403E+02 2.017E+11 5.976E-03 1.421E-02 2.000E+05 0.000E+00 0.000E+00
 8.48354603E+01   5391.0 2.676E+02 2.750E+11 7.806E-03 1.799E-02 2.000E+05 0.000E+00 0.000E+00
 9.35557095E+01   5508.0 2.950E+02 3.873E+11 1.052E-02 2.361E-02 2.000E+05 1.240E-09 0.000E+00
 1.02026759E+02   5646.0 3.216E+02 5.660E+11 1.472E-02 3.232E-02 2.000E+05 2.225E-05 1.946E+00
 1.09934122E+02   5809.0 3.463E+02 8.603E+11 2.149E-02 4.642E-02 2.000E+05 1.460E-03 4.910E+01
 1.16980142E+02   6001.9 3.681E+02 1.364E+12 3.299E-02 7.054E-02 2.000E+05 7.989E-02 1.881E+02
 1.22939016E+02   6228.6 3.865E+02 2.247E+12 5.352E-02 1.143E-01 2.000E+05 5.822E+00 6.790E+02
 1.27630238E+02   6504.4 4.006E+02 3.912E+12 9.451E-02 2.032E-01 2.000E+05 7.102E+02 2.679E+03
 1.31042131E+02   6824.0 4.104E+02 6.980E+12 1.795E-01 3.921E-01 2.000E+05 1.443E+05 1.246E+04
 1.33271235E+02   7217.4 4.161E+02 1.311E+13 3.884E-01 8.754E-01 2.000E+05 2.095E+06 6.830E+04
 1.34549167E+02   7685.9 4.184E+02 2.501E+13 9.414E-01 2.099E+00 2.000E+05 1.704E+08 1.506E+05
 1.35254184E+02   8168.9 4.185E+02 4.345E+13 2.186E+00 3.897E+00 2.000E+05 9.822E+08 6.698E+05
 1.35737701E+02   8498.7 4.181E+02 5.928E+13 3.636E+00 4.010E+00 2.000E+05 2.297E+09 1.066E+06
 1.36174234E+02   8726.5 4.179E+02 7.114E+13 4.957E+00 3.372E+00 2.000E+05 3.287E+09 1.183E+06
 1.36622290E+02   8913.1 4.179E+02 8.097E+13 6.201E+00 2.964E+00 2.000E+05 3.828E+09 1.267E+06
 1.37108115E+02   9098.7 4.180E+02 9.047E+13 7.522E+00 2.771E+00 2.000E+05 4.129E+09 1.337E+06
 1.37651505E+02   9280.8 4.183E+02 9.916E+13 8.819E+00 2.620E+00 2.000E+05 4.321E+09 1.368E+06
 1.38277610E+02   9476.9 4.185E+02 1.074E+14 1.010E+01 2.864E+00 2.000E+05 4.337E+09 1.466E+06
 1.39010721E+02   9735.4 4.187E+02 1.161E+14 1.143E+01 2.951E+00 2.000E+05 4.420E+09 1.434E+06
 1.39897887E+02   9981.3 4.179E+02 1.217E+14 1.214E+01 5.695E+00 2.000E+05 3.918E+09 1.698E+06
 1.41162105E+02  11134.1 4.101E+02 1.237E+14 1.000E+01 1.303E+01 2.000E+05 1.890E+09 1.322E+06
 1.43842841E+02  13257.6 3.905E+02 1.022E+14 4.030E+00 8.051E+00 2.000E+05 2.714E+08 1.647E+05
 1.51879838E+02  15079.0 3.647E+02 8.591E+13 2.205E+00 4.702E+00 2.000E+05 5.120E+05 1.315E+05

