TEFF  14000.  GRAVITY 2.50000 LTE 
TITLE  [ 0.0] VTURB=0  L/H=1.25 NOVER NEW ODF                                   
FLUX    1     9.09        3.298047E+16   2.5000E-39   2.5000E-39   1.00000
FLUX    2     9.35        3.206337E+16   2.5000E-39   2.5000E-39   1.00000
FLUX    3     9.61        3.119589E+16   2.5000E-39   2.5000E-39   1.00000
FLUX    4     9.77        3.068500E+16   2.5000E-39   2.5000E-39   1.00000
FLUX    5     9.96        3.009965E+16   2.5000E-39   2.5000E-39   1.00000
FLUX    6    10.20        2.939142E+16   2.5000E-39   2.5000E-39   1.00000
FLUX    7    10.38        2.888174E+16   2.5000E-39   2.5000E-39   1.00000
FLUX    8    10.56        2.838944E+16   2.5000E-39   2.5000E-39   1.00000
FLUX    9    10.77        2.783589E+16   2.5000E-39   2.5000E-39   1.00000
FLUX   10    11.04        2.715512E+16   2.5000E-39   2.5000E-39   1.00000
FLUX   11    11.40        2.629759E+16   2.5000E-39   2.5000E-39   1.00000
FLUX   12    11.78        2.544928E+16   2.5000E-39   2.5000E-39   1.00000
FLUX   13    12.13        2.471496E+16   2.5000E-39   2.5000E-39   1.00000
FLUX   14    12.48        2.402184E+16   2.5000E-39   2.5000E-39   1.00000
FLUX   15    12.71        2.358714E+16   2.5000E-39   2.5000E-39   1.00000
FLUX   16    12.84        2.334833E+16   2.5000E-39   2.5000E-39   1.00000
FLUX   17    13.05        2.297260E+16   2.5000E-39   2.5000E-39   1.00000
FLUX   18    13.24        2.264294E+16   2.5000E-39   2.5000E-39   1.00000
FLUX   19    13.39        2.238928E+16   2.5000E-39   2.5000E-39   1.00000
FLUX   20    13.66        2.194674E+16   2.5000E-39   2.5000E-39   1.00000
FLUX   21    13.98        2.144439E+16   2.5000E-39   2.5000E-39   1.00000
FLUX   22    14.33        2.092062E+16   2.5000E-39   2.5000E-39   1.00000
FLUX   23    14.72        2.036634E+16   2.5000E-39   2.5000E-39   1.00000
FLUX   24    15.10        1.985381E+16   2.5000E-39   2.5000E-39   1.00000
FLUX   25    15.52        1.931653E+16   2.5000E-39   2.5000E-39   1.00000
FLUX   26    15.88        1.887862E+16   2.5000E-39   2.5000E-39   1.00000
FLUX   27    16.20        1.850571E+16   2.5000E-39   2.5000E-39   1.00000
FLUX   28    16.60        1.805979E+16   2.5000E-39   2.5000E-39   1.00000
FLUX   29    17.03        1.760379E+16   2.5000E-39   2.5000E-39   1.00000
FLUX   30    17.34        1.728907E+16   2.5000E-39   2.5000E-39   1.00000
FLUX   31    17.68        1.695659E+16   2.5000E-39   2.5000E-39   1.00000
FLUX   32    18.02        1.663665E+16   2.5000E-39   2.5000E-39   1.00000
FLUX   33    18.17        1.649931E+16   2.5000E-39   2.5000E-39   1.00000
FLUX   34    18.61        1.610921E+16   2.5084E-39   2.5084E-39   1.00000
FLUX   35    19.10        1.569594E+16   8.5081E-39   8.5082E-39   0.99999
FLUX   36    19.39        1.546119E+16   3.0919E-38   3.0919E-38   0.99999
FLUX   37    19.84        1.511051E+16   2.1255E-37   2.1255E-37   0.99999
FLUX   38    20.18        1.485592E+16   8.6251E-37   8.6252E-37   0.99999
FLUX   39    20.50        1.462402E+16   3.0912E-36   3.0912E-36   0.99999
FLUX   40    21.05        1.424192E+16   2.5249E-35   2.5249E-35   0.99999
FLUX   41    21.62        1.386644E+16   1.9884E-34   1.9884E-34   0.99999
FLUX   42    21.98        1.363933E+16   6.9275E-34   6.9276E-34   0.99999
FLUX   43    22.30        1.344361E+16   2.0286E-33   2.0286E-33   0.99999
FLUX   44    22.68        1.321836E+16   6.9869E-33   6.9869E-33   1.00000
FLUX   45    23.00        1.303446E+16   1.9050E-32   1.9313E-32   0.98641
FLUX   46    23.40        1.281165E+16   6.5528E-32   6.5558E-32   0.99954
FLUX   47    24.00        1.249135E+16   3.7968E-31   3.7969E-31   0.99997
FLUX   48    24.65        1.216197E+16   2.3093E-30   2.3094E-30   0.99997
FLUX   49    25.24        1.187767E+16   1.0960E-29   1.0960E-29   0.99999
FLUX   50    25.68        1.167416E+16   3.3378E-29   3.3391E-29   0.99960
FLUX   51    26.00        1.153048E+16   7.3295E-29   7.3295E-29   1.00000
FLUX   52    26.40        1.135578E+16   1.9059E-28   1.9059E-28   0.99999
FLUX   53    26.85        1.116546E+16   5.3920E-28   5.3921E-28   1.00000
FLUX   54    27.35        1.096133E+16   1.6437E-27   1.6438E-27   0.99997
FLUX   55    27.85        1.076454E+16   4.8140E-27   4.8140E-27   1.00000
FLUX   56    28.40        1.055607E+16   1.5015E-26   1.5015E-26   1.00000
FLUX   57    29.00        1.033767E+16   4.9374E-26   4.9374E-26   0.99999
FLUX   58    29.60        1.012812E+16   1.5450E-25   1.5450E-25   0.99999
FLUX   59    30.10        9.959883E+15   3.8606E-25   3.8608E-25   0.99996
FLUX   60    30.80        9.733523E+15   1.3216E-24   1.3224E-24   0.99941
FLUX   61    31.80        9.427437E+15   6.9718E-24   6.9718E-24   0.99999
FLUX   62    32.80        9.140015E+15   3.3113E-23   3.3131E-23   0.99945
FLUX   63    33.80        8.869601E+15   1.4322E-22   1.4322E-22   1.00000
FLUX   64    34.80        8.614727E+15   5.6811E-22   5.6812E-22   0.99999
FLUX   65    35.70        8.397549E+15   1.8365E-21   1.8376E-21   0.99939
FLUX   66    36.60        8.191052E+15   5.5932E-21   5.5935E-21   0.99993
FLUX   67    37.50        7.994467E+15   1.6108E-20   1.6113E-20   0.99971
FLUX   68    38.50        7.786818E+15   4.9188E-20   4.9197E-20   0.99982
FLUX   69    39.50        7.589683E+15   1.4165E-19   1.4169E-19   0.99968
FLUX   70    40.50        7.402284E+15   3.8654E-19   3.8661E-19   0.99982
FLUX   71    41.40        7.241364E+15   9.1412E-19   9.1423E-19   0.99989
FLUX   72    42.20        7.104087E+15   1.9026E-18   1.9032E-18   0.99966
FLUX   73    43.00        6.971919E+15   3.8481E-18   3.8516E-18   0.99909
FLUX   74    44.10        6.798016E+15   9.7208E-18   9.7232E-18   0.99975
FLUX   75    45.10        6.647284E+15   2.1661E-17   2.1664E-17   0.99984
FLUX   76    46.00        6.517228E+15   4.3189E-17   4.3198E-17   0.99977
FLUX   77    47.00        6.378564E+15   9.0061E-17   9.0075E-17   0.99984
FLUX   78    48.00        6.245677E+15   1.8192E-16   1.8194E-16   0.99986
FLUX   79    49.00        6.118214E+15   3.5668E-16   3.5670E-16   0.99996
FLUX   80    50.00        5.995850E+15   6.7978E-16   6.7979E-16   0.99999
FLUX   81    50.60        5.924753E+15   5.0884E-15   1.0029E-14   0.50737
FLUX   82    51.20        5.855322E+15   2.1818E-14   2.6019E-14   0.83852
FLUX   83    52.00        5.765240E+15   3.2829E-14   3.8253E-14   0.85821
FLUX   84    53.00        5.656462E+15   5.6572E-14   6.0933E-14   0.92842
FLUX   85    54.00        5.551713E+15   8.0359E-14   9.5441E-14   0.84197
FLUX   86    55.00        5.450773E+15   1.4258E-13   1.4719E-13   0.96871
FLUX   87    56.00        5.353437E+15   2.1659E-13   2.2356E-13   0.96884
FLUX   88    57.00        5.259517E+15   3.2985E-13   3.3468E-13   0.98556
FLUX   89    58.00        5.168836E+15   4.8312E-13   5.9977E-13   0.80551
FLUX   90    59.00        5.081229E+15   7.8847E-13   8.5958E-13   0.91727
FLUX   91    60.00        4.996542E+15   1.1729E-12   1.2181E-12   0.96292
FLUX   92    61.00        4.914631E+15   1.7001E-12   1.7074E-12   0.99571
FLUX   93    62.00        4.835363E+15   2.3281E-12   2.3689E-12   0.98277
FLUX   94    63.00        4.758611E+15   3.2192E-12   3.2548E-12   0.98905
FLUX   95    64.00        4.684258E+15   4.2726E-12   4.4324E-12   0.96395
FLUX   96    65.00        4.612192E+15   5.8435E-12   5.9822E-12   0.97682
FLUX   97    65.80        4.556117E+15   7.5134E-12   7.5568E-12   0.99426
FLUX   98    66.50        4.508158E+15   9.0016E-12   9.2307E-12   0.97518
FLUX   99    67.50        4.441370E+15   1.1816E-11   1.2201E-11   0.96840
FLUX  100    68.50        4.376533E+15   1.5567E-11   1.6003E-11   0.97271
FLUX  101    69.50        4.313561E+15   2.0562E-11   2.0834E-11   0.98693
FLUX  102    70.50        4.252376E+15   2.6469E-11   2.6933E-11   0.98278
FLUX  103    71.60        4.187046E+15   3.4610E-11   3.5441E-11   0.97656
FLUX  104    72.60        4.129373E+15   4.4306E-11   4.5173E-11   0.98080
FLUX  105    73.50        4.078809E+15   5.4149E-11   5.5905E-11   0.96859
FLUX  106    74.50        4.024060E+15   6.9074E-11   7.0442E-11   0.98057
FLUX  107    75.50        3.970762E+15   8.6983E-11   8.8238E-11   0.98579
FLUX  108    76.50        3.918856E+15   1.0832E-10   1.1005E-10   0.98423
FLUX  109    77.50        3.868290E+15   1.3515E-10   1.3633E-10   0.99135
FLUX  110    78.50        3.819013E+15   1.6726E-10   1.6800E-10   0.99555
FLUX  111    79.50        3.770975E+15   2.0334E-10   2.0597E-10   0.98723
FLUX  112    80.50        3.724130E+15   2.4834E-10   2.5129E-10   0.98829
FLUX  113    81.50        3.678436E+15   2.9924E-10   3.0511E-10   0.98078
FLUX  114    82.50        3.633848E+15   3.6337E-10   3.6879E-10   0.98532
FLUX  115    83.50        3.590329E+15   4.2900E-10   4.4382E-10   0.96661
FLUX  116    84.50        3.547840E+15   5.1892E-10   5.3184E-10   0.97572
FLUX  117    85.50        3.506345E+15   6.2102E-10   6.3468E-10   0.97847
FLUX  118    86.50        3.465809E+15   7.4059E-10   7.5431E-10   0.98180
FLUX  119    87.50        3.426200E+15   8.7943E-10   8.9303E-10   0.98476
FLUX  120    88.50        3.387486E+15   1.0476E-09   1.0533E-09   0.99456
FLUX  121    89.50        3.349637E+15   1.2298E-09   1.2379E-09   0.99352
FLUX  122    90.50        3.312624E+15   1.4040E-09   1.4495E-09   0.96861
FLUX  123    91.50        3.276421E+15   1.3768E-08   2.4268E-05   0.00057
FLUX  124    92.50        3.241000E+15   1.3610E-07   2.5667E-05   0.00530
FLUX  125    93.50        3.206337E+15   6.0190E-07   2.6547E-05   0.02267
FLUX  126    94.50        3.172407E+15   2.6379E-06   2.7205E-05   0.09696
FLUX  127    95.50        3.139188E+15   4.7784E-06   2.7766E-05   0.17210
FLUX  128    96.50        3.106658E+15   6.6451E-06   2.8184E-05   0.23577
FLUX  129    97.50        3.074795E+15   1.1565E-06   2.8472E-05   0.04062
FLUX  130    98.50        3.043579E+15   6.8630E-06   2.8956E-05   0.23701
FLUX  131    99.50        3.012990E+15   7.5127E-06   2.9186E-05   0.25741
FLUX  132   100.50        2.983010E+15   9.6216E-06   2.9281E-05   0.32859
FLUX  133   101.50        2.953621E+15   1.0365E-05   2.9166E-05   0.35539
FLUX  134   102.50        2.924805E+15   3.0309E-06   3.0780E-05   0.09847
FLUX  135   103.50        2.896546E+15   4.4564E-06   3.1472E-05   0.14160
FLUX  136   104.50        2.868828E+15   1.4556E-05   3.2120E-05   0.45316
FLUX  137   105.50        2.841635E+15   1.5839E-05   3.2822E-05   0.48258
FLUX  138   106.50        2.814953E+15   1.2944E-05   3.3744E-05   0.38361
FLUX  139   107.50        2.788767E+15   1.7762E-05   3.4872E-05   0.50934
FLUX  140   108.50        2.763064E+15   1.4197E-05   3.6085E-05   0.39342
FLUX  141   109.50        2.737831E+15   1.9394E-05   3.7256E-05   0.52055
FLUX  142   110.50        2.713054E+15   1.8023E-05   5.3451E-05   0.33718
FLUX  143   111.50        2.688722E+15   2.0135E-05   5.4793E-05   0.36747
FLUX  144   112.50        2.664822E+15   1.9211E-05   5.5951E-05   0.34335
FLUX  145   113.50        2.641344E+15   2.7677E-05   5.7422E-05   0.48200
FLUX  146   114.50        2.618275E+15   2.6276E-05   5.8303E-05   0.45069
FLUX  147   115.50        2.595606E+15   2.9923E-05   5.9076E-05   0.50652
FLUX  148   116.50        2.573326E+15   3.3135E-05   5.9740E-05   0.55464
FLUX  149   117.50        2.551426E+15   2.7602E-05   6.0475E-05   0.45642
FLUX  150   118.50        2.529894E+15   3.1989E-05   6.1661E-05   0.51879
FLUX  151   119.50        2.508724E+15   8.7910E-06   6.2320E-05   0.14106
FLUX  152   120.50        2.487905E+15   5.7749E-06   6.2953E-05   0.09173
FLUX  153   121.50        2.467428E+15   1.8210E-06   6.3565E-05   0.02865
FLUX  154   122.50        2.447286E+15   1.7662E-05   6.4627E-05   0.27330
FLUX  155   123.50        2.427470E+15   3.8514E-05   6.5205E-05   0.59066
FLUX  156   124.50        2.407972E+15   4.6473E-05   6.7399E-05   0.68951
FLUX  157   125.50        2.388785E+15   4.7176E-05   6.8620E-05   0.68750
FLUX  158   126.50        2.369901E+15   3.5746E-05   6.9475E-05   0.51451
FLUX  159   127.50        2.351314E+15   4.7126E-05   7.0152E-05   0.67177
FLUX  160   128.50        2.333016E+15   5.2224E-05   7.0786E-05   0.73777
FLUX  161   129.50        2.315000E+15   3.0724E-05   7.1366E-05   0.43051
FLUX  162   130.50        2.297261E+15   2.2978E-05   7.1923E-05   0.31948
FLUX  163   131.50        2.279791E+15   4.8857E-05   7.2457E-05   0.67429
FLUX  164   132.50        2.262585E+15   5.0188E-05   7.2979E-05   0.68770
FLUX  165   133.50        2.245637E+15   3.5717E-05   7.3485E-05   0.48604
FLUX  166   134.50        2.228940E+15   5.5866E-05   7.3977E-05   0.75518
FLUX  167   135.50        2.212491E+15   5.5275E-05   7.4454E-05   0.74240
FLUX  168   136.50        2.196282E+15   4.8563E-05   7.4920E-05   0.64819
FLUX  169   137.50        2.180309E+15   5.3330E-05   7.5374E-05   0.70754
FLUX  170   138.50        2.164567E+15   5.5190E-05   7.5817E-05   0.72794
FLUX  171   139.50        2.149050E+15   5.1672E-05   7.6249E-05   0.67768
FLUX  172   140.50        2.133754E+15   5.4460E-05   7.6670E-05   0.71031
FLUX  173   141.50        2.118675E+15   5.2414E-05   7.7083E-05   0.67997
FLUX  174   142.50        2.103807E+15   5.6587E-05   7.7505E-05   0.73012
FLUX  175   143.50        2.089146E+15   5.6146E-05   7.7897E-05   0.72077
FLUX  176   144.20        2.079005E+15   6.0732E-05   7.8165E-05   0.77697
FLUX  177   144.70        2.071821E+15   6.1709E-05   7.8530E-05   0.78580
FLUX  178   145.50        2.060430E+15   6.0994E-05   7.8827E-05   0.77376
FLUX  179   146.50        2.046365E+15   5.8274E-05   7.9190E-05   0.73587
FLUX  180   147.50        2.032492E+15   5.7876E-05   7.9544E-05   0.72759
FLUX  181   148.50        2.018805E+15   5.9908E-05   7.9888E-05   0.74989
FLUX  182   149.50        2.005301E+15   6.1467E-05   8.0223E-05   0.76620
FLUX  183   150.50        1.991977E+15   5.9808E-05   8.0549E-05   0.74251
FLUX  184   151.20        1.982755E+15   5.4424E-05   8.0772E-05   0.67380
FLUX  185   151.70        1.976220E+15   5.8801E-05   8.0939E-05   0.72649
FLUX  186   152.50        1.965852E+15   5.8163E-05   8.1207E-05   0.71623
FLUX  187   153.50        1.953046E+15   5.3095E-05   8.1516E-05   0.65134
FLUX  188   154.50        1.940405E+15   5.8171E-05   8.1811E-05   0.71104
FLUX  189   155.50        1.927926E+15   5.5786E-05   8.2098E-05   0.67950
FLUX  190   156.50        1.915607E+15   5.6146E-05   8.2376E-05   0.68159
FLUX  191   157.50        1.903444E+15   5.8936E-05   8.2646E-05   0.71312
FLUX  192   158.50        1.891435E+15   6.2579E-05   8.2908E-05   0.75480
FLUX  193   159.50        1.879577E+15   6.4381E-05   8.3163E-05   0.77416
FLUX  194   160.50        1.867866E+15   6.2479E-05   8.3411E-05   0.74906
FLUX  195   161.50        1.856300E+15   6.4310E-05   8.3652E-05   0.76878
FLUX  196   162.50        1.844877E+15   6.1525E-05   8.3886E-05   0.73343
FLUX  197   163.50        1.833593E+15   6.5600E-05   8.4114E-05   0.77989
FLUX  198   164.50        1.822447E+15   6.6835E-05   8.4335E-05   0.79250
FLUX  199   165.50        1.811435E+15   6.1575E-05   8.4550E-05   0.72827
FLUX  200   166.50        1.800556E+15   6.7798E-05   8.4760E-05   0.79988
FLUX  201   167.20        1.793017E+15   5.8749E-05   8.4904E-05   0.69195
FLUX  202   167.70        1.787671E+15   6.7361E-05   8.5008E-05   0.79241
FLUX  203   168.50        1.779184E+15   7.1290E-05   8.5169E-05   0.83705
FLUX  204   169.50        1.768687E+15   6.8429E-05   8.5361E-05   0.80163
FLUX  205   170.50        1.758314E+15   6.5780E-05   8.5548E-05   0.76893
FLUX  206   171.50        1.748061E+15   6.1880E-05   8.5728E-05   0.72182
FLUX  207   172.50        1.737928E+15   6.2323E-05   8.5903E-05   0.72551
FLUX  208   173.50        1.727911E+15   6.6739E-05   8.6072E-05   0.77538
FLUX  209   174.50        1.718009E+15   6.6039E-05   8.6236E-05   0.76580
FLUX  210   175.50        1.708219E+15   7.0760E-05   8.6394E-05   0.81904
FLUX  211   176.50        1.698541E+15   6.4871E-05   8.6547E-05   0.74954
FLUX  212   177.50        1.688972E+15   6.7556E-05   8.6696E-05   0.77923
FLUX  213   178.50        1.679510E+15   6.9853E-05   8.6839E-05   0.80439
FLUX  214   179.50        1.670153E+15   7.4402E-05   8.6978E-05   0.85541
FLUX  215   180.50        1.660900E+15   7.4681E-05   8.7112E-05   0.85730
FLUX  216   181.50        1.651749E+15   6.9064E-05   8.7241E-05   0.79165
FLUX  217   182.50        1.642699E+15   7.1397E-05   8.7366E-05   0.81722
FLUX  218   183.50        1.633747E+15   6.9609E-05   8.7493E-05   0.79560
FLUX  219   184.50        1.624892E+15   6.5811E-05   8.7615E-05   0.75113
FLUX  220   185.50        1.616132E+15   5.8393E-05   8.7734E-05   0.66557
FLUX  221   186.50        1.607466E+15   6.2453E-05   8.7849E-05   0.71092
FLUX  222   187.50        1.598893E+15   7.3890E-05   8.7960E-05   0.84005
FLUX  223   188.50        1.590411E+15   6.8618E-05   8.8066E-05   0.77916
FLUX  224   189.50        1.582018E+15   6.4632E-05   8.8169E-05   0.73305
FLUX  225   190.50        1.573714E+15   7.0894E-05   8.8268E-05   0.80316
FLUX  226   191.50        1.565496E+15   6.7182E-05   8.8419E-05   0.75982
FLUX  227   192.50        1.557364E+15   6.7229E-05   8.8512E-05   0.75955
FLUX  228   193.50        1.549315E+15   7.1407E-05   8.8601E-05   0.80595
FLUX  229   194.50        1.541350E+15   7.2770E-05   8.8686E-05   0.82053
FLUX  230   195.50        1.533465E+15   6.8882E-05   8.8768E-05   0.77598
FLUX  231   196.70        1.524110E+15   7.6175E-05   8.8870E-05   0.85715
FLUX  232   197.60        1.517168E+15   7.8844E-05   8.8943E-05   0.88646
FLUX  233   198.40        1.511051E+15   7.5043E-05   8.9018E-05   0.84301
FLUX  234   199.50        1.502719E+15   7.3112E-05   8.9101E-05   0.82055
FLUX  235   200.50        1.495224E+15   7.6949E-05   8.9173E-05   0.86291
FLUX  236   201.50        1.487804E+15   7.4023E-05   8.9243E-05   0.82946
FLUX  237   202.50        1.480457E+15   7.9195E-05   8.9309E-05   0.88676
FLUX  238   203.50        1.473182E+15   7.4428E-05   8.9372E-05   0.83279
FLUX  239   204.50        1.465978E+15   7.7543E-05   8.9432E-05   0.86707
FLUX  240   205.50        1.458844E+15   7.3591E-05   8.9489E-05   0.82235
FLUX  241   206.50        1.451780E+15   7.5331E-05   8.9543E-05   0.84128
FLUX  242   207.40        1.445480E+15   8.0765E-05   8.9590E-05   0.90150
FLUX  243   207.80        1.442697E+15   7.4799E-05   8.9611E-05   0.83471
FLUX  244   208.50        1.437854E+15   7.9570E-05   8.9645E-05   0.88761
FLUX  245   209.50        1.430990E+15   7.5799E-05   8.9691E-05   0.84511
FLUX  246   210.50        1.424192E+15   7.7213E-05   8.9735E-05   0.86046
FLUX  247   211.50        1.417459E+15   7.8410E-05   8.9777E-05   0.87339
FLUX  248   212.50        1.410788E+15   7.9725E-05   8.9816E-05   0.88765
FLUX  249   213.50        1.404180E+15   7.5089E-05   8.9853E-05   0.83569
FLUX  250   214.50        1.397634E+15   7.7045E-05   8.9887E-05   0.85713
FLUX  251   215.50        1.391148E+15   8.0913E-05   8.9920E-05   0.89984
FLUX  252   216.50        1.384723E+15   7.9169E-05   8.9950E-05   0.88015
FLUX  253   217.50        1.378356E+15   7.9000E-05   8.9978E-05   0.87799
FLUX  254   218.50        1.372048E+15   7.6812E-05   9.0004E-05   0.85343
FLUX  255   219.50        1.365797E+15   8.0539E-05   9.0028E-05   0.89460
FLUX  256   220.50        1.359603E+15   7.9450E-05   9.0049E-05   0.88229
FLUX  257   221.50        1.353465E+15   7.6765E-05   9.0069E-05   0.85229
FLUX  258   222.50        1.347382E+15   7.4320E-05   9.0087E-05   0.82498
FLUX  259   223.50        1.341353E+15   7.9628E-05   9.0103E-05   0.88374
FLUX  260   224.50        1.335379E+15   7.6327E-05   9.0118E-05   0.84698
FLUX  261   225.50        1.329457E+15   7.4381E-05   9.0130E-05   0.82526
FLUX  262   226.50        1.323587E+15   7.7091E-05   9.0140E-05   0.85523
FLUX  263   227.50        1.317769E+15   7.9396E-05   9.0149E-05   0.88072
FLUX  264   228.50        1.312002E+15   8.1049E-05   9.0156E-05   0.89898
FLUX  265   229.50        1.306285E+15   7.8505E-05   9.0162E-05   0.87071
FLUX  266   230.50        1.300618E+15   7.7046E-05   9.0165E-05   0.85450
FLUX  267   231.50        1.295000E+15   7.4209E-05   9.0168E-05   0.82301
FLUX  268   232.50        1.289430E+15   7.3810E-05   9.0168E-05   0.81858
FLUX  269   233.50        1.283908E+15   7.1222E-05   9.0167E-05   0.78989
FLUX  270   234.50        1.278433E+15   7.0968E-05   9.0164E-05   0.78709
FLUX  271   235.50        1.273004E+15   7.4347E-05   9.0161E-05   0.82460
FLUX  272   236.50        1.267622E+15   7.0970E-05   9.0155E-05   0.78719
FLUX  273   237.50        1.262284E+15   7.2487E-05   9.0148E-05   0.80409
FLUX  274   238.50        1.256992E+15   6.9047E-05   9.0140E-05   0.76600
FLUX  275   239.50        1.251743E+15   7.4146E-05   9.0131E-05   0.82265
FLUX  276   240.50        1.246538E+15   7.1239E-05   9.0120E-05   0.79049
FLUX  277   241.50        1.241377E+15   7.2864E-05   9.0108E-05   0.80863
FLUX  278   242.50        1.236258E+15   7.5805E-05   9.0095E-05   0.84139
FLUX  279   243.50        1.231181E+15   7.3070E-05   9.0081E-05   0.81116
FLUX  280   244.50        1.226145E+15   7.7344E-05   9.0065E-05   0.85876
FLUX  281   245.50        1.221151E+15   7.5973E-05   9.0049E-05   0.84369
FLUX  282   246.50        1.216197E+15   7.6776E-05   9.0031E-05   0.85277
FLUX  283   247.50        1.211283E+15   7.4904E-05   9.0012E-05   0.83216
FLUX  284   248.50        1.206408E+15   7.8535E-05   8.9992E-05   0.87269
FLUX  285   249.50        1.201573E+15   7.6809E-05   8.9970E-05   0.85371
FLUX  286   250.50        1.196776E+15   8.0480E-05   8.9948E-05   0.89473
FLUX  287   251.30        1.192967E+15   7.5600E-05   8.9929E-05   0.84066
FLUX  288   251.80        1.190598E+15   7.8516E-05   8.9917E-05   0.87321
FLUX  289   252.50        1.187297E+15   7.5338E-05   8.9900E-05   0.83802
FLUX  290   253.50        1.182613E+15   7.6165E-05   8.9878E-05   0.84743
FLUX  291   254.50        1.177967E+15   7.4555E-05   8.9856E-05   0.82972
FLUX  292   255.50        1.173356E+15   7.7597E-05   8.9832E-05   0.86380
FLUX  293   256.50        1.168782E+15   7.7226E-05   8.9808E-05   0.85991
FLUX  294   257.50        1.164243E+15   8.1330E-05   8.9782E-05   0.90586
FLUX  295   258.50        1.159739E+15   8.0694E-05   8.9756E-05   0.89904
FLUX  296   259.50        1.155270E+15   8.1502E-05   8.9728E-05   0.90833
FLUX  297   260.50        1.150835E+15   7.9511E-05   9.0102E-05   0.88245
FLUX  298   261.50        1.146434E+15   7.9621E-05   9.0065E-05   0.88403
FLUX  299   262.50        1.142067E+15   8.0863E-05   9.0028E-05   0.89820
FLUX  300   263.50        1.137732E+15   8.1525E-05   8.9989E-05   0.90594
FLUX  301   264.50        1.133431E+15   8.4933E-05   8.9950E-05   0.94423
FLUX  302   265.50        1.129162E+15   8.4617E-05   8.9910E-05   0.94113
FLUX  303   266.50        1.124925E+15   8.1226E-05   8.9869E-05   0.90382
FLUX  304   267.50        1.120720E+15   8.4010E-05   8.9828E-05   0.93524
FLUX  305   268.50        1.116546E+15   8.3429E-05   8.9786E-05   0.92920
FLUX  306   269.50        1.112403E+15   8.2140E-05   8.9743E-05   0.91529
FLUX  307   270.50        1.108290E+15   8.3700E-05   8.9699E-05   0.93312
FLUX  308   271.50        1.104208E+15   8.1987E-05   8.9654E-05   0.91448
FLUX  309   272.50        1.100156E+15   8.2362E-05   8.9609E-05   0.91913
FLUX  310   273.50        1.096133E+15   8.5218E-05   8.9564E-05   0.95149
FLUX  311   274.50        1.092140E+15   7.9321E-05   8.9517E-05   0.88609
FLUX  312   275.50        1.088176E+15   7.9508E-05   8.9470E-05   0.88865
FLUX  313   276.50        1.084240E+15   8.1252E-05   8.9422E-05   0.90863
FLUX  314   277.50        1.080333E+15   8.3921E-05   8.9374E-05   0.93899
FLUX  315   278.50        1.076454E+15   8.4471E-05   8.9325E-05   0.94566
FLUX  316   279.50        1.072603E+15   7.9444E-05   8.9275E-05   0.88988
FLUX  317   280.50        1.068779E+15   8.2906E-05   8.9224E-05   0.92918
FLUX  318   281.50        1.064982E+15   8.5312E-05   8.9174E-05   0.95669
FLUX  319   282.50        1.061212E+15   8.5093E-05   8.9122E-05   0.95479
FLUX  320   283.50        1.057469E+15   8.2157E-05   8.9070E-05   0.92239
FLUX  321   284.50        1.053752E+15   8.1497E-05   8.9018E-05   0.91551
FLUX  322   285.50        1.050061E+15   8.2289E-05   8.8965E-05   0.92496
FLUX  323   286.50        1.046396E+15   8.4369E-05   8.8911E-05   0.94891
FLUX  324   287.50        1.042757E+15   8.3359E-05   8.8857E-05   0.93812
FLUX  325   288.50        1.039142E+15   8.4299E-05   8.8803E-05   0.94929
FLUX  326   289.50        1.035553E+15   8.3672E-05   8.8747E-05   0.94281
FLUX  327   291.00        1.030215E+15   8.6362E-05   8.8663E-05   0.97404
FLUX  328   293.00        1.023183E+15   8.5278E-05   8.8550E-05   0.96305
FLUX  329   295.00        1.016246E+15   8.5163E-05   8.8434E-05   0.96301
FLUX  330   297.00        1.009402E+15   8.5592E-05   8.8317E-05   0.96915
FLUX  331   299.00        1.002650E+15   8.5596E-05   8.8198E-05   0.97050
FLUX  332   301.00        9.959884E+14   8.6780E-05   8.8076E-05   0.98528
FLUX  333   303.00        9.894142E+14   8.6946E-05   8.7953E-05   0.98855
FLUX  334   305.00        9.829262E+14   8.6470E-05   8.7828E-05   0.98455
FLUX  335   307.00        9.765228E+14   8.6260E-05   8.7700E-05   0.98357
FLUX  336   309.00        9.702023E+14   8.6709E-05   8.7571E-05   0.99015
FLUX  337   311.00        9.639630E+14   8.5915E-05   8.7441E-05   0.98255
FLUX  338   313.00        9.578035E+14   8.5924E-05   8.7340E-05   0.98379
FLUX  339   315.00        9.517222E+14   8.6227E-05   8.7206E-05   0.98878
FLUX  340   317.00        9.457177E+14   8.5812E-05   8.7072E-05   0.98553
FLUX  341   319.00        9.397884E+14   8.4448E-05   8.6937E-05   0.97138
FLUX  342   321.00        9.339330E+14   8.5507E-05   8.6800E-05   0.98510
FLUX  343   323.00        9.281501E+14   8.5408E-05   8.6662E-05   0.98554
FLUX  344   325.00        9.224385E+14   8.5370E-05   8.6523E-05   0.98668
FLUX  345   327.00        9.167966E+14   8.5508E-05   8.6382E-05   0.98989
FLUX  346   329.00        9.112234E+14   8.5484E-05   8.6239E-05   0.99124
FLUX  347   331.00        9.057175E+14   8.5725E-05   8.6096E-05   0.99570
FLUX  348   333.00        9.002778E+14   8.5331E-05   8.5950E-05   0.99280
FLUX  349   335.00        8.949030E+14   8.4841E-05   8.5804E-05   0.98878
FLUX  350   337.00        8.895920E+14   8.4810E-05   8.5656E-05   0.99012
FLUX  351   339.00        8.843436E+14   8.4567E-05   8.5508E-05   0.98900
FLUX  352   341.00        8.791569E+14   8.4819E-05   8.5358E-05   0.99368
FLUX  353   343.00        8.740306E+14   8.4565E-05   8.5329E-05   0.99105
FLUX  354   345.00        8.689638E+14   8.4428E-05   8.5173E-05   0.99126
FLUX  355   347.00        8.639553E+14   8.4147E-05   8.5015E-05   0.98979
FLUX  356   349.00        8.590043E+14   8.4135E-05   8.4856E-05   0.99150
FLUX  357   351.00        8.541097E+14   8.4288E-05   8.4696E-05   0.99519
FLUX  358   353.00        8.492705E+14   8.4323E-05   8.4535E-05   0.99749
FLUX  359   355.00        8.444859E+14   8.4213E-05   8.4374E-05   0.99809
FLUX  360   357.00        8.397549E+14   8.4049E-05   8.4211E-05   0.99807
FLUX  361   359.00        8.350766E+14   8.3609E-05   8.4049E-05   0.99476
FLUX  362   361.00        8.304501E+14   8.3565E-05   8.3886E-05   0.99618
FLUX  363   363.00        8.258746E+14   8.3399E-05   8.3720E-05   0.99616
FLUX  364   364.00        8.236058E+14   8.3578E-05   8.3639E-05   0.99928
FLUX  365   365.00        8.213493E+14   8.3509E-05   1.4727E-04   0.56703
FLUX  366   367.00        8.168733E+14   8.3022E-05   1.4658E-04   0.56641
FLUX  367   369.00        8.124458E+14   8.1234E-05   1.4732E-04   0.55142
FLUX  368   371.00        8.080660E+14   8.9806E-05   1.4661E-04   0.61254
FLUX  369   373.00        8.037332E+14   9.8267E-05   1.4591E-04   0.67347
FLUX  370   375.00        7.994467E+14   1.1780E-04   1.4521E-04   0.81126
FLUX  371   377.00        7.952056E+14   1.1915E-04   1.4452E-04   0.82446
FLUX  372   379.00        7.910092E+14   1.2505E-04   1.4382E-04   0.86950
FLUX  373   381.00        7.868569E+14   1.3288E-04   1.4313E-04   0.92835
FLUX  374   383.00        7.827480E+14   1.1845E-04   1.4244E-04   0.83159
FLUX  375   385.00        7.786818E+14   1.3639E-04   1.4176E-04   0.96215
FLUX  376   387.00        7.746576E+14   1.3730E-04   1.4108E-04   0.97325
FLUX  377   389.00        7.706748E+14   1.1705E-04   1.4040E-04   0.83372
FLUX  378   391.00        7.667327E+14   1.3807E-04   1.3972E-04   0.98820
FLUX  379   393.00        7.628308E+14   1.3546E-04   1.3905E-04   0.97417
FLUX  380   395.00        7.589683E+14   1.3698E-04   1.3838E-04   0.98992
FLUX  381   397.00        7.551448E+14   1.1385E-04   1.3771E-04   0.82673
FLUX  382   399.00        7.513596E+14   1.3510E-04   1.3705E-04   0.98583
FLUX  383   401.00        7.476122E+14   1.3488E-04   1.3638E-04   0.98899
FLUX  384   403.00        7.439020E+14   1.3164E-04   1.3573E-04   0.96988
FLUX  385   405.00        7.402284E+14   1.3451E-04   1.3507E-04   0.99580
FLUX  386   407.00        7.365909E+14   1.3289E-04   1.3442E-04   0.98864
FLUX  387   409.00        7.329890E+14   1.2920E-04   1.3377E-04   0.96585
FLUX  388   411.00        7.294221E+14   1.1414E-04   1.3313E-04   0.85737
FLUX  389   413.00        7.258898E+14   1.2944E-04   1.3249E-04   0.97698
FLUX  390   415.00        7.223916E+14   1.2995E-04   1.3185E-04   0.98557
FLUX  391   417.00        7.189269E+14   1.2981E-04   1.3122E-04   0.98926
FLUX  392   419.00        7.154952E+14   1.2986E-04   1.3059E-04   0.99436
FLUX  393   421.00        7.120962E+14   1.2955E-04   1.2996E-04   0.99679
FLUX  394   423.00        7.087293E+14   1.2871E-04   1.2934E-04   0.99513
FLUX  395   425.00        7.053941E+14   1.2795E-04   1.2872E-04   0.99402
FLUX  396   427.00        7.020902E+14   1.2622E-04   1.2811E-04   0.98525
FLUX  397   429.00        6.988170E+14   1.2690E-04   1.2749E-04   0.99532
FLUX  398   431.00        6.955742E+14   1.2600E-04   1.2688E-04   0.99307
FLUX  399   433.00        6.923614E+14   1.1963E-04   1.2628E-04   0.94739
FLUX  400   435.00        6.891782E+14   1.0927E-04   1.2567E-04   0.86949
FLUX  401   437.00        6.860240E+14   1.2401E-04   1.2507E-04   0.99146
FLUX  402   439.00        6.828986E+14   1.2226E-04   1.2448E-04   0.98221
FLUX  403   441.00        6.798016E+14   1.2330E-04   1.2389E-04   0.99526
FLUX  404   443.00        6.767325E+14   1.2203E-04   1.2330E-04   0.98971
FLUX  405   445.00        6.736910E+14   1.2234E-04   1.2271E-04   0.99698
FLUX  406   447.00        6.706767E+14   1.1949E-04   1.2213E-04   0.97839
FLUX  407   449.00        6.676893E+14   1.1996E-04   1.2155E-04   0.98691
FLUX  408   451.00        6.647284E+14   1.2052E-04   1.2097E-04   0.99632
FLUX  409   453.00        6.617936E+14   1.1953E-04   1.2040E-04   0.99282
FLUX  410   455.00        6.588846E+14   1.1880E-04   1.1983E-04   0.99145
FLUX  411   457.00        6.560011E+14   1.1894E-04   1.1926E-04   0.99728
FLUX  412   459.00        6.531427E+14   1.1803E-04   1.1870E-04   0.99443
FLUX  413   461.00        6.503091E+14   1.1777E-04   1.1814E-04   0.99691
FLUX  414   463.00        6.475000E+14   1.1660E-04   1.1758E-04   0.99169
FLUX  415   465.00        6.447150E+14   1.1646E-04   1.1702E-04   0.99519
FLUX  416   467.00        6.419540E+14   1.1600E-04   1.1647E-04   0.99593
FLUX  417   469.00        6.392164E+14   1.1568E-04   1.1593E-04   0.99783
FLUX  418   471.00        6.365021E+14   1.1344E-04   1.1538E-04   0.98315
FLUX  419   473.00        6.338108E+14   1.1390E-04   1.1484E-04   0.99180
FLUX  420   475.00        6.311421E+14   1.1329E-04   1.1430E-04   0.99112
FLUX  421   477.00        6.284958E+14   1.1372E-04   1.1377E-04   0.99960
FLUX  422   479.00        6.258716E+14   1.1300E-04   1.1324E-04   0.99792
FLUX  423   481.00        6.232692E+14   1.1206E-04   1.1271E-04   0.99423
FLUX  424   483.00        6.206884E+14   1.1140E-04   1.1218E-04   0.99306
FLUX  425   485.00        6.181289E+14   1.0722E-04   1.1166E-04   0.96019
FLUX  426   487.00        6.155903E+14   9.5969E-05   1.1114E-04   0.86349
FLUX  427   489.00        6.130726E+14   1.1008E-04   1.1062E-04   0.99507
FLUX  428   491.00        6.105753E+14   1.0964E-04   1.1011E-04   0.99574
FLUX  429   493.00        6.080984E+14   1.0779E-04   1.0960E-04   0.98351
FLUX  430   495.00        6.056414E+14   1.0876E-04   1.0910E-04   0.99696
FLUX  431   497.00        6.032042E+14   1.0845E-04   1.0859E-04   0.99871
FLUX  432   499.00        6.007866E+14   1.0770E-04   1.0809E-04   0.99638
FLUX  433   501.00        5.983882E+14   1.0535E-04   1.0759E-04   0.97918
FLUX  434   503.00        5.960089E+14   1.0619E-04   1.0710E-04   0.99149
FLUX  435   505.00        5.936485E+14   1.0463E-04   1.0661E-04   0.98145
FLUX  436   507.00        5.913067E+14   1.0553E-04   1.0612E-04   0.99446
FLUX  437   509.00        5.889833E+14   1.0498E-04   1.0563E-04   0.99376
FLUX  438   511.00        5.866781E+14   1.0422E-04   1.0515E-04   0.99114
FLUX  439   513.00        5.843908E+14   1.0388E-04   1.0467E-04   0.99244
FLUX  440   515.00        5.821214E+14   1.0312E-04   1.0420E-04   0.98964
FLUX  441   517.00        5.798694E+14   1.0298E-04   1.0372E-04   0.99280
FLUX  442   519.00        5.776349E+14   1.0261E-04   1.0325E-04   0.99381
FLUX  443   521.00        5.754175E+14   1.0125E-04   1.0278E-04   0.98509
FLUX  444   523.00        5.732170E+14   1.0150E-04   1.0232E-04   0.99198
FLUX  445   525.00        5.710333E+14   1.0129E-04   1.0186E-04   0.99446
FLUX  446   527.00        5.688662E+14   1.0052E-04   1.0140E-04   0.99138
FLUX  447   529.00        5.667155E+14   1.0065E-04   1.0094E-04   0.99710
FLUX  448   531.00        5.645810E+14   9.9848E-05   1.0049E-04   0.99363
FLUX  449   533.00        5.624625E+14   9.9570E-05   1.0004E-04   0.99534
FLUX  450   535.00        5.603598E+14   9.8946E-05   9.9588E-05   0.99355
FLUX  451   537.00        5.582728E+14   9.8814E-05   9.9142E-05   0.99669
FLUX  452   539.00        5.562013E+14   9.8367E-05   9.8700E-05   0.99663
FLUX  453   541.00        5.541451E+14   9.7803E-05   9.8260E-05   0.99536
FLUX  454   543.00        5.521040E+14   9.7131E-05   9.7822E-05   0.99293
FLUX  455   545.00        5.500780E+14   9.6897E-05   9.7388E-05   0.99496
FLUX  456   547.00        5.480667E+14   9.6363E-05   9.6955E-05   0.99389
FLUX  457   549.00        5.460701E+14   9.6207E-05   9.6526E-05   0.99670
FLUX  458   551.00        5.440880E+14   9.5648E-05   9.6099E-05   0.99530
FLUX  459   553.00        5.421202E+14   9.5329E-05   9.5675E-05   0.99639
FLUX  460   555.00        5.401667E+14   9.4993E-05   9.5253E-05   0.99727
FLUX  461   557.00        5.382271E+14   9.4518E-05   9.4834E-05   0.99667
FLUX  462   559.00        5.363014E+14   9.4145E-05   9.4417E-05   0.99711
FLUX  463   561.00        5.343895E+14   9.3726E-05   9.4003E-05   0.99705
FLUX  464   563.00        5.324911E+14   9.3534E-05   9.3591E-05   0.99939
FLUX  465   565.00        5.306062E+14   9.2341E-05   9.3182E-05   0.99097
FLUX  466   567.00        5.287346E+14   9.2154E-05   9.2776E-05   0.99330
FLUX  467   569.00        5.268761E+14   9.2084E-05   9.2371E-05   0.99689
FLUX  468   571.00        5.250306E+14   9.1850E-05   9.1969E-05   0.99870
FLUX  469   573.00        5.231981E+14   9.1459E-05   9.1570E-05   0.99878
FLUX  470   575.00        5.213783E+14   9.1060E-05   9.1173E-05   0.99876
FLUX  471   577.00        5.195711E+14   9.0697E-05   9.0778E-05   0.99911
FLUX  472   579.00        5.177763E+14   9.0232E-05   9.0386E-05   0.99830
FLUX  473   581.00        5.159940E+14   8.9856E-05   8.9996E-05   0.99845
FLUX  474   583.00        5.142238E+14   8.9466E-05   8.9609E-05   0.99841
FLUX  475   585.00        5.124658E+14   8.9101E-05   8.9223E-05   0.99863
FLUX  476   587.00        5.107198E+14   8.7283E-05   8.8841E-05   0.98247
FLUX  477   589.00        5.089856E+14   8.8026E-05   8.8460E-05   0.99509
FLUX  478   591.00        5.072631E+14   8.7933E-05   8.8082E-05   0.99830
FLUX  479   593.00        5.055523E+14   8.7637E-05   8.7706E-05   0.99922
FLUX  480   595.00        5.038529E+14   8.6839E-05   8.7333E-05   0.99434
FLUX  481   597.00        5.021650E+14   8.6810E-05   8.6961E-05   0.99826
FLUX  482   599.00        5.004883E+14   8.6295E-05   8.6592E-05   0.99657
FLUX  483   601.00        4.988228E+14   8.6175E-05   8.6226E-05   0.99942
FLUX  484   603.00        4.971683E+14   8.5764E-05   8.5861E-05   0.99887
FLUX  485   605.00        4.955248E+14   8.5416E-05   8.5499E-05   0.99903
FLUX  486   607.00        4.938921E+14   8.5039E-05   8.5139E-05   0.99883
FLUX  487   609.00        4.922701E+14   8.4636E-05   8.4781E-05   0.99828
FLUX  488   611.00        4.906588E+14   8.4392E-05   8.4426E-05   0.99960
FLUX  489   613.00        4.890579E+14   8.4020E-05   8.4073E-05   0.99938
FLUX  490   615.00        4.874675E+14   8.3288E-05   8.3721E-05   0.99483
FLUX  491   617.00        4.858874E+14   8.3279E-05   8.3372E-05   0.99888
FLUX  492   619.00        4.843174E+14   8.2984E-05   8.3025E-05   0.99951
FLUX  493   621.00        4.827576E+14   8.2629E-05   8.2680E-05   0.99938
FLUX  494   623.00        4.812079E+14   8.2188E-05   8.2337E-05   0.99819
FLUX  495   625.00        4.796680E+14   8.1572E-05   8.1996E-05   0.99483
FLUX  496   627.00        4.781380E+14   8.1584E-05   8.1657E-05   0.99911
FLUX  497   629.00        4.766176E+14   8.1199E-05   8.1320E-05   0.99851
FLUX  498   631.00        4.751070E+14   8.0739E-05   8.0985E-05   0.99697
FLUX  499   633.00        4.736058E+14   8.0544E-05   8.0652E-05   0.99865
FLUX  500   635.00        4.721142E+14   7.9618E-05   8.0321E-05   0.99124
FLUX  501   637.00        4.706319E+14   7.9474E-05   7.9992E-05   0.99353
FLUX  502   639.00        4.691588E+14   7.9491E-05   7.9665E-05   0.99782
FLUX  503   641.00        4.676950E+14   7.9117E-05   7.9340E-05   0.99719
FLUX  504   643.00        4.662403E+14   7.8972E-05   7.9016E-05   0.99943
FLUX  505   645.00        4.647946E+14   7.8517E-05   7.8695E-05   0.99773
FLUX  506   647.00        4.633578E+14   7.8276E-05   7.8376E-05   0.99873
FLUX  507   649.00        4.619299E+14   7.7905E-05   7.8058E-05   0.99804
FLUX  508   651.00        4.605107E+14   7.7469E-05   7.7742E-05   0.99648
FLUX  509   653.00        4.591003E+14   7.7077E-05   7.7428E-05   0.99546
FLUX  510   655.00        4.576985E+14   7.4994E-05   7.7116E-05   0.97249
FLUX  511   657.00        4.563052E+14   6.6373E-05   7.6806E-05   0.86417
FLUX  512   659.00        4.549203E+14   7.5722E-05   7.6497E-05   0.98986
FLUX  513   661.00        4.535439E+14   7.6069E-05   7.6190E-05   0.99841
FLUX  514   663.00        4.521757E+14   7.5808E-05   7.5885E-05   0.99898
FLUX  515   665.00        4.508158E+14   7.5550E-05   7.5600E-05   0.99933
FLUX  516   667.00        4.494640E+14   7.4870E-05   7.5298E-05   0.99431
FLUX  517   669.00        4.481203E+14   7.4605E-05   7.4998E-05   0.99476
FLUX  518   671.00        4.467846E+14   7.4617E-05   7.4699E-05   0.99890
FLUX  519   673.00        4.454569E+14   7.4333E-05   7.4403E-05   0.99906
FLUX  520   675.00        4.441370E+14   7.4052E-05   7.4108E-05   0.99925
FLUX  521   677.00        4.428250E+14   7.3781E-05   7.3814E-05   0.99955
FLUX  522   679.00        4.415206E+14   7.3366E-05   7.3523E-05   0.99786
FLUX  523   681.00        4.402239E+14   7.3150E-05   7.3233E-05   0.99887
FLUX  524   683.00        4.389348E+14   7.2794E-05   7.2944E-05   0.99794
FLUX  525   685.00        4.376533E+14   7.2586E-05   7.2657E-05   0.99902
FLUX  526   687.00        4.363792E+14   7.2315E-05   7.2372E-05   0.99921
FLUX  527   689.00        4.351125E+14   7.2034E-05   7.2089E-05   0.99924
FLUX  528   691.00        4.338531E+14   7.1745E-05   7.1807E-05   0.99914
FLUX  529   693.00        4.326010E+14   7.1336E-05   7.1527E-05   0.99734
FLUX  530   695.00        4.313561E+14   7.1198E-05   7.1248E-05   0.99929
FLUX  531   697.00        4.301184E+14   7.0934E-05   7.0971E-05   0.99947
FLUX  532   699.00        4.288877E+14   7.0649E-05   7.0696E-05   0.99933
FLUX  533   701.00        4.276640E+14   7.0354E-05   7.0422E-05   0.99903
FLUX  534   703.00        4.264474E+14   7.0087E-05   7.0150E-05   0.99910
FLUX  535   705.00        4.252376E+14   6.9639E-05   6.9879E-05   0.99657
FLUX  536   707.00        4.240346E+14   6.8936E-05   6.9610E-05   0.99031
FLUX  537   709.00        4.228385E+14   6.9318E-05   6.9342E-05   0.99964
FLUX  538   711.00        4.216491E+14   6.8961E-05   6.9076E-05   0.99833
FLUX  539   713.00        4.204663E+14   6.8715E-05   6.8812E-05   0.99860
FLUX  540   715.00        4.192902E+14   6.8487E-05   6.8548E-05   0.99911
FLUX  541   717.00        4.181206E+14   6.8230E-05   6.8287E-05   0.99917
FLUX  542   719.00        4.169576E+14   6.7998E-05   6.8026E-05   0.99959
FLUX  543   721.00        4.158010E+14   6.7745E-05   6.7768E-05   0.99966
FLUX  544   723.00        4.146508E+14   6.7094E-05   6.7510E-05   0.99384
FLUX  545   725.00        4.135069E+14   6.7169E-05   6.7255E-05   0.99873
FLUX  546   727.00        4.123693E+14   6.6974E-05   6.7000E-05   0.99961
FLUX  547   729.00        4.112380E+14   6.6502E-05   6.6747E-05   0.99633
FLUX  548   731.00        4.101129E+14   6.6461E-05   6.6495E-05   0.99948
FLUX  549   733.00        4.089939E+14   6.6213E-05   6.6245E-05   0.99952
FLUX  550   735.00        4.078809E+14   6.5991E-05   6.5996E-05   0.99992
FLUX  551   737.00        4.067741E+14   6.5740E-05   6.5748E-05   0.99988
FLUX  552   739.00        4.056732E+14   6.5494E-05   6.5502E-05   0.99987
FLUX  553   741.00        4.045783E+14   6.5243E-05   6.5257E-05   0.99978
FLUX  554   743.00        4.034892E+14   6.4923E-05   6.5014E-05   0.99860
FLUX  555   745.00        4.024060E+14   6.4718E-05   6.4774E-05   0.99913
FLUX  556   747.00        4.013286E+14   6.4402E-05   6.4533E-05   0.99797
FLUX  557   749.00        4.002570E+14   6.4217E-05   6.4294E-05   0.99880
FLUX  558   751.00        3.991911E+14   6.3975E-05   6.4056E-05   0.99874
FLUX  559   753.00        3.981308E+14   6.3779E-05   6.3819E-05   0.99938
FLUX  560   755.00        3.970762E+14   6.3553E-05   6.3583E-05   0.99953
FLUX  561   757.00        3.960271E+14   6.3328E-05   6.3349E-05   0.99967
FLUX  562   759.00        3.949835E+14   6.3065E-05   6.3116E-05   0.99920
FLUX  563   761.00        3.939455E+14   6.2879E-05   6.2884E-05   0.99992
FLUX  564   763.00        3.929128E+14   6.2637E-05   6.2653E-05   0.99973
FLUX  565   765.00        3.918856E+14   6.2391E-05   6.2424E-05   0.99947
FLUX  566   767.00        3.908638E+14   6.2175E-05   6.2196E-05   0.99966
FLUX  567   769.00        3.898472E+14   6.1939E-05   6.1969E-05   0.99951
FLUX  568   771.00        3.888359E+14   6.1715E-05   6.1744E-05   0.99953
FLUX  569   773.00        3.878299E+14   6.1486E-05   6.1519E-05   0.99946
FLUX  570   775.00        3.868290E+14   6.1266E-05   6.1296E-05   0.99951
FLUX  571   777.00        3.858333E+14   6.0478E-05   6.1074E-05   0.99024
FLUX  572   779.00        3.848427E+14   6.0825E-05   6.0853E-05   0.99954
FLUX  573   781.00        3.838572E+14   6.0614E-05   6.0633E-05   0.99969
FLUX  574   783.00        3.828768E+14   6.0401E-05   6.0415E-05   0.99977
FLUX  575   785.00        3.819013E+14   6.0011E-05   6.0213E-05   0.99665
FLUX  576   787.00        3.809307E+14   5.9828E-05   5.9996E-05   0.99720
FLUX  577   789.00        3.799651E+14   5.9508E-05   5.9781E-05   0.99544
FLUX  578   791.00        3.790044E+14   5.9521E-05   5.9567E-05   0.99923
FLUX  579   793.00        3.780485E+14   5.9338E-05   5.9354E-05   0.99974
FLUX  580   795.00        3.770975E+14   5.8965E-05   5.9142E-05   0.99701
FLUX  581   797.00        3.761512E+14   5.8886E-05   5.8931E-05   0.99924
FLUX  582   799.00        3.752096E+14   5.8429E-05   5.8721E-05   0.99503
FLUX  583   801.00        3.742728E+14   5.8479E-05   5.8513E-05   0.99943
FLUX  584   803.00        3.733406E+14   5.8264E-05   5.8305E-05   0.99930
FLUX  585   805.00        3.724130E+14   5.8048E-05   5.8099E-05   0.99912
FLUX  586   807.00        3.714901E+14   5.7861E-05   5.7893E-05   0.99945
FLUX  587   809.00        3.705717E+14   5.7617E-05   5.7689E-05   0.99875
FLUX  588   811.00        3.696578E+14   5.7411E-05   5.7485E-05   0.99871
FLUX  589   813.00        3.687485E+14   5.7234E-05   5.7283E-05   0.99914
FLUX  590   815.00        3.678436E+14   5.7021E-05   5.7082E-05   0.99894
FLUX  591   817.00        3.669431E+14   5.6864E-05   5.6882E-05   0.99969
FLUX  592   819.00        3.660470E+14   5.6618E-05   5.6683E-05   0.99885
FLUX  593   821.00        3.651553E+14   5.6267E-05   6.1974E-05   0.90791
FLUX  594   823.00        3.642679E+14   5.6040E-05   6.1747E-05   0.90758
FLUX  595   825.00        3.633848E+14   5.6072E-05   6.1521E-05   0.91142
FLUX  596   827.00        3.625060E+14   5.5848E-05   6.1311E-05   0.91089
FLUX  597   829.00        3.616315E+14   5.5616E-05   6.1088E-05   0.91044
FLUX  598   831.00        3.607611E+14   5.5460E-05   6.0865E-05   0.91120
FLUX  599   833.00        3.598950E+14   5.5218E-05   6.0644E-05   0.91052
FLUX  600   835.00        3.590329E+14   5.4925E-05   6.0424E-05   0.90900
FLUX  601   837.00        3.581750E+14   5.4526E-05   6.0205E-05   0.90566
FLUX  602   839.00        3.573212E+14   5.4364E-05   5.9988E-05   0.90625
FLUX  603   841.00        3.564715E+14   5.4010E-05   5.9771E-05   0.90361
FLUX  604   843.00        3.556257E+14   5.4186E-05   5.9556E-05   0.90984
FLUX  605   845.00        3.547840E+14   5.3736E-05   5.9342E-05   0.90554
FLUX  606   847.00        3.539463E+14   5.2655E-05   5.9129E-05   0.89052
FLUX  607   849.00        3.531125E+14   5.4893E-05   5.8917E-05   0.93171
FLUX  608   851.00        3.522826E+14   5.2054E-05   5.8706E-05   0.88669
FLUX  609   853.00        3.514566E+14   5.5330E-05   5.8496E-05   0.94587
FLUX  610   855.00        3.506345E+14   5.0944E-05   5.8287E-05   0.87401
FLUX  611   857.00        3.498162E+14   5.5875E-05   5.8080E-05   0.96203
FLUX  612   859.00        3.490017E+14   5.3151E-05   5.7873E-05   0.91840
FLUX  613   861.00        3.481911E+14   5.2331E-05   5.7668E-05   0.90745
FLUX  614   863.00        3.473841E+14   5.6277E-05   5.7464E-05   0.97934
FLUX  615   865.00        3.465809E+14   5.5365E-05   5.7261E-05   0.96690
FLUX  616   867.00        3.457814E+14   4.9398E-05   5.7058E-05   0.86575
FLUX  617   869.00        3.449856E+14   5.6027E-05   5.6857E-05   0.98540
FLUX  618   871.00        3.441935E+14   5.6388E-05   5.6657E-05   0.99524
FLUX  619   873.00        3.434049E+14   5.5481E-05   5.6458E-05   0.98270
FLUX  620   875.00        3.426200E+14   4.8721E-05   5.6260E-05   0.86600
FLUX  621   877.00        3.418387E+14   5.4574E-05   5.6063E-05   0.97343
FLUX  622   879.00        3.410609E+14   5.5621E-05   5.5867E-05   0.99559
FLUX  623   881.00        3.402866E+14   5.5544E-05   5.5672E-05   0.99769
FLUX  624   883.00        3.395159E+14   5.5088E-05   5.5478E-05   0.99297
FLUX  625   885.00        3.387486E+14   5.3196E-05   5.5285E-05   0.96221
FLUX  626   887.00        3.379848E+14   4.8111E-05   5.5093E-05   0.87326
FLUX  627   889.00        3.372244E+14   5.4425E-05   5.4902E-05   0.99130
FLUX  628   891.00        3.364674E+14   5.4543E-05   5.4712E-05   0.99690
FLUX  629   893.00        3.357139E+14   5.4290E-05   5.4523E-05   0.99571
FLUX  630   895.00        3.349637E+14   5.4297E-05   5.4336E-05   0.99930
FLUX  631   897.00        3.342168E+14   5.4086E-05   5.4149E-05   0.99885
FLUX  632   899.00        3.334733E+14   5.3448E-05   5.3962E-05   0.99046
FLUX  633   901.00        3.327331E+14   4.7793E-05   5.3777E-05   0.88871
FLUX  634   903.00        3.319961E+14   5.0976E-05   5.3593E-05   0.95117
FLUX  635   905.00        3.312624E+14   5.3165E-05   5.3410E-05   0.99542
FLUX  636   907.00        3.305320E+14   5.2804E-05   5.3227E-05   0.99204
FLUX  637   909.00        3.298047E+14   5.2683E-05   5.3046E-05   0.99316
FLUX  638   911.00        3.290807E+14   5.2723E-05   5.2866E-05   0.99731
FLUX  639   913.00        3.283598E+14   5.2559E-05   5.2686E-05   0.99759
FLUX  640   915.00        3.276421E+14   5.2469E-05   5.2507E-05   0.99928
FLUX  641   917.00        3.269275E+14   5.2180E-05   5.2329E-05   0.99715
FLUX  642   919.00        3.262160E+14   5.1877E-05   5.2152E-05   0.99473
FLUX  643   921.00        3.255076E+14   5.0917E-05   5.1976E-05   0.97963
FLUX  644   923.00        3.248023E+14   4.4705E-05   5.1801E-05   0.86303
FLUX  645   925.00        3.241000E+14   5.0411E-05   5.1626E-05   0.97647
FLUX  646   927.00        3.234008E+14   5.0685E-05   5.1453E-05   0.98507
FLUX  647   929.00        3.227045E+14   5.1139E-05   5.1280E-05   0.99726
FLUX  648   931.00        3.220113E+14   5.0990E-05   5.1108E-05   0.99770
FLUX  649   933.00        3.213210E+14   5.0833E-05   5.0937E-05   0.99797
FLUX  650   935.00        3.206337E+14   5.0724E-05   5.0767E-05   0.99917
FLUX  651   937.00        3.199493E+14   5.0558E-05   5.0597E-05   0.99922
FLUX  652   939.00        3.192678E+14   5.0358E-05   5.0429E-05   0.99860
FLUX  653   941.00        3.185893E+14   4.9874E-05   5.0261E-05   0.99231
FLUX  654   943.00        3.179136E+14   5.0052E-05   5.0094E-05   0.99916
FLUX  655   945.00        3.172407E+14   4.9910E-05   4.9928E-05   0.99965
FLUX  656   947.00        3.165707E+14   4.9635E-05   4.9763E-05   0.99744
FLUX  657   949.00        3.159036E+14   4.9559E-05   4.9598E-05   0.99920
FLUX  658   951.00        3.152392E+14   4.9128E-05   4.9435E-05   0.99379
FLUX  659   953.00        3.145776E+14   4.8101E-05   4.9272E-05   0.97625
FLUX  660   955.00        3.139188E+14   4.2707E-05   4.9110E-05   0.86962
FLUX  661   957.00        3.132628E+14   4.8308E-05   4.8948E-05   0.98693
FLUX  662   959.00        3.126095E+14   4.8688E-05   4.8788E-05   0.99795
FLUX  663   961.00        3.119589E+14   4.8535E-05   4.8628E-05   0.99808
FLUX  664   963.00        3.113110E+14   4.8094E-05   4.8469E-05   0.99225
FLUX  665   965.00        3.106658E+14   4.8297E-05   4.8311E-05   0.99971
FLUX  666   967.00        3.100233E+14   4.8071E-05   4.8154E-05   0.99829
FLUX  667   969.00        3.093834E+14   4.7960E-05   4.7997E-05   0.99922
FLUX  668   971.00        3.087461E+14   4.7793E-05   4.7841E-05   0.99899
FLUX  669   973.00        3.081115E+14   4.7679E-05   4.7686E-05   0.99985
FLUX  670   975.00        3.074795E+14   4.7502E-05   4.7532E-05   0.99937
FLUX  671   977.00        3.068500E+14   4.7377E-05   4.7378E-05   0.99997
FLUX  672   979.00        3.062232E+14   4.7218E-05   4.7225E-05   0.99985
FLUX  673   981.00        3.055989E+14   4.7059E-05   4.7073E-05   0.99969
FLUX  674   983.00        3.049771E+14   4.6879E-05   4.6922E-05   0.99910
FLUX  675   985.00        3.043579E+14   4.6750E-05   4.6771E-05   0.99956
FLUX  676   987.00        3.037411E+14   4.6599E-05   4.6621E-05   0.99953
FLUX  677   989.00        3.031269E+14   4.6414E-05   4.6471E-05   0.99876
FLUX  678   991.00        3.025151E+14   4.6247E-05   4.6323E-05   0.99837
FLUX  679   993.00        3.019058E+14   4.6159E-05   4.6175E-05   0.99965
FLUX  680   995.00        3.012990E+14   4.6011E-05   4.6028E-05   0.99964
FLUX  681   997.00        3.006946E+14   4.5859E-05   4.5881E-05   0.99951
FLUX  682   999.00        3.000926E+14   4.5714E-05   4.5735E-05   0.99954
FLUX  683  1002.50        2.990449E+14   4.4320E-05   4.5482E-05   0.97446
FLUX  684  1007.50        2.975608E+14   4.3017E-05   4.5123E-05   0.95333
FLUX  685  1012.50        2.960914E+14   4.4552E-05   4.4769E-05   0.99516
FLUX  686  1017.50        2.946364E+14   4.4373E-05   4.4418E-05   0.99898
FLUX  687  1022.50        2.931956E+14   4.4054E-05   4.4072E-05   0.99960
FLUX  688  1027.50        2.917689E+14   4.3718E-05   4.3730E-05   0.99972
FLUX  689  1032.50        2.903559E+14   4.3316E-05   4.3392E-05   0.99825
FLUX  690  1037.50        2.889566E+14   4.3043E-05   4.3057E-05   0.99968
FLUX  691  1042.50        2.875707E+14   4.2720E-05   4.2727E-05   0.99986
FLUX  692  1047.50        2.861981E+14   4.2380E-05   4.2400E-05   0.99953
FLUX  693  1052.50        2.848385E+14   4.2040E-05   4.2077E-05   0.99913
FLUX  694  1057.50        2.834917E+14   4.1741E-05   4.1757E-05   0.99961
FLUX  695  1062.50        2.821576E+14   4.1435E-05   4.1441E-05   0.99986
FLUX  696  1067.50        2.808361E+14   4.0990E-05   4.1129E-05   0.99661
FLUX  697  1072.50        2.795268E+14   4.0788E-05   4.0820E-05   0.99921
FLUX  698  1077.50        2.782297E+14   4.0497E-05   4.0515E-05   0.99956
FLUX  699  1082.50        2.769446E+14   3.9926E-05   4.0213E-05   0.99285
FLUX  700  1087.50        2.756713E+14   3.9886E-05   3.9915E-05   0.99927
FLUX  701  1092.50        2.744096E+14   3.7169E-05   3.9619E-05   0.93817
FLUX  702  1097.50        2.731595E+14   3.8902E-05   3.9327E-05   0.98920
FLUX  703  1102.50        2.719206E+14   3.8964E-05   3.9038E-05   0.99810
FLUX  704  1107.50        2.706930E+14   3.8748E-05   3.8752E-05   0.99988
FLUX  705  1112.50        2.694764E+14   3.8462E-05   3.8469E-05   0.99981
FLUX  706  1117.50        2.682707E+14   3.8175E-05   3.8190E-05   0.99963
FLUX  707  1122.50        2.670757E+14   3.7901E-05   3.7913E-05   0.99968
FLUX  708  1127.50        2.658913E+14   3.7495E-05   3.7639E-05   0.99617
FLUX  709  1132.50        2.647174E+14   3.7266E-05   3.7368E-05   0.99728
FLUX  710  1137.50        2.635538E+14   3.7089E-05   3.7100E-05   0.99970
FLUX  711  1142.50        2.624004E+14   3.6822E-05   3.6835E-05   0.99964
FLUX  712  1147.50        2.612571E+14   3.6568E-05   3.6573E-05   0.99988
FLUX  713  1152.50        2.601236E+14   3.6307E-05   3.6313E-05   0.99984
FLUX  714  1157.50        2.590000E+14   3.6051E-05   3.6057E-05   0.99985
FLUX  715  1162.50        2.578860E+14   3.5758E-05   3.5803E-05   0.99875
FLUX  716  1167.50        2.567816E+14   3.5507E-05   3.5551E-05   0.99877
FLUX  717  1172.50        2.556866E+14   3.5288E-05   3.5302E-05   0.99958
FLUX  718  1177.50        2.546008E+14   3.4956E-05   3.5056E-05   0.99715
FLUX  719  1182.50        2.535243E+14   3.4802E-05   3.4813E-05   0.99969
FLUX  720  1187.50        2.524568E+14   3.4545E-05   3.4572E-05   0.99923
FLUX  721  1192.50        2.513983E+14   3.4331E-05   3.4333E-05   0.99994
FLUX  722  1197.50        2.503486E+14   3.4020E-05   3.4097E-05   0.99776
FLUX  723  1202.50        2.493077E+14   3.3861E-05   3.3863E-05   0.99994
FLUX  724  1207.50        2.482754E+14   3.3628E-05   3.3631E-05   0.99990
FLUX  725  1212.50        2.472515E+14   3.3396E-05   3.3402E-05   0.99981
FLUX  726  1217.50        2.462361E+14   3.3171E-05   3.3176E-05   0.99986
FLUX  727  1222.50        2.452290E+14   3.2946E-05   3.2951E-05   0.99984
FLUX  728  1227.50        2.442301E+14   3.2720E-05   3.2729E-05   0.99971
FLUX  729  1232.50        2.432393E+14   3.2500E-05   3.2509E-05   0.99973
FLUX  730  1237.50        2.422566E+14   3.2286E-05   3.2291E-05   0.99983
FLUX  731  1242.50        2.412817E+14   3.2074E-05   3.2076E-05   0.99995
FLUX  732  1247.50        2.403146E+14   3.1828E-05   3.1863E-05   0.99892
FLUX  733  1252.50        2.393553E+14   3.1632E-05   3.1651E-05   0.99939
FLUX  734  1257.50        2.384036E+14   3.1418E-05   3.1442E-05   0.99924
FLUX  735  1262.50        2.374594E+14   3.1224E-05   3.1235E-05   0.99965
FLUX  736  1267.50        2.365227E+14   3.1027E-05   3.1030E-05   0.99990
FLUX  737  1272.50        2.355933E+14   3.0824E-05   3.0827E-05   0.99992
FLUX  738  1277.50        2.346712E+14   3.0436E-05   3.0626E-05   0.99380
FLUX  739  1282.50        2.337563E+14   2.8604E-05   3.0427E-05   0.94010
FLUX  740  1287.50        2.328485E+14   3.0173E-05   3.0230E-05   0.99811
FLUX  741  1292.50        2.319478E+14   3.0032E-05   3.0034E-05   0.99992
FLUX  742  1297.50        2.310539E+14   2.9803E-05   2.9841E-05   0.99874
FLUX  743  1302.50        2.301670E+14   2.9649E-05   2.9649E-05   0.99999
FLUX  744  1307.50        2.292868E+14   2.9459E-05   2.9460E-05   0.99998
FLUX  745  1312.50        2.284133E+14   2.9271E-05   2.9272E-05   0.99999
FLUX  746  1317.50        2.275465E+14   2.9062E-05   2.9085E-05   0.99920
FLUX  747  1322.50        2.266862E+14   2.8901E-05   2.8901E-05   0.99998
FLUX  748  1327.50        2.258324E+14   2.8718E-05   2.8718E-05   0.99999
FLUX  749  1332.50        2.249850E+14   2.8537E-05   2.8537E-05   0.99998
FLUX  750  1337.50        2.241439E+14   2.8358E-05   2.8358E-05   0.99998
FLUX  751  1342.50        2.233091E+14   2.8171E-05   2.8180E-05   0.99965
FLUX  752  1347.50        2.224805E+14   2.8000E-05   2.8005E-05   0.99983
FLUX  753  1352.50        2.216580E+14   2.7822E-05   2.7830E-05   0.99971
FLUX  754  1357.50        2.208416E+14   2.7653E-05   2.7658E-05   0.99984
FLUX  755  1362.50        2.200312E+14   2.7482E-05   2.7486E-05   0.99982
FLUX  756  1367.50        2.192267E+14   2.7303E-05   2.7317E-05   0.99950
FLUX  757  1372.50        2.184280E+14   2.7136E-05   2.7149E-05   0.99953
FLUX  758  1377.50        2.176352E+14   2.6981E-05   2.6983E-05   0.99993
FLUX  759  1382.50        2.168481E+14   2.6816E-05   2.6818E-05   0.99994
FLUX  760  1387.50        2.160667E+14   2.6654E-05   2.6654E-05   0.99998
FLUX  761  1392.50        2.152908E+14   2.6488E-05   2.6492E-05   0.99984
FLUX  762  1397.50        2.145206E+14   2.6329E-05   2.6332E-05   0.99988
FLUX  763  1402.50        2.137558E+14   2.6172E-05   2.6173E-05   0.99997
FLUX  764  1407.50        2.129964E+14   2.6012E-05   2.6015E-05   0.99988
FLUX  765  1412.50        2.122425E+14   2.5855E-05   2.5859E-05   0.99982
FLUX  766  1417.50        2.114938E+14   2.5704E-05   2.5704E-05   0.99998
FLUX  767  1422.50        2.107504E+14   2.5550E-05   2.5551E-05   0.99997
FLUX  768  1427.50        2.100123E+14   2.5399E-05   2.5399E-05   0.99999
FLUX  769  1432.50        2.092792E+14   2.5248E-05   2.5248E-05   0.99997
FLUX  770  1437.50        2.085513E+14   2.5097E-05   2.5099E-05   0.99991
FLUX  771  1442.50        2.078284E+14   2.4926E-05   2.4951E-05   0.99899
FLUX  772  1447.50        2.071105E+14   2.4797E-05   2.4804E-05   0.99969
FLUX  773  1452.50        2.063976E+14   2.4648E-05   2.4659E-05   0.99954
FLUX  774  1457.00        2.057601E+14   2.4529E-05   2.4529E-05   0.99999
FLUX  775  1462.00        2.050564E+14   2.4385E-05   2.5022E-05   0.97451
FLUX  776  1467.50        2.042879E+14   2.4237E-05   2.4861E-05   0.97494
FLUX  777  1472.50        2.035942E+14   2.4099E-05   2.4715E-05   0.97507
FLUX  778  1477.50        2.029052E+14   2.3955E-05   2.4570E-05   0.97496
FLUX  779  1482.50        2.022209E+14   2.3829E-05   2.4427E-05   0.97552
FLUX  780  1487.50        2.015412E+14   2.3692E-05   2.4285E-05   0.97557
FLUX  781  1492.50        2.008660E+14   2.3557E-05   2.4144E-05   0.97569
FLUX  782  1497.50        2.001953E+14   2.3415E-05   2.4005E-05   0.97544
FLUX  783  1502.50        1.995291E+14   2.3268E-05   2.3866E-05   0.97495
FLUX  784  1507.50        1.988673E+14   2.3114E-05   2.3729E-05   0.97409
FLUX  785  1512.50        1.982099E+14   2.2978E-05   2.3593E-05   0.97392
FLUX  786  1517.50        1.975568E+14   2.2844E-05   2.3458E-05   0.97384
FLUX  787  1522.50        1.969080E+14   2.2790E-05   2.3324E-05   0.97707
FLUX  788  1527.50        1.962635E+14   2.2514E-05   2.3192E-05   0.97078
FLUX  789  1532.50        1.956232E+14   2.2390E-05   2.3060E-05   0.97092
FLUX  790  1537.50        1.949870E+14   2.2429E-05   2.2930E-05   0.97814
FLUX  791  1542.50        1.943549E+14   2.2016E-05   2.2801E-05   0.96558
FLUX  792  1547.50        1.937270E+14   2.2227E-05   2.2673E-05   0.98036
FLUX  793  1552.50        1.931031E+14   2.2151E-05   2.2546E-05   0.98252
FLUX  794  1557.50        1.924831E+14   2.1494E-05   2.2420E-05   0.95872
FLUX  795  1562.50        1.918672E+14   2.2057E-05   2.2295E-05   0.98937
FLUX  796  1567.50        1.912552E+14   2.1682E-05   2.2171E-05   0.97795
FLUX  797  1572.50        1.906471E+14   2.1151E-05   2.2048E-05   0.95933
FLUX  798  1577.50        1.900428E+14   2.1762E-05   2.1926E-05   0.99252
FLUX  799  1582.50        1.894423E+14   2.1649E-05   2.1805E-05   0.99284
FLUX  800  1587.50        1.888457E+14   2.0504E-05   2.1685E-05   0.94555
FLUX  801  1592.50        1.882527E+14   2.1342E-05   2.1566E-05   0.98959
FLUX  802  1597.50        1.876635E+14   2.1382E-05   2.1448E-05   0.99694
FLUX  803  1605.00        1.867866E+14   2.1136E-05   2.1273E-05   0.99354
FLUX  804  1615.00        1.856300E+14   2.0422E-05   2.1043E-05   0.97052
FLUX  805  1625.00        1.844877E+14   2.0814E-05   2.0816E-05   0.99990
FLUX  806  1635.00        1.833593E+14   2.0466E-05   2.0593E-05   0.99381
FLUX  807  1645.00        1.822447E+14   1.9785E-05   2.0374E-05   0.97109
FLUX  808  1655.00        1.811435E+14   2.0157E-05   2.0158E-05   0.99994
FLUX  809  1665.00        1.800556E+14   1.9944E-05   1.9946E-05   0.99994
FLUX  810  1675.00        1.789806E+14   1.9604E-05   1.9736E-05   0.99330
FLUX  811  1685.00        1.779184E+14   1.8960E-05   1.9531E-05   0.97076
FLUX  812  1695.00        1.768687E+14   1.9317E-05   1.9328E-05   0.99943
FLUX  813  1705.00        1.758314E+14   1.9100E-05   1.9128E-05   0.99852
FLUX  814  1715.00        1.748061E+14   1.8927E-05   1.8932E-05   0.99976
FLUX  815  1725.00        1.737928E+14   1.8732E-05   1.8739E-05   0.99966
FLUX  816  1735.00        1.727911E+14   1.7912E-05   1.8548E-05   0.96568
FLUX  817  1745.00        1.718009E+14   1.8322E-05   1.8361E-05   0.99788
FLUX  818  1755.00        1.708219E+14   1.8169E-05   1.8176E-05   0.99962
FLUX  819  1765.00        1.698541E+14   1.7989E-05   1.7994E-05   0.99972
FLUX  820  1775.00        1.688972E+14   1.7806E-05   1.7815E-05   0.99949
FLUX  821  1785.00        1.679510E+14   1.7632E-05   1.7638E-05   0.99965
FLUX  822  1795.00        1.670153E+14   1.7464E-05   1.7464E-05   0.99998
FLUX  823  1805.00        1.660900E+14   1.7270E-05   1.7293E-05   0.99868
FLUX  824  1815.00        1.651749E+14   1.6578E-05   1.7124E-05   0.96812
FLUX  825  1825.00        1.642699E+14   1.6883E-05   1.6957E-05   0.99564
FLUX  826  1835.00        1.633747E+14   1.6789E-05   1.6793E-05   0.99972
FLUX  827  1845.00        1.624892E+14   1.6630E-05   1.6632E-05   0.99987
FLUX  828  1855.00        1.616132E+14   1.6462E-05   1.6472E-05   0.99936
FLUX  829  1865.00        1.607466E+14   1.6274E-05   1.6315E-05   0.99749
FLUX  830  1875.00        1.598893E+14   1.5627E-05   1.6161E-05   0.96701
FLUX  831  1885.00        1.590411E+14   1.5995E-05   1.6008E-05   0.99921
FLUX  832  1895.00        1.582018E+14   1.5853E-05   1.5857E-05   0.99971
FLUX  833  1905.00        1.573714E+14   1.5696E-05   1.5709E-05   0.99919
FLUX  834  1915.00        1.565496E+14   1.5561E-05   1.5563E-05   0.99991
FLUX  835  1925.00        1.557364E+14   1.5416E-05   1.5418E-05   0.99987
FLUX  836  1935.00        1.549315E+14   1.5266E-05   1.5276E-05   0.99933
FLUX  837  1945.00        1.541350E+14   1.4629E-05   1.5136E-05   0.96652
FLUX  838  1955.00        1.533465E+14   1.4984E-05   1.4997E-05   0.99911
FLUX  839  1965.00        1.525662E+14   1.4861E-05   1.4861E-05   0.99999
FLUX  840  1975.00        1.517937E+14   1.4725E-05   1.4726E-05   0.99995
FLUX  841  1985.00        1.510290E+14   1.4593E-05   1.4593E-05   0.99998
FLUX  842  1995.00        1.502719E+14   1.4462E-05   1.4462E-05   0.99998
FLUX  843  2005.00        1.495224E+14   1.4332E-05   1.4333E-05   0.99999
FLUX  844  2015.00        1.487804E+14   1.4205E-05   1.4205E-05   0.99998
FLUX  845  2025.00        1.480457E+14   1.4079E-05   1.4079E-05   0.99999
FLUX  846  2035.00        1.473182E+14   1.3955E-05   1.3955E-05   0.99998
FLUX  847  2045.00        1.465978E+14   1.3831E-05   1.3832E-05   0.99993
FLUX  848  2055.00        1.458844E+14   1.3700E-05   1.3711E-05   0.99921
FLUX  849  2065.00        1.451780E+14   1.3592E-05   1.3592E-05   0.99998
FLUX  850  2075.00        1.444783E+14   1.3474E-05   1.3474E-05   0.99998
FLUX  851  2085.00        1.437854E+14   1.3358E-05   1.3358E-05   0.99999
FLUX  852  2095.00        1.430990E+14   1.3242E-05   1.3243E-05   0.99992
FLUX  853  2105.00        1.424192E+14   1.3129E-05   1.3130E-05   0.99997
FLUX  854  2115.00        1.417459E+14   1.3006E-05   1.3018E-05   0.99911
FLUX  855  2125.00        1.410788E+14   1.2905E-05   1.2907E-05   0.99985
FLUX  856  2135.00        1.404180E+14   1.2795E-05   1.2798E-05   0.99976
FLUX  857  2145.00        1.397634E+14   1.2688E-05   1.2690E-05   0.99979
FLUX  858  2155.00        1.391148E+14   1.2579E-05   1.2584E-05   0.99959
FLUX  859  2165.00        1.384723E+14   1.2065E-05   1.2479E-05   0.96684
FLUX  860  2175.00        1.378356E+14   1.2359E-05   1.2375E-05   0.99864
FLUX  861  2185.00        1.372048E+14   1.2271E-05   1.2273E-05   0.99988
FLUX  862  2195.00        1.365797E+14   1.2170E-05   1.2172E-05   0.99984
FLUX  863  2205.00        1.359603E+14   1.2072E-05   1.2072E-05   0.99999
FLUX  864  2215.00        1.353465E+14   1.1973E-05   1.1973E-05   0.99994
FLUX  865  2225.00        1.347382E+14   1.1875E-05   1.1876E-05   0.99997
FLUX  866  2235.00        1.341353E+14   1.1779E-05   1.1779E-05   0.99999
FLUX  867  2245.00        1.335379E+14   1.1684E-05   1.1684E-05   0.99999
FLUX  868  2255.00        1.329457E+14   1.1590E-05   1.1590E-05   0.99998
FLUX  869  2265.00        1.323587E+14   1.1497E-05   1.1498E-05   0.99999
FLUX  870  2275.00        1.317769E+14   1.1406E-05   1.1406E-05   0.99999
FLUX  871  2285.00        1.312002E+14   1.1316E-05   1.1421E-05   0.99076
FLUX  872  2295.00        1.306285E+14   1.1227E-05   1.1331E-05   0.99086
FLUX  873  2305.00        1.300618E+14   1.1139E-05   1.1241E-05   0.99096
FLUX  874  2315.00        1.295000E+14   1.1053E-05   1.1152E-05   0.99108
FLUX  875  2325.00        1.289430E+14   1.0967E-05   1.1064E-05   0.99119
FLUX  876  2335.00        1.283908E+14   1.0882E-05   1.0978E-05   0.99127
FLUX  877  2345.00        1.278433E+14   1.0798E-05   1.0892E-05   0.99134
FLUX  878  2355.00        1.273004E+14   1.0715E-05   1.0808E-05   0.99139
FLUX  879  2365.00        1.267622E+14   1.0631E-05   1.0724E-05   0.99133
FLUX  880  2375.00        1.262284E+14   1.0549E-05   1.0641E-05   0.99136
FLUX  881  2385.00        1.256992E+14   1.0468E-05   1.0560E-05   0.99131
FLUX  882  2395.00        1.251743E+14   1.0386E-05   1.0479E-05   0.99117
FLUX  883  2405.00        1.246538E+14   1.0302E-05   1.0399E-05   0.99069
FLUX  884  2415.00        1.241377E+14   1.0217E-05   1.0320E-05   0.99006
FLUX  885  2425.00        1.236258E+14   1.0161E-05   1.0242E-05   0.99208
FLUX  886  2435.00        1.231181E+14   1.0065E-05   1.0165E-05   0.99017
FLUX  887  2445.00        1.226145E+14   9.9800E-06   1.0089E-05   0.98925
FLUX  888  2455.00        1.221151E+14   9.9365E-06   1.0013E-05   0.99235
FLUX  889  2465.00        1.216197E+14   9.8372E-06   9.9385E-06   0.98981
FLUX  890  2475.00        1.211283E+14   9.7641E-06   9.8647E-06   0.98980
FLUX  891  2485.00        1.206408E+14   9.7425E-06   9.7918E-06   0.99497
FLUX  892  2495.00        1.201573E+14   9.5488E-06   9.7196E-06   0.98242
FLUX  893  2505.00        1.196776E+14   9.6042E-06   9.6483E-06   0.99543
FLUX  894  2515.00        1.192018E+14   9.5383E-06   9.5777E-06   0.99588
FLUX  895  2525.00        1.187297E+14   9.3054E-06   9.5079E-06   0.97870
FLUX  896  2535.00        1.182613E+14   9.3973E-06   9.4388E-06   0.99560
FLUX  897  2545.00        1.177967E+14   9.3437E-06   9.3705E-06   0.99714
FLUX  898  2555.00        1.173356E+14   9.2656E-06   9.3029E-06   0.99599
FLUX  899  2565.00        1.168782E+14   8.9984E-06   9.2360E-06   0.97427
FLUX  900  2575.00        1.164243E+14   9.1426E-06   9.1699E-06   0.99702
FLUX  901  2585.00        1.159739E+14   9.1025E-06   9.1045E-06   0.99978
FLUX  902  2595.00        1.155270E+14   9.0395E-06   9.0398E-06   0.99997
FLUX  903  2605.00        1.150835E+14   8.9301E-06   8.9757E-06   0.99492
FLUX  904  2615.00        1.146434E+14   8.6473E-06   8.9123E-06   0.97026
FLUX  905  2625.00        1.142067E+14   8.5270E-06   8.8497E-06   0.96354
FLUX  906  2635.00        1.137732E+14   8.7649E-06   8.7876E-06   0.99742
FLUX  907  2645.00        1.133431E+14   8.7261E-06   8.7262E-06   0.99998
FLUX  908  2655.00        1.129162E+14   8.6643E-06   8.6655E-06   0.99987
FLUX  909  2665.00        1.124925E+14   8.5933E-06   8.6054E-06   0.99859
FLUX  910  2675.00        1.120720E+14   8.2636E-06   8.5459E-06   0.96697
FLUX  911  2685.00        1.116546E+14   8.4727E-06   8.4870E-06   0.99831
FLUX  912  2695.00        1.112403E+14   8.4286E-06   8.4288E-06   0.99998
FLUX  913  2705.00        1.108290E+14   8.3710E-06   8.3711E-06   0.99999
FLUX  914  2715.00        1.104208E+14   8.3140E-06   8.3140E-06   1.00000
FLUX  915  2725.00        1.100156E+14   8.2575E-06   8.2575E-06   0.99999
FLUX  916  2735.00        1.096133E+14   8.2015E-06   8.2016E-06   0.99999
FLUX  917  2745.00        1.092140E+14   8.1454E-06   8.1462E-06   0.99989
FLUX  918  2755.00        1.088176E+14   7.8506E-06   8.0914E-06   0.97024
FLUX  919  2765.00        1.084240E+14   7.9780E-06   8.0372E-06   0.99264
FLUX  920  2775.00        1.080333E+14   7.9834E-06   7.9835E-06   0.99998
FLUX  921  2785.00        1.076454E+14   7.9303E-06   7.9303E-06   0.99999
FLUX  922  2795.00        1.072603E+14   7.8776E-06   7.8777E-06   1.00000
FLUX  923  2805.00        1.068779E+14   7.8255E-06   7.8256E-06   0.99999
FLUX  924  2815.00        1.064982E+14   7.7738E-06   7.7740E-06   0.99998
FLUX  925  2825.00        1.061212E+14   7.7226E-06   7.7229E-06   0.99997
FLUX  926  2835.00        1.057469E+14   7.6714E-06   7.6723E-06   0.99988
FLUX  927  2845.00        1.053752E+14   7.6220E-06   7.6222E-06   0.99997
FLUX  928  2855.00        1.050061E+14   7.5720E-06   7.5726E-06   0.99993
FLUX  929  2865.00        1.046396E+14   7.4947E-06   7.5234E-06   0.99618
FLUX  930  2875.00        1.042757E+14   7.2274E-06   7.4748E-06   0.96690
FLUX  931  2885.00        1.039142E+14   7.4219E-06   7.4266E-06   0.99936
FLUX  932  2895.00        1.035553E+14   7.3770E-06   7.3789E-06   0.99974
FLUX  933  2905.00        1.031988E+14   7.3316E-06   7.3316E-06   0.99999
FLUX  934  2915.00        1.028448E+14   7.2843E-06   7.2848E-06   0.99992
FLUX  935  2925.00        1.024932E+14   7.2384E-06   7.2385E-06   0.99999
FLUX  936  2935.00        1.021440E+14   7.1923E-06   7.1926E-06   0.99996
FLUX  937  2945.00        1.017971E+14   7.1470E-06   7.1471E-06   0.99998
FLUX  938  2955.00        1.014526E+14   7.1020E-06   7.1020E-06   1.00000
FLUX  939  2965.00        1.011105E+14   7.0573E-06   7.0574E-06   0.99999
FLUX  940  2975.00        1.007706E+14   7.0132E-06   7.0132E-06   1.00000
FLUX  941  2985.00        1.004330E+14   6.9694E-06   6.9694E-06   1.00000
FLUX  942  2995.00        1.000977E+14   6.9260E-06   6.9260E-06   1.00000
FLUX  943  3005.00        9.976456E+13   6.8830E-06   6.8830E-06   0.99999
FLUX  944  3015.00        9.943366E+13   6.8403E-06   6.8404E-06   0.99998
FLUX  945  3025.00        9.910496E+13   6.7976E-06   6.7982E-06   0.99991
FLUX  946  3035.00        9.877842E+13   6.5795E-06   6.7564E-06   0.97381
FLUX  947  3045.00        9.845402E+13   6.6393E-06   6.7150E-06   0.98872
FLUX  948  3055.00        9.813175E+13   6.6726E-06   6.6739E-06   0.99980
FLUX  949  3065.00        9.781158E+13   6.6332E-06   6.6333E-06   0.99999
FLUX  950  3075.00        9.749349E+13   6.5928E-06   6.5930E-06   0.99998
FLUX  951  3085.00        9.717747E+13   6.5502E-06   6.5530E-06   0.99957
FLUX  952  3095.00        9.686349E+13   6.5133E-06   6.5134E-06   0.99998
FLUX  953  3105.00        9.655153E+13   6.4741E-06   6.4742E-06   0.99998
FLUX  954  3115.00        9.624157E+13   6.4352E-06   6.4353E-06   0.99999
FLUX  955  3125.00        9.593360E+13   6.3966E-06   6.3968E-06   0.99997
FLUX  956  3135.00        9.562759E+13   6.3586E-06   6.3586E-06   0.99999
FLUX  957  3145.00        9.532353E+13   6.3206E-06   6.3208E-06   0.99997
FLUX  958  3155.00        9.502139E+13   6.2832E-06   6.2833E-06   0.99999
FLUX  959  3165.00        9.472117E+13   6.2458E-06   6.2461E-06   0.99995
FLUX  960  3175.00        9.442283E+13   6.2091E-06   6.2093E-06   0.99998
FLUX  961  3185.00        9.412637E+13   6.1727E-06   6.1728E-06   0.99999
FLUX  962  3195.00        9.383177E+13   6.1365E-06   6.1366E-06   0.99998
FLUX  963  3210.00        9.339330E+13   6.0828E-06   6.0829E-06   0.99999
FLUX  964  3230.00        9.281501E+13   6.0123E-06   6.0123E-06   1.00000
FLUX  965  3250.00        9.224385E+13   5.9430E-06   5.9430E-06   0.99999
FLUX  966  3270.00        9.167966E+13   5.8749E-06   5.8749E-06   0.99999
FLUX  967  3290.00        9.112234E+13   5.6897E-06   5.8319E-06   0.97562
FLUX  968  3310.00        9.057175E+13   5.7211E-06   5.7657E-06   0.99226
FLUX  969  3330.00        9.002778E+13   5.6700E-06   5.7006E-06   0.99464
FLUX  970  3350.00        8.949030E+13   5.6075E-06   5.6366E-06   0.99483
FLUX  971  3370.00        8.895920E+13   5.5451E-06   5.5737E-06   0.99487
FLUX  972  3390.00        8.843436E+13   5.4842E-06   5.5118E-06   0.99499
FLUX  973  3410.00        8.791569E+13   5.4241E-06   5.4509E-06   0.99508
FLUX  974  3430.00        8.740306E+13   5.3649E-06   5.3911E-06   0.99514
FLUX  975  3450.00        8.689638E+13   5.3069E-06   5.3322E-06   0.99524
FLUX  976  3470.00        8.639553E+13   5.2494E-06   5.2743E-06   0.99528
FLUX  977  3490.00        8.590043E+13   5.1926E-06   5.2173E-06   0.99526
FLUX  978  3510.00        8.541097E+13   5.1374E-06   5.1613E-06   0.99538
FLUX  979  3530.00        8.492705E+13   5.0829E-06   5.1061E-06   0.99544
FLUX  980  3550.00        8.444859E+13   5.0277E-06   5.0518E-06   0.99523
FLUX  981  3570.00        8.397549E+13   4.9730E-06   4.9984E-06   0.99492
FLUX  982  3590.00        8.350766E+13   4.9277E-06   4.9458E-06   0.99634
FLUX  983  3610.00        8.304501E+13   4.8671E-06   4.8941E-06   0.99448
FLUX  984  3630.00        8.258746E+13   4.8272E-06   4.8431E-06   0.99671
FLUX  985  3650.00        8.213493E+13   4.7634E-06   4.7930E-06   0.99384
FLUX  986  3670.00        8.168733E+13   4.7304E-06   4.7436E-06   0.99723
FLUX  987  3690.00        8.124458E+13   4.6599E-06   4.6950E-06   0.99252
FLUX  988  3710.00        8.080660E+13   4.6334E-06   4.6471E-06   0.99705
FLUX  989  3730.00        8.037332E+13   4.5563E-06   4.5999E-06   0.99051
FLUX  990  3750.00        7.994467E+13   4.4557E-06   4.5535E-06   0.97853
FLUX  991  3770.00        7.952056E+13   4.4993E-06   4.5077E-06   0.99813
FLUX  992  3790.00        7.910092E+13   4.4622E-06   4.4627E-06   0.99990
FLUX  993  3810.00        7.868569E+13   4.3847E-06   4.4183E-06   0.99240
FLUX  994  3830.00        7.827480E+13   4.3513E-06   4.3745E-06   0.99469
FLUX  995  3850.00        7.786818E+13   4.3311E-06   4.3315E-06   0.99991
FLUX  996  3870.00        7.746576E+13   4.2886E-06   4.2890E-06   0.99990
FLUX  997  3890.00        7.706748E+13   4.2423E-06   4.2472E-06   0.99886
FLUX  998  3910.00        7.667327E+13   4.1469E-06   4.2059E-06   0.98596
FLUX  999  3930.00        7.628308E+13   4.1649E-06   4.1653E-06   0.99991
FLUX 1000  3950.00        7.589683E+13   4.1242E-06   4.1252E-06   0.99975
FLUX 1001  3970.00        7.551448E+13   4.0857E-06   4.0857E-06   0.99998
FLUX 1002  3990.00        7.513596E+13   4.0465E-06   4.0468E-06   0.99992
FLUX 1003  4010.00        7.476122E+13   3.9842E-06   4.0084E-06   0.99395
FLUX 1004  4030.00        7.439020E+13   3.9225E-06   3.9706E-06   0.98789
FLUX 1005  4050.00        7.402284E+13   3.8614E-06   3.9333E-06   0.98173
FLUX 1006  4070.00        7.365909E+13   3.8961E-06   3.8965E-06   0.99990
FLUX 1007  4090.00        7.329890E+13   3.8602E-06   3.8603E-06   0.99998
FLUX 1008  4110.00        7.294221E+13   3.8245E-06   3.8245E-06   0.99999
FLUX 1009  4130.00        7.258898E+13   3.7889E-06   3.7892E-06   0.99992
FLUX 1010  4150.00        7.223916E+13   3.7540E-06   3.7544E-06   0.99990
FLUX 1011  4170.00        7.189269E+13   3.6492E-06   3.7201E-06   0.98095
FLUX 1012  4190.00        7.154952E+13   3.6848E-06   3.6863E-06   0.99959
FLUX 1013  4210.00        7.120962E+13   3.6528E-06   3.6529E-06   0.99999
FLUX 1014  4230.00        7.087293E+13   3.6199E-06   3.6199E-06   1.00000
FLUX 1015  4250.00        7.053941E+13   3.5873E-06   3.5874E-06   0.99998
FLUX 1016  4270.00        7.020902E+13   3.5554E-06   3.5554E-06   1.00000
FLUX 1017  4290.00        6.988170E+13   3.5231E-06   3.5237E-06   0.99984
FLUX 1018  4310.00        6.955742E+13   3.4925E-06   3.4925E-06   0.99999
FLUX 1019  4330.00        6.923614E+13   3.4617E-06   3.4617E-06   1.00000
FLUX 1020  4350.00        6.891782E+13   3.4312E-06   3.4313E-06   0.99999
FLUX 1021  4370.00        6.860240E+13   3.3405E-06   3.4013E-06   0.98214
FLUX 1022  4390.00        6.828986E+13   3.3627E-06   3.3717E-06   0.99733
FLUX 1023  4410.00        6.798016E+13   3.3424E-06   3.3424E-06   0.99999
FLUX 1024  4430.00        6.767325E+13   3.3136E-06   3.3136E-06   1.00000
FLUX 1025  4450.00        6.736910E+13   3.2851E-06   3.2851E-06   1.00000
FLUX 1026  4470.00        6.706767E+13   3.2595E-06   3.2637E-06   0.99869
FLUX 1027  4490.00        6.676893E+13   3.2290E-06   3.2359E-06   0.99786
FLUX 1028  4510.00        6.647284E+13   3.2016E-06   3.2084E-06   0.99789
FLUX 1029  4530.00        6.617936E+13   3.1744E-06   3.1813E-06   0.99784
FLUX 1030  4550.00        6.588846E+13   3.1479E-06   3.1545E-06   0.99792
FLUX 1031  4570.00        6.560011E+13   3.1216E-06   3.1280E-06   0.99794
FLUX 1032  4590.00        6.531427E+13   3.0955E-06   3.1019E-06   0.99794
FLUX 1033  4610.00        6.503091E+13   3.0696E-06   3.0761E-06   0.99788
FLUX 1034  4630.00        6.475000E+13   3.0429E-06   3.0506E-06   0.99748
FLUX 1035  4650.00        6.447150E+13   2.9563E-06   3.0254E-06   0.97716
FLUX 1036  4670.00        6.419540E+13   2.9303E-06   3.0006E-06   0.97657
FLUX 1037  4690.00        6.392164E+13   2.9659E-06   2.9760E-06   0.99661
FLUX 1038  4710.00        6.365021E+13   2.9475E-06   2.9518E-06   0.99854
FLUX 1039  4730.00        6.338108E+13   2.9275E-06   2.9278E-06   0.99990
FLUX 1040  4750.00        6.311421E+13   2.9027E-06   2.9041E-06   0.99952
FLUX 1041  4770.00        6.284958E+13   2.8801E-06   2.8807E-06   0.99979
FLUX 1042  4790.00        6.258716E+13   2.8565E-06   2.8576E-06   0.99960
FLUX 1043  4810.00        6.232692E+13   2.8331E-06   2.8348E-06   0.99939
FLUX 1044  4830.00        6.206884E+13   2.8120E-06   2.8122E-06   0.99990
FLUX 1045  4850.00        6.181289E+13   2.7870E-06   2.7899E-06   0.99895
FLUX 1046  4870.00        6.155903E+13   2.7668E-06   2.7679E-06   0.99960
FLUX 1047  4890.00        6.130726E+13   2.7431E-06   2.7461E-06   0.99888
FLUX 1048  4910.00        6.105753E+13   2.7235E-06   2.7246E-06   0.99958
FLUX 1049  4930.00        6.080984E+13   2.6995E-06   2.7034E-06   0.99855
FLUX 1050  4950.00        6.056414E+13   2.6823E-06   2.6823E-06   0.99997
FLUX 1051  4970.00        6.032042E+13   2.6560E-06   2.6616E-06   0.99789
FLUX 1052  4990.00        6.007866E+13   2.6410E-06   2.6410E-06   0.99997
FLUX 1053  5010.00        5.983882E+13   2.6196E-06   2.6207E-06   0.99958
FLUX 1054  5030.00        5.960089E+13   2.5942E-06   2.6007E-06   0.99750
FLUX 1055  5050.00        5.936485E+13   2.5808E-06   2.5808E-06   0.99998
FLUX 1056  5070.00        5.913067E+13   2.5611E-06   2.5612E-06   0.99997
FLUX 1057  5090.00        5.889833E+13   2.5326E-06   2.5418E-06   0.99637
FLUX 1058  5110.00        5.866781E+13   2.5178E-06   2.5226E-06   0.99807
FLUX 1059  5130.00        5.843908E+13   2.4466E-06   2.5037E-06   0.97719
FLUX 1060  5150.00        5.821214E+13   2.4820E-06   2.4849E-06   0.99882
FLUX 1061  5170.00        5.798694E+13   2.4551E-06   2.4664E-06   0.99543
FLUX 1062  5190.00        5.776349E+13   2.4480E-06   2.4481E-06   0.99997
FLUX 1063  5210.00        5.754175E+13   2.4299E-06   2.4299E-06   0.99998
FLUX 1064  5230.00        5.732170E+13   2.4119E-06   2.4120E-06   0.99997
FLUX 1065  5250.00        5.710333E+13   2.3911E-06   2.3943E-06   0.99870
FLUX 1066  5270.00        5.688662E+13   2.3647E-06   2.3767E-06   0.99492
FLUX 1067  5290.00        5.667155E+13   2.3593E-06   2.3594E-06   0.99998
FLUX 1068  5310.00        5.645810E+13   2.3422E-06   2.3422E-06   0.99999
FLUX 1069  5330.00        5.624625E+13   2.3252E-06   2.3252E-06   0.99999
FLUX 1070  5350.00        5.603598E+13   2.3084E-06   2.3085E-06   0.99998
FLUX 1071  5370.00        5.582728E+13   2.2813E-06   2.2918E-06   0.99541
FLUX 1072  5390.00        5.562013E+13   2.2659E-06   2.2754E-06   0.99582
FLUX 1073  5410.00        5.541451E+13   2.2591E-06   2.2592E-06   0.99998
FLUX 1074  5430.00        5.521040E+13   2.2430E-06   2.2431E-06   0.99998
FLUX 1075  5450.00        5.500780E+13   2.2271E-06   2.2272E-06   0.99999
FLUX 1076  5470.00        5.480667E+13   2.2114E-06   2.2114E-06   0.99999
FLUX 1077  5490.00        5.460701E+13   2.1958E-06   2.1958E-06   0.99999
FLUX 1078  5510.00        5.440880E+13   2.1773E-06   2.1804E-06   0.99858
FLUX 1079  5530.00        5.421202E+13   2.1429E-06   2.1652E-06   0.98973
FLUX 1080  5550.00        5.401667E+13   2.1500E-06   2.1501E-06   0.99998
FLUX 1081  5570.00        5.382271E+13   2.1351E-06   2.1351E-06   0.99998
FLUX 1082  5590.00        5.363014E+13   2.1203E-06   2.1204E-06   0.99999
FLUX 1083  5610.00        5.343895E+13   2.1057E-06   2.1057E-06   0.99998
FLUX 1084  5630.00        5.324911E+13   2.0912E-06   2.0912E-06   0.99999
FLUX 1085  5650.00        5.306062E+13   2.0769E-06   2.0769E-06   0.99999
FLUX 1086  5670.00        5.287346E+13   2.0627E-06   2.0627E-06   0.99999
FLUX 1087  5690.00        5.268761E+13   2.0482E-06   2.0487E-06   0.99979
FLUX 1088  5710.00        5.250306E+13   2.0053E-06   2.0348E-06   0.98551
FLUX 1089  5730.00        5.231981E+13   2.0195E-06   2.0210E-06   0.99923
FLUX 1090  5750.00        5.213783E+13   2.0074E-06   2.0074E-06   0.99999
FLUX 1091  5770.00        5.195711E+13   1.9939E-06   1.9939E-06   0.99999
FLUX 1092  5790.00        5.177763E+13   1.9805E-06   1.9806E-06   0.99999
FLUX 1093  5810.00        5.159940E+13   1.9673E-06   1.9673E-06   1.00000
FLUX 1094  5830.00        5.142238E+13   1.9542E-06   1.9543E-06   0.99998
FLUX 1095  5850.00        5.124658E+13   1.9435E-06   1.9436E-06   0.99997
FLUX 1096  5870.00        5.107198E+13   1.9307E-06   1.9307E-06   0.99997
FLUX 1097  5890.00        5.089856E+13   1.9133E-06   1.9180E-06   0.99752
FLUX 1098  5910.00        5.072631E+13   1.8588E-06   1.9054E-06   0.97551
FLUX 1099  5930.00        5.055523E+13   1.8881E-06   1.8930E-06   0.99743
FLUX 1100  5950.00        5.038529E+13   1.8477E-06   1.8806E-06   0.98253
FLUX 1101  5970.00        5.021650E+13   1.8582E-06   1.8684E-06   0.99455
FLUX 1102  5990.00        5.004883E+13   1.8562E-06   1.8563E-06   0.99997
FLUX 1103  6010.00        4.988228E+13   1.8442E-06   1.8443E-06   0.99998
FLUX 1104  6030.00        4.971683E+13   1.8324E-06   1.8324E-06   0.99998
FLUX 1105  6050.00        4.955248E+13   1.8206E-06   1.8206E-06   0.99998
FLUX 1106  6070.00        4.938921E+13   1.8089E-06   1.8090E-06   0.99998
FLUX 1107  6090.00        4.922701E+13   1.7974E-06   1.7974E-06   0.99998
FLUX 1108  6110.00        4.906588E+13   1.7860E-06   1.7860E-06   0.99998
FLUX 1109  6130.00        4.890579E+13   1.7746E-06   1.7747E-06   0.99998
FLUX 1110  6150.00        4.874675E+13   1.7634E-06   1.7635E-06   0.99998
FLUX 1111  6170.00        4.858874E+13   1.7523E-06   1.7523E-06   0.99998
FLUX 1112  6190.00        4.843174E+13   1.7413E-06   1.7413E-06   0.99998
FLUX 1113  6210.00        4.827576E+13   1.7304E-06   1.7304E-06   0.99998
FLUX 1114  6230.00        4.812079E+13   1.7196E-06   1.7196E-06   0.99998
FLUX 1115  6250.00        4.796680E+13   1.7089E-06   1.7089E-06   0.99998
FLUX 1116  6270.00        4.781380E+13   1.6961E-06   1.6983E-06   0.99867
FLUX 1117  6290.00        4.766176E+13   1.6500E-06   1.6878E-06   0.97762
FLUX 1118  6310.00        4.751070E+13   1.6734E-06   1.6774E-06   0.99759
FLUX 1119  6330.00        4.736058E+13   1.6669E-06   1.6671E-06   0.99992
FLUX 1120  6350.00        4.721142E+13   1.6568E-06   1.6569E-06   0.99997
FLUX 1121  6370.00        4.706319E+13   1.6467E-06   1.6467E-06   0.99998
FLUX 1122  6390.00        4.691588E+13   1.6367E-06   1.6367E-06   0.99998
FLUX 1123  6420.00        4.669665E+13   1.6218E-06   1.6218E-06   0.99998
FLUX 1124  6460.00        4.640751E+13   1.6023E-06   1.6023E-06   0.99998
FLUX 1125  6500.00        4.612192E+13   1.5831E-06   1.5831E-06   0.99998
FLUX 1126  6540.00        4.583983E+13   1.5642E-06   1.5643E-06   0.99998
FLUX 1127  6580.00        4.556117E+13   1.5457E-06   1.5457E-06   0.99997
FLUX 1128  6620.00        4.528588E+13   1.5274E-06   1.5276E-06   0.99989
FLUX 1129  6660.00        4.501389E+13   1.5096E-06   1.5097E-06   0.99997
FLUX 1130  6700.00        4.474515E+13   1.4921E-06   1.4921E-06   0.99997
FLUX 1131  6740.00        4.447960E+13   1.4733E-06   1.4749E-06   0.99891
FLUX 1132  6780.00        4.421718E+13   1.4388E-06   1.4579E-06   0.98686
FLUX 1133  6820.00        4.395784E+13   1.4398E-06   1.4413E-06   0.99898
FLUX 1134  6860.00        4.370153E+13   1.4248E-06   1.4249E-06   0.99997
FLUX 1135  6900.00        4.344819E+13   1.4087E-06   1.4088E-06   0.99999
FLUX 1136  6940.00        4.319777E+13   1.3909E-06   1.3929E-06   0.99855
FLUX 1137  6980.00        4.295021E+13   1.3773E-06   1.3773E-06   0.99998
FLUX 1138  7020.00        4.270548E+13   1.3620E-06   1.3620E-06   0.99999
FLUX 1139  7060.00        4.246353E+13   1.3469E-06   1.3470E-06   0.99997
FLUX 1140  7100.00        4.222430E+13   1.3293E-06   1.3321E-06   0.99789
FLUX 1141  7140.00        4.198774E+13   1.3175E-06   1.3176E-06   0.99994
FLUX 1142  7180.00        4.175383E+13   1.3032E-06   1.3032E-06   0.99998
FLUX 1143  7220.00        4.152251E+13   1.2891E-06   1.2891E-06   0.99998
FLUX 1144  7260.00        4.129373E+13   1.2715E-06   1.2753E-06   0.99709
FLUX 1145  7300.00        4.106747E+13   1.2613E-06   1.2616E-06   0.99978
FLUX 1146  7340.00        4.084366E+13   1.2481E-06   1.2482E-06   0.99998
FLUX 1147  7380.00        4.062229E+13   1.2349E-06   1.2349E-06   0.99998
FLUX 1148  7420.00        4.040330E+13   1.2216E-06   1.2219E-06   0.99972
FLUX 1149  7460.00        4.018666E+13   1.1905E-06   1.2091E-06   0.98458
FLUX 1150  7500.00        3.997233E+13   1.1643E-06   1.1966E-06   0.97304
FLUX 1151  7540.00        3.976028E+13   1.1824E-06   1.1842E-06   0.99856
FLUX 1152  7580.00        3.955046E+13   1.1719E-06   1.1719E-06   0.99998
FLUX 1153  7620.00        3.934285E+13   1.1599E-06   1.1599E-06   0.99998
FLUX 1154  7660.00        3.913740E+13   1.1481E-06   1.1481E-06   0.99998
FLUX 1155  7700.00        3.893409E+13   1.1364E-06   1.1364E-06   0.99998
FLUX 1156  7740.00        3.873288E+13   1.1249E-06   1.1249E-06   0.99997
FLUX 1157  7780.00        3.853374E+13   1.1055E-06   1.1136E-06   0.99267
FLUX 1158  7820.00        3.833664E+13   1.1024E-06   1.1025E-06   0.99997
FLUX 1159  7860.00        3.814154E+13   1.0915E-06   1.0915E-06   0.99998
FLUX 1160  7900.00        3.794842E+13   1.0807E-06   1.0807E-06   0.99999
FLUX 1161  7940.00        3.775724E+13   1.0700E-06   1.0700E-06   0.99999
FLUX 1162  7980.00        3.756798E+13   1.0595E-06   1.0595E-06   0.99998
FLUX 1163  8020.00        3.738061E+13   1.0492E-06   1.0492E-06   0.99999
FLUX 1164  8060.00        3.719510E+13   1.0390E-06   1.0390E-06   0.99999
FLUX 1165  8100.00        3.701142E+13   1.0289E-06   1.0289E-06   0.99998
FLUX 1166  8140.00        3.682955E+13   1.0106E-06   1.0190E-06   0.99173
FLUX 1167  8180.00        3.664945E+13   1.0074E-06   1.0092E-06   0.99820
FLUX 1168  8220.00        3.647111E+13   9.9960E-07   9.9962E-07   0.99998
FLUX 1169  8260.00        3.629449E+13   9.9011E-07   9.9012E-07   0.99999
FLUX 1170  8300.00        3.611958E+13   9.8075E-07   9.8077E-07   0.99999
FLUX 1171  8340.00        3.594634E+13   9.7153E-07   9.7154E-07   0.99999
FLUX 1172  8380.00        3.577476E+13   9.6242E-07   9.6244E-07   0.99998
FLUX 1173  8420.00        3.560481E+13   9.5346E-07   9.5347E-07   0.99999
FLUX 1174  8460.00        3.543647E+13   9.4461E-07   9.4462E-07   0.99999
FLUX 1175  8500.00        3.526971E+13   9.3588E-07   9.3590E-07   0.99998
FLUX 1176  8540.00        3.510451E+13   9.2728E-07   9.2729E-07   0.99999
FLUX 1177  8580.00        3.494085E+13   9.1878E-07   9.1880E-07   0.99998
FLUX 1178  8620.00        3.477871E+13   9.1040E-07   9.1043E-07   0.99997
FLUX 1179  8660.00        3.461807E+13   8.9051E-07   9.0216E-07   0.98708
FLUX 1180  8700.00        3.445891E+13   8.9342E-07   8.9402E-07   0.99933
FLUX 1181  8740.00        3.430120E+13   8.7860E-07   8.8598E-07   0.99168
FLUX 1182  8780.00        3.414493E+13   8.7083E-07   8.7804E-07   0.99178
FLUX 1183  8820.00        3.399008E+13   8.7021E-07   8.7022E-07   0.99999
FLUX 1184  8860.00        3.383662E+13   8.6241E-07   8.6249E-07   0.99990
FLUX 1185  8900.00        3.368455E+13   8.5486E-07   8.5487E-07   0.99998
FLUX 1186  8940.00        3.353384E+13   8.4734E-07   8.4735E-07   0.99999
FLUX 1187  8980.00        3.338447E+13   8.3992E-07   8.3993E-07   0.99999
FLUX 1188  9020.00        3.323642E+13   8.3258E-07   8.3260E-07   0.99998
FLUX 1189  9060.00        3.308968E+13   8.2484E-07   8.2537E-07   0.99936
FLUX 1190  9100.00        3.294423E+13   8.1822E-07   8.1823E-07   0.99999
FLUX 1191  9140.00        3.280005E+13   8.1117E-07   8.1118E-07   0.99999
FLUX 1192  9180.00        3.265713E+13   8.0422E-07   8.0423E-07   0.99999
FLUX 1193  9220.00        3.251546E+13   7.9734E-07   7.9736E-07   0.99998
FLUX 1194  9260.00        3.237500E+13   7.8923E-07   7.9058E-07   0.99830
FLUX 1195  9300.00        3.223575E+13   7.8387E-07   7.8388E-07   0.99998
FLUX 1196  9340.00        3.209770E+13   7.7725E-07   7.7727E-07   0.99998
FLUX 1197  9380.00        3.196082E+13   7.5973E-07   7.7074E-07   0.98572
FLUX 1198  9420.00        3.182511E+13   7.6277E-07   7.6430E-07   0.99801
FLUX 1199  9460.00        3.169054E+13   7.5792E-07   7.5793E-07   0.99998
FLUX 1200  9500.00        3.155710E+13   7.5081E-07   7.5164E-07   0.99889
FLUX 1201  9540.00        3.142479E+13   7.4429E-07   7.4543E-07   0.99847
FLUX 1202  9580.00        3.129358E+13   7.3928E-07   7.3929E-07   0.99999
FLUX 1203  9620.00        3.116346E+13   7.3323E-07   7.3323E-07   0.99999
FLUX 1204  9660.00        3.103442E+13   7.2724E-07   7.2725E-07   0.99999
FLUX 1205  9700.00        3.090644E+13   7.2132E-07   7.2134E-07   0.99998
FLUX 1206  9740.00        3.077952E+13   7.1549E-07   7.1549E-07   0.99999
FLUX 1207  9780.00        3.065363E+13   7.0971E-07   7.0972E-07   0.99999
FLUX 1208  9820.00        3.052877E+13   7.0351E-07   7.0402E-07   0.99927
FLUX 1209  9860.00        3.040492E+13   6.9622E-07   6.9838E-07   0.99690
FLUX 1210  9900.00        3.028207E+13   6.9281E-07   6.9282E-07   0.99999
FLUX 1211  9940.00        3.016021E+13   6.8731E-07   6.8732E-07   0.99999
FLUX 1212  9980.00        3.003933E+13   6.8187E-07   6.8188E-07   0.99999
FLUX 1213 10020.00        2.991941E+13   6.7650E-07   6.7650E-07   0.99999
FLUX 1214 20000.00        1.498962E+13   1.7018E-07   1.7018E-07   1.00000
FLUX 1215 40000.00        7.494812E+12   4.1871E-08   4.1871E-08   1.00000
FLUX 1216 60000.00        4.996542E+12   1.8339E-08   1.8339E-08   1.00000
FLUX 1217 80000.00        3.747406E+12   1.0192E-08   1.0192E-08   1.00000
FLUX 1218100000.00        2.997925E+12   6.4589E-09   6.4589E-09   1.00000
FLUX 1219120000.00        2.498271E+12   4.4481E-09   4.4481E-09   1.00000
FLUX 1220140000.00        2.141375E+12   3.2448E-09   3.2448E-09   1.00000
FLUX 1221160000.00        1.873703E+12   2.4689E-09   2.4689E-09   1.00000
FLUX
