TEFF  26000.  GRAVITY 3.00000 LTE 
TITLE  [ 0.0] VTURB=0  L/H=1.25 NOVER NEW ODF                                   
FLUX    1     9.09        3.298047E+16   2.5000E-39   2.5000E-39   1.00000
FLUX    2     9.35        3.206337E+16   2.5030E-39   2.5030E-39   1.00000
FLUX    3     9.61        3.119589E+16   2.6139E-39   2.6139E-39   0.99999
FLUX    4     9.77        3.068500E+16   3.1353E-39   3.1353E-39   0.99998
FLUX    5     9.96        3.009965E+16   6.1627E-39   6.1769E-39   0.99770
FLUX    6    10.20        2.939142E+16   2.8351E-38   2.8442E-38   0.99679
FLUX    7    10.38        2.888174E+16   1.0293E-37   1.0327E-37   0.99674
FLUX    8    10.56        2.838944E+16   3.6986E-37   3.7106E-37   0.99678
FLUX    9    10.77        2.783589E+16   1.5750E-36   1.5799E-36   0.99685
FLUX   10    11.04        2.715512E+16   9.4388E-36   9.4676E-36   0.99695
FLUX   11    11.40        2.629759E+16   9.1055E-35   9.1323E-35   0.99706
FLUX   12    11.78        2.544928E+16   8.7131E-34   8.7376E-34   0.99720
FLUX   13    12.13        2.471496E+16   6.2209E-33   6.2377E-33   0.99732
FLUX   14    12.48        2.402184E+16   4.0155E-32   4.0260E-32   0.99738
FLUX   15    12.71        2.358714E+16   1.2997E-31   1.3029E-31   0.99749
FLUX   16    12.84        2.334833E+16   2.4816E-31   2.4878E-31   0.99752
FLUX   17    13.05        2.297260E+16   6.8798E-31   6.8986E-31   0.99727
FLUX   18    13.24        2.264294E+16   1.6882E-30   1.6922E-30   0.99762
FLUX   19    13.39        2.238928E+16   3.3728E-30   3.3807E-30   0.99768
FLUX   20    13.66        2.194674E+16   1.1332E-29   1.1358E-29   0.99774
FLUX   21    13.98        2.144439E+16   4.5095E-29   4.5194E-29   0.99782
FLUX   22    14.33        2.092062E+16   1.9147E-28   1.9187E-28   0.99791
FLUX   23    14.72        2.036634E+16   8.9078E-28   8.9187E-28   0.99878
FLUX   24    15.10        1.985381E+16   3.7151E-27   3.7152E-27   0.99997
FLUX   25    15.52        1.931653E+16   1.6683E-26   1.6684E-26   0.99997
FLUX   26    15.88        1.887862E+16   5.7034E-26   5.7036E-26   0.99997
FLUX   27    16.20        1.850571E+16   1.6313E-25   1.6315E-25   0.99988
FLUX   28    16.60        1.805979E+16   5.7547E-25   5.7548E-25   0.99997
FLUX   29    17.03        1.760379E+16   2.0953E-24   2.0973E-24   0.99904
FLUX   30    17.34        1.728907E+16   5.1321E-24   5.1323E-24   0.99997
FLUX   31    17.68        1.695659E+16   1.3236E-23   1.3237E-23   0.99997
FLUX   32    18.02        1.663665E+16   3.3001E-23   3.3002E-23   0.99998
FLUX   33    18.17        1.649931E+16   4.8865E-23   4.8876E-23   0.99978
FLUX   34    18.61        1.610921E+16   1.4947E-22   1.4951E-22   0.99974
FLUX   35    19.10        1.569594E+16   4.9012E-22   4.9013E-22   0.99998
FLUX   36    19.39        1.546119E+16   9.6311E-22   9.6313E-22   0.99998
FLUX   37    19.84        1.511051E+16   2.6454E-21   2.6454E-21   0.99997
FLUX   38    20.18        1.485592E+16   5.5139E-21   5.5144E-21   0.99991
FLUX   39    20.50        1.462402E+16   1.0771E-20   1.0773E-20   0.99983
FLUX   40    21.05        1.424192E+16   3.2528E-20   3.2529E-20   0.99997
FLUX   41    21.62        1.386644E+16   9.6445E-20   9.6483E-20   0.99961
FLUX   42    21.98        1.363933E+16   1.8630E-19   1.8632E-19   0.99988
FLUX   43    22.30        1.344361E+16   3.2862E-19   3.2867E-19   0.99985
FLUX   44    22.68        1.321836E+16   6.3894E-19   6.4082E-19   0.99706
FLUX   45    23.00        1.303446E+16   1.4358E-16   2.0555E-16   0.69852
FLUX   46    23.40        1.281165E+16   3.3734E-16   3.6042E-16   0.93596
FLUX   47    24.00        1.249135E+16   7.3229E-16   8.0918E-16   0.90498
FLUX   48    24.65        1.216197E+16   1.6940E-15   1.8624E-15   0.90960
FLUX   49    25.24        1.187767E+16   3.5264E-15   3.8408E-15   0.91814
FLUX   50    25.68        1.167416E+16   5.5513E-15   6.4617E-15   0.85911
FLUX   51    26.00        1.153048E+16   1.0200E-14   1.1349E-14   0.89873
FLUX   52    26.40        1.135578E+16   1.6854E-14   1.9650E-14   0.85770
FLUX   53    26.85        1.116546E+16   2.8408E-14   3.1600E-14   0.89899
FLUX   54    27.35        1.096133E+16   4.7326E-14   5.2637E-14   0.89909
FLUX   55    27.85        1.076454E+16   7.5443E-14   8.6159E-14   0.87563
FLUX   56    28.40        1.055607E+16   1.7106E-13   1.8023E-13   0.94912
FLUX   57    29.00        1.033767E+16   2.9613E-13   3.0988E-13   0.95562
FLUX   58    29.60        1.012812E+16   4.9030E-13   5.2177E-13   0.93969
FLUX   59    30.10        9.959883E+15   7.2640E-13   8.2616E-13   0.87924
FLUX   60    30.80        9.733523E+15   1.6451E-12   2.1431E-12   0.76762
FLUX   61    31.80        9.427437E+15   4.1711E-12   4.5113E-12   0.92460
FLUX   62    32.80        9.140015E+15   8.1183E-12   9.1124E-12   0.89090
FLUX   63    33.80        8.869601E+15   1.6987E-11   1.7730E-11   0.95806
FLUX   64    34.80        8.614727E+15   3.2481E-11   3.3354E-11   0.97385
FLUX   65    35.70        8.397549E+15   1.6439E-10   1.9718E-10   0.83371
FLUX   66    36.60        8.191052E+15   4.0673E-10   4.5950E-10   0.88517
FLUX   67    37.50        7.994467E+15   5.8681E-10   7.0690E-10   0.83012
FLUX   68    38.50        7.786818E+15   1.0221E-09   1.1722E-09   0.87200
FLUX   69    39.50        7.589683E+15   2.4679E-09   2.9089E-09   0.84840
FLUX   70    40.50        7.402284E+15   3.5789E-09   4.2714E-09   0.83787
FLUX   71    41.40        7.241364E+15   5.5981E-09   6.6451E-09   0.84244
FLUX   72    42.20        7.104087E+15   7.2990E-09   9.3003E-09   0.78481
FLUX   73    43.00        6.971919E+15   1.0074E-08   1.2092E-08   0.83309
FLUX   74    44.10        6.798016E+15   1.4633E-08   1.7080E-08   0.85671
FLUX   75    45.10        6.647284E+15   1.8920E-08   2.3213E-08   0.81505
FLUX   76    46.00        6.517228E+15   2.3725E-08   3.0012E-08   0.79051
FLUX   77    47.00        6.378564E+15   3.3093E-08   3.9470E-08   0.83846
FLUX   78    48.00        6.245677E+15   4.4186E-08   5.1263E-08   0.86195
FLUX   79    49.00        6.118214E+15   5.7604E-08   6.5984E-08   0.87300
FLUX   80    50.00        5.995850E+15   7.5109E-08   8.3842E-08   0.89584
FLUX   81    50.60        5.924753E+15   2.9150E-07   3.4627E-06   0.08418
FLUX   82    51.20        5.855322E+15   2.8525E-06   8.3219E-06   0.34276
FLUX   83    52.00        5.765240E+15   2.9526E-06   8.5320E-06   0.34606
FLUX   84    53.00        5.656462E+15   2.8363E-06   8.8222E-06   0.32149
FLUX   85    54.00        5.551713E+15   2.9326E-06   9.1496E-06   0.32052
FLUX   86    55.00        5.450773E+15   4.1147E-06   9.5226E-06   0.43210
FLUX   87    56.00        5.353437E+15   5.4625E-06   9.9342E-06   0.54987
FLUX   88    57.00        5.259517E+15   6.1764E-06   1.0388E-05   0.59460
FLUX   89    58.00        5.168836E+15   5.6990E-06   1.1113E-05   0.51280
FLUX   90    59.00        5.081229E+15   6.9338E-06   1.1658E-05   0.59476
FLUX   91    60.00        4.996542E+15   6.0693E-06   1.2249E-05   0.49549
FLUX   92    61.00        4.914631E+15   8.1907E-06   1.2889E-05   0.63549
FLUX   93    62.00        4.835363E+15   9.9417E-06   1.3578E-05   0.73219
FLUX   94    63.00        4.758611E+15   1.0340E-05   1.4318E-05   0.72222
FLUX   95    64.00        4.684258E+15   9.7605E-06   1.5117E-05   0.64564
FLUX   96    65.00        4.612192E+15   7.4257E-06   1.5971E-05   0.46496
FLUX   97    65.80        4.556117E+15   9.2763E-06   1.6693E-05   0.55570
FLUX   98    66.50        4.508158E+15   1.1913E-05   1.7351E-05   0.68661
FLUX   99    67.50        4.441370E+15   1.3500E-05   1.8337E-05   0.73622
FLUX  100    68.50        4.376533E+15   1.1185E-05   1.9376E-05   0.57729
FLUX  101    69.50        4.313561E+15   1.6938E-05   2.0468E-05   0.82753
FLUX  102    70.50        4.252376E+15   1.4005E-05   2.1614E-05   0.64796
FLUX  103    71.60        4.187046E+15   1.9891E-05   2.2936E-05   0.86726
FLUX  104    72.60        4.129373E+15   1.9816E-05   2.4199E-05   0.81889
FLUX  105    73.50        4.078809E+15   2.1281E-05   2.5381E-05   0.83846
FLUX  106    74.50        4.024060E+15   2.2253E-05   2.6747E-05   0.83197
FLUX  107    75.50        3.970762E+15   2.3469E-05   2.8165E-05   0.83327
FLUX  108    76.50        3.918856E+15   2.5252E-05   2.9636E-05   0.85208
FLUX  109    77.50        3.868290E+15   2.7906E-05   3.1157E-05   0.89565
FLUX  110    78.50        3.819013E+15   3.0395E-05   3.2728E-05   0.92872
FLUX  111    79.50        3.770975E+15   3.1516E-05   3.4348E-05   0.91754
FLUX  112    80.50        3.724130E+15   3.1745E-05   3.6018E-05   0.88138
FLUX  113    81.50        3.678436E+15   3.2588E-05   3.7735E-05   0.86359
FLUX  114    82.50        3.633848E+15   3.6475E-05   3.9502E-05   0.92338
FLUX  115    83.50        3.590329E+15   2.8567E-05   4.1318E-05   0.69141
FLUX  116    84.50        3.547840E+15   3.7644E-05   4.3178E-05   0.87182
FLUX  117    85.50        3.506345E+15   3.8442E-05   4.5081E-05   0.85272
FLUX  118    86.50        3.465809E+15   4.1332E-05   4.7026E-05   0.87892
FLUX  119    87.50        3.426200E+15   4.3977E-05   4.9012E-05   0.89727
FLUX  120    88.50        3.387486E+15   4.7147E-05   5.1040E-05   0.92372
FLUX  121    89.50        3.349637E+15   4.9479E-05   5.3107E-05   0.93169
FLUX  122    90.50        3.312624E+15   4.9507E-05   5.5210E-05   0.89671
FLUX  123    91.50        3.276421E+15   1.0586E-04   9.4333E-04   0.11222
FLUX  124    92.50        3.241000E+15   4.3497E-04   9.5013E-04   0.45780
FLUX  125    93.50        3.206337E+15   6.1443E-04   9.5667E-04   0.64226
FLUX  126    94.50        3.172407E+15   6.7902E-04   9.6298E-04   0.70512
FLUX  127    95.50        3.139188E+15   6.9550E-04   9.6905E-04   0.71772
FLUX  128    96.50        3.106658E+15   7.1366E-04   9.7488E-04   0.73205
FLUX  129    97.50        3.074795E+15   2.1933E-04   9.8049E-04   0.22370
FLUX  130    98.50        3.043579E+15   5.2538E-04   9.8589E-04   0.53290
FLUX  131    99.50        3.012990E+15   5.9599E-04   9.9105E-04   0.60137
FLUX  132   100.50        2.983010E+15   6.9423E-04   9.9600E-04   0.69702
FLUX  133   101.50        2.953621E+15   7.4368E-04   1.0007E-03   0.74315
FLUX  134   102.50        2.924805E+15   6.9134E-04   1.0052E-03   0.68774
FLUX  135   103.50        2.896546E+15   7.0881E-04   1.0096E-03   0.70211
FLUX  136   104.50        2.868828E+15   8.7909E-04   1.0137E-03   0.86725
FLUX  137   105.50        2.841635E+15   8.4543E-04   1.0176E-03   0.83084
FLUX  138   106.50        2.814953E+15   7.4404E-04   1.0213E-03   0.72855
FLUX  139   107.50        2.788767E+15   8.1389E-04   1.0248E-03   0.79421
FLUX  140   108.50        2.763064E+15   7.8079E-04   1.0281E-03   0.75945
FLUX  141   109.50        2.737831E+15   8.4888E-04   1.0312E-03   0.82316
FLUX  142   110.50        2.713054E+15   8.2511E-04   1.0342E-03   0.79783
FLUX  143   111.50        2.688722E+15   8.1974E-04   1.0370E-03   0.79051
FLUX  144   112.50        2.664822E+15   6.5549E-04   1.0396E-03   0.63053
FLUX  145   113.50        2.641344E+15   8.4525E-04   1.0420E-03   0.81118
FLUX  146   114.50        2.618275E+15   8.2296E-04   1.0443E-03   0.78808
FLUX  147   115.50        2.595606E+15   8.2769E-04   1.0464E-03   0.79102
FLUX  148   116.50        2.573326E+15   8.2240E-04   1.0483E-03   0.78451
FLUX  149   117.50        2.551426E+15   4.8480E-04   1.0501E-03   0.46168
FLUX  150   118.50        2.529894E+15   7.8383E-04   1.0517E-03   0.74526
FLUX  151   119.50        2.508724E+15   7.9586E-04   1.0532E-03   0.75563
FLUX  152   120.50        2.487905E+15   7.0974E-04   1.0546E-03   0.67302
FLUX  153   121.50        2.467428E+15   7.0584E-04   1.0557E-03   0.66857
FLUX  154   122.50        2.447286E+15   8.0820E-04   1.0568E-03   0.76472
FLUX  155   123.50        2.427470E+15   8.6430E-04   1.0578E-03   0.81710
FLUX  156   124.50        2.407972E+15   8.2707E-04   1.0585E-03   0.78137
FLUX  157   125.50        2.388785E+15   8.5815E-04   1.0592E-03   0.81021
FLUX  158   126.50        2.369901E+15   8.8886E-04   1.0597E-03   0.83878
FLUX  159   127.50        2.351314E+15   9.2317E-04   1.0601E-03   0.87082
FLUX  160   128.50        2.333016E+15   9.3216E-04   1.0604E-03   0.87906
FLUX  161   129.50        2.315000E+15   8.2601E-04   1.0606E-03   0.77883
FLUX  162   130.50        2.297261E+15   8.7056E-04   1.0606E-03   0.82080
FLUX  163   131.50        2.279791E+15   9.5673E-04   1.0606E-03   0.90210
FLUX  164   132.50        2.262585E+15   9.3181E-04   1.0604E-03   0.87873
FLUX  165   133.50        2.245637E+15   9.1723E-04   1.0601E-03   0.86520
FLUX  166   134.50        2.228940E+15   9.3636E-04   1.0598E-03   0.88355
FLUX  167   135.50        2.212491E+15   9.3886E-04   1.0593E-03   0.88630
FLUX  168   136.50        2.196282E+15   9.1892E-04   1.0587E-03   0.86794
FLUX  169   137.50        2.180309E+15   9.0515E-04   1.0581E-03   0.85547
FLUX  170   138.50        2.164567E+15   8.8045E-04   1.0573E-03   0.83271
FLUX  171   139.50        2.149050E+15   5.9815E-04   1.0565E-03   0.56617
FLUX  172   140.50        2.133754E+15   6.7960E-04   1.0556E-03   0.64383
FLUX  173   141.50        2.118675E+15   8.7098E-04   1.0545E-03   0.82593
FLUX  174   142.50        2.103807E+15   8.3299E-04   1.0535E-03   0.79072
FLUX  175   143.50        2.089146E+15   8.8491E-04   1.0523E-03   0.84095
FLUX  176   144.20        2.079005E+15   8.9782E-04   1.0514E-03   0.85391
FLUX  177   144.70        2.071821E+15   8.9539E-04   1.0508E-03   0.85212
FLUX  178   145.50        2.060430E+15   8.7237E-04   1.0497E-03   0.83106
FLUX  179   146.50        2.046365E+15   8.4897E-04   1.0483E-03   0.80985
FLUX  180   147.50        2.032492E+15   8.7364E-04   1.0468E-03   0.83456
FLUX  181   148.50        2.018805E+15   8.8055E-04   1.0453E-03   0.84240
FLUX  182   149.50        2.005301E+15   8.7136E-04   1.0437E-03   0.83489
FLUX  183   150.50        1.991977E+15   8.4671E-04   1.0420E-03   0.81258
FLUX  184   151.20        1.982755E+15   8.0536E-04   1.0408E-03   0.77380
FLUX  185   151.70        1.976220E+15   8.3041E-04   1.0399E-03   0.79854
FLUX  186   152.50        1.965852E+15   8.2689E-04   1.0385E-03   0.79626
FLUX  187   153.50        1.953046E+15   7.3369E-04   1.0366E-03   0.70778
FLUX  188   154.50        1.940405E+15   6.6270E-04   1.0347E-03   0.64048
FLUX  189   155.50        1.927926E+15   6.6823E-04   1.0327E-03   0.64705
FLUX  190   156.50        1.915607E+15   7.5732E-04   1.0307E-03   0.73476
FLUX  191   157.50        1.903444E+15   8.1055E-04   1.0286E-03   0.78799
FLUX  192   158.50        1.891435E+15   8.2299E-04   1.0265E-03   0.80175
FLUX  193   159.50        1.879577E+15   8.2386E-04   1.0243E-03   0.80429
FLUX  194   160.50        1.867866E+15   8.0402E-04   1.0221E-03   0.78664
FLUX  195   161.50        1.856300E+15   7.8664E-04   1.0198E-03   0.77134
FLUX  196   162.50        1.844877E+15   8.0624E-04   1.0175E-03   0.79236
FLUX  197   163.50        1.833593E+15   8.3990E-04   1.0152E-03   0.82734
FLUX  198   164.50        1.822447E+15   8.4891E-04   1.0128E-03   0.83820
FLUX  199   165.50        1.811435E+15   8.5265E-04   1.0104E-03   0.84391
FLUX  200   166.50        1.800556E+15   8.5808E-04   1.0079E-03   0.85136
FLUX  201   167.20        1.793017E+15   8.1706E-04   1.0061E-03   0.81207
FLUX  202   167.70        1.787671E+15   9.2288E-04   1.0049E-03   0.91840
FLUX  203   168.50        1.779184E+15   8.8844E-04   1.0028E-03   0.88592
FLUX  204   169.50        1.768687E+15   8.6228E-04   1.0003E-03   0.86204
FLUX  205   170.50        1.758314E+15   8.6363E-04   9.9768E-04   0.86565
FLUX  206   171.50        1.748061E+15   8.3139E-04   9.9504E-04   0.83553
FLUX  207   172.50        1.737928E+15   8.2560E-04   9.9238E-04   0.83194
FLUX  208   173.50        1.727911E+15   8.5919E-04   9.8969E-04   0.86814
FLUX  209   174.50        1.718009E+15   8.5345E-04   9.8697E-04   0.86472
FLUX  210   175.50        1.708219E+15   8.5792E-04   9.8422E-04   0.87167
FLUX  211   176.50        1.698541E+15   8.6519E-04   9.8145E-04   0.88154
FLUX  212   177.50        1.688972E+15   8.3789E-04   9.7865E-04   0.85617
FLUX  213   178.50        1.679510E+15   8.5820E-04   9.7583E-04   0.87946
FLUX  214   179.50        1.670153E+15   8.6296E-04   9.7299E-04   0.88692
FLUX  215   180.50        1.660900E+15   8.7569E-04   9.7012E-04   0.90266
FLUX  216   181.50        1.651749E+15   8.3587E-04   9.6724E-04   0.86419
FLUX  217   182.50        1.642699E+15   8.5351E-04   9.6433E-04   0.88507
FLUX  218   183.50        1.633747E+15   8.5377E-04   9.6141E-04   0.88803
FLUX  219   184.50        1.624892E+15   8.0588E-04   9.5848E-04   0.84079
FLUX  220   185.50        1.616132E+15   8.3110E-04   9.5553E-04   0.86979
FLUX  221   186.50        1.607466E+15   8.4418E-04   9.5256E-04   0.88622
FLUX  222   187.50        1.598893E+15   8.5273E-04   9.4958E-04   0.89802
FLUX  223   188.50        1.590411E+15   8.0073E-04   9.4658E-04   0.84592
FLUX  224   189.50        1.582018E+15   7.7219E-04   9.4357E-04   0.81838
FLUX  225   190.50        1.573714E+15   8.1604E-04   9.4055E-04   0.86762
FLUX  226   191.50        1.565496E+15   8.0072E-04   9.3751E-04   0.85409
FLUX  227   192.50        1.557364E+15   7.6662E-04   9.3447E-04   0.82038
FLUX  228   193.50        1.549315E+15   8.1531E-04   9.3141E-04   0.87535
FLUX  229   194.50        1.541350E+15   8.3796E-04   9.2834E-04   0.90264
FLUX  230   195.50        1.533465E+15   7.7288E-04   9.2527E-04   0.83530
FLUX  231   196.70        1.524110E+15   8.2596E-04   9.2159E-04   0.89623
FLUX  232   197.60        1.517168E+15   8.5944E-04   9.1882E-04   0.93537
FLUX  233   198.40        1.511051E+15   8.2346E-04   9.1635E-04   0.89863
FLUX  234   199.50        1.502719E+15   8.1599E-04   9.1296E-04   0.89379
FLUX  235   200.50        1.495224E+15   8.4113E-04   9.0986E-04   0.92446
FLUX  236   201.50        1.487804E+15   8.4695E-04   9.0676E-04   0.93404
FLUX  237   202.50        1.480457E+15   8.6357E-04   9.0366E-04   0.95564
FLUX  238   203.50        1.473182E+15   8.1994E-04   9.0055E-04   0.91049
FLUX  239   204.50        1.465978E+15   8.2866E-04   8.9743E-04   0.92337
FLUX  240   205.50        1.458844E+15   7.6152E-04   8.9997E-04   0.84616
FLUX  241   206.50        1.451780E+15   7.5943E-04   8.9682E-04   0.84680
FLUX  242   207.40        1.445480E+15   8.1436E-04   8.9399E-04   0.91093
FLUX  243   207.80        1.442697E+15   7.8114E-04   8.9273E-04   0.87500
FLUX  244   208.50        1.437854E+15   8.2867E-04   8.9052E-04   0.93054
FLUX  245   209.50        1.430990E+15   8.0246E-04   8.8737E-04   0.90431
FLUX  246   210.50        1.424192E+15   8.2650E-04   8.8421E-04   0.93473
FLUX  247   211.50        1.417459E+15   8.3616E-04   8.8105E-04   0.94905
FLUX  248   212.50        1.410788E+15   8.4356E-04   8.7790E-04   0.96088
FLUX  249   213.50        1.404180E+15   8.4136E-04   8.7474E-04   0.96184
FLUX  250   214.50        1.397634E+15   8.1822E-04   8.7158E-04   0.93878
FLUX  251   215.50        1.391148E+15   8.4157E-04   8.6842E-04   0.96908
FLUX  252   216.50        1.384723E+15   8.3606E-04   8.6527E-04   0.96624
FLUX  253   217.50        1.378356E+15   8.3678E-04   8.6211E-04   0.97062
FLUX  254   218.50        1.372048E+15   8.2975E-04   8.5896E-04   0.96599
FLUX  255   219.50        1.365797E+15   8.3974E-04   8.5581E-04   0.98123
FLUX  256   220.50        1.359603E+15   8.3899E-04   8.5266E-04   0.98397
FLUX  257   221.50        1.353465E+15   8.3457E-04   8.4951E-04   0.98242
FLUX  258   222.50        1.347382E+15   8.2677E-04   8.4637E-04   0.97684
FLUX  259   223.50        1.341353E+15   8.1985E-04   8.4323E-04   0.97228
FLUX  260   224.50        1.335379E+15   8.2540E-04   8.4009E-04   0.98251
FLUX  261   225.50        1.329457E+15   8.1769E-04   8.3696E-04   0.97698
FLUX  262   226.50        1.323587E+15   8.2131E-04   8.3383E-04   0.98499
FLUX  263   227.50        1.317769E+15   8.2052E-04   8.3070E-04   0.98774
FLUX  264   228.50        1.312002E+15   8.1694E-04   8.2758E-04   0.98714
FLUX  265   229.50        1.306285E+15   7.3285E-04   8.2446E-04   0.88888
FLUX  266   230.50        1.300618E+15   8.0469E-04   8.2135E-04   0.97971
FLUX  267   231.50        1.295000E+15   7.9901E-04   8.1825E-04   0.97649
FLUX  268   232.50        1.289430E+15   7.9863E-04   8.1515E-04   0.97974
FLUX  269   233.50        1.283908E+15   7.9167E-04   8.1205E-04   0.97489
FLUX  270   234.50        1.278433E+15   7.9895E-04   8.0897E-04   0.98762
FLUX  271   235.50        1.273004E+15   7.9443E-04   8.0589E-04   0.98578
FLUX  272   236.50        1.267622E+15   7.9206E-04   8.0281E-04   0.98660
FLUX  273   237.50        1.262284E+15   7.8441E-04   7.9975E-04   0.98083
FLUX  274   238.50        1.256992E+15   7.7781E-04   7.9669E-04   0.97630
FLUX  275   239.50        1.251743E+15   7.7657E-04   7.9363E-04   0.97850
FLUX  276   240.50        1.246538E+15   7.7714E-04   7.9059E-04   0.98299
FLUX  277   241.50        1.241377E+15   7.7328E-04   7.8755E-04   0.98187
FLUX  278   242.50        1.236258E+15   7.7451E-04   7.8453E-04   0.98724
FLUX  279   243.50        1.231181E+15   7.6585E-04   7.8150E-04   0.97997
FLUX  280   244.50        1.226145E+15   7.6721E-04   7.7849E-04   0.98550
FLUX  281   245.50        1.221151E+15   7.6697E-04   7.7549E-04   0.98902
FLUX  282   246.50        1.216197E+15   7.6198E-04   7.7249E-04   0.98639
FLUX  283   247.50        1.211283E+15   7.5564E-04   7.6951E-04   0.98198
FLUX  284   248.50        1.206408E+15   7.3804E-04   7.6653E-04   0.96284
FLUX  285   249.50        1.201573E+15   5.4169E-04   7.6356E-04   0.70943
FLUX  286   250.50        1.196776E+15   7.1311E-04   7.6060E-04   0.93756
FLUX  287   251.30        1.192967E+15   7.1841E-04   7.5824E-04   0.94748
FLUX  288   251.80        1.190598E+15   7.3382E-04   7.5676E-04   0.96968
FLUX  289   252.50        1.187297E+15   7.4322E-04   7.5471E-04   0.98479
FLUX  290   253.50        1.182613E+15   7.4410E-04   7.5178E-04   0.98978
FLUX  291   254.50        1.177967E+15   7.3084E-04   7.4886E-04   0.97593
FLUX  292   255.50        1.173356E+15   7.3384E-04   7.4596E-04   0.98375
FLUX  293   256.50        1.168782E+15   7.3368E-04   7.4306E-04   0.98738
FLUX  294   257.50        1.164243E+15   7.3215E-04   7.4017E-04   0.98916
FLUX  295   258.50        1.159739E+15   7.2929E-04   7.3729E-04   0.98915
FLUX  296   259.50        1.155270E+15   7.2664E-04   7.3442E-04   0.98940
FLUX  297   260.50        1.150835E+15   7.2679E-04   7.3293E-04   0.99162
FLUX  298   261.50        1.146434E+15   7.2010E-04   7.3007E-04   0.98635
FLUX  299   262.50        1.142067E+15   7.1984E-04   7.2722E-04   0.98985
FLUX  300   263.50        1.137732E+15   7.1851E-04   7.2438E-04   0.99190
FLUX  301   264.50        1.133431E+15   7.1362E-04   7.2155E-04   0.98900
FLUX  302   265.50        1.129162E+15   7.1229E-04   7.1874E-04   0.99104
FLUX  303   266.50        1.124925E+15   7.0099E-04   7.1593E-04   0.97913
FLUX  304   267.50        1.120720E+15   6.9876E-04   7.1313E-04   0.97984
FLUX  305   268.50        1.116546E+15   7.0360E-04   7.1035E-04   0.99050
FLUX  306   269.50        1.112403E+15   6.9153E-04   7.0757E-04   0.97732
FLUX  307   270.50        1.108290E+15   6.8870E-04   7.0481E-04   0.97714
FLUX  308   271.50        1.104208E+15   6.8843E-04   7.0205E-04   0.98060
FLUX  309   272.50        1.100156E+15   6.8903E-04   6.9931E-04   0.98530
FLUX  310   273.50        1.096133E+15   6.8443E-04   6.9658E-04   0.98256
FLUX  311   274.50        1.092140E+15   6.8478E-04   6.9386E-04   0.98692
FLUX  312   275.50        1.088176E+15   6.8359E-04   6.9115E-04   0.98907
FLUX  313   276.50        1.084240E+15   6.7856E-04   6.8845E-04   0.98563
FLUX  314   277.50        1.080333E+15   6.8181E-04   6.8576E-04   0.99424
FLUX  315   278.50        1.076454E+15   6.7591E-04   6.8308E-04   0.98950
FLUX  316   279.50        1.072603E+15   6.6199E-04   6.8041E-04   0.97293
FLUX  317   280.50        1.068779E+15   6.6895E-04   6.7776E-04   0.98700
FLUX  318   281.50        1.064982E+15   6.7111E-04   6.7511E-04   0.99407
FLUX  319   282.50        1.061212E+15   6.6740E-04   6.7248E-04   0.99244
FLUX  320   283.50        1.057469E+15   6.5696E-04   6.6985E-04   0.98075
FLUX  321   284.50        1.053752E+15   6.6272E-04   6.6724E-04   0.99322
FLUX  322   285.50        1.050061E+15   6.5718E-04   6.6464E-04   0.98878
FLUX  323   286.50        1.046396E+15   6.5603E-04   6.6205E-04   0.99091
FLUX  324   287.50        1.042757E+15   6.5385E-04   6.5947E-04   0.99147
FLUX  325   288.50        1.039142E+15   6.5214E-04   6.5690E-04   0.99275
FLUX  326   289.50        1.035553E+15   6.4879E-04   6.5435E-04   0.99151
FLUX  327   291.00        1.030215E+15   6.4217E-04   6.5053E-04   0.98715
FLUX  328   293.00        1.023183E+15   6.4141E-04   6.4548E-04   0.99369
FLUX  329   295.00        1.016246E+15   6.3270E-04   6.4047E-04   0.98787
FLUX  330   297.00        1.009402E+15   6.2998E-04   6.3551E-04   0.99130
FLUX  331   299.00        1.002650E+15   6.2334E-04   6.3059E-04   0.98850
FLUX  332   301.00        9.959884E+14   6.1323E-04   6.2572E-04   0.98004
FLUX  333   303.00        9.894142E+14   6.1201E-04   6.2089E-04   0.98569
FLUX  334   305.00        9.829262E+14   6.1066E-04   6.1611E-04   0.99116
FLUX  335   307.00        9.765228E+14   6.0837E-04   6.1137E-04   0.99509
FLUX  336   309.00        9.702023E+14   5.9598E-04   6.0667E-04   0.98238
FLUX  337   311.00        9.639630E+14   5.9877E-04   6.0202E-04   0.99460
FLUX  338   313.00        9.578035E+14   5.9210E-04   5.9766E-04   0.99068
FLUX  339   315.00        9.517222E+14   5.8914E-04   5.9310E-04   0.99334
FLUX  340   317.00        9.457177E+14   5.8348E-04   5.8857E-04   0.99135
FLUX  341   319.00        9.397884E+14   5.7913E-04   5.8409E-04   0.99150
FLUX  342   321.00        9.339330E+14   5.7518E-04   5.7965E-04   0.99229
FLUX  343   323.00        9.281501E+14   5.6966E-04   5.7525E-04   0.99027
FLUX  344   325.00        9.224385E+14   5.6849E-04   5.7090E-04   0.99577
FLUX  345   327.00        9.167966E+14   5.6159E-04   5.6659E-04   0.99118
FLUX  346   329.00        9.112234E+14   5.5821E-04   5.6231E-04   0.99270
FLUX  347   331.00        9.057175E+14   5.5431E-04   5.5808E-04   0.99324
FLUX  348   333.00        9.002778E+14   5.4854E-04   5.5389E-04   0.99034
FLUX  349   335.00        8.949030E+14   5.4450E-04   5.4974E-04   0.99047
FLUX  350   337.00        8.895920E+14   5.4052E-04   5.4563E-04   0.99063
FLUX  351   339.00        8.843436E+14   5.3922E-04   5.4156E-04   0.99567
FLUX  352   341.00        8.791569E+14   5.3540E-04   5.3753E-04   0.99604
FLUX  353   343.00        8.740306E+14   5.3151E-04   5.3511E-04   0.99326
FLUX  354   345.00        8.689638E+14   5.2605E-04   5.3114E-04   0.99040
FLUX  355   347.00        8.639553E+14   5.2275E-04   5.2721E-04   0.99154
FLUX  356   349.00        8.590043E+14   5.1876E-04   5.2332E-04   0.99128
FLUX  357   351.00        8.541097E+14   5.1574E-04   5.1946E-04   0.99284
FLUX  358   353.00        8.492705E+14   5.1350E-04   5.1564E-04   0.99584
FLUX  359   355.00        8.444859E+14   5.0920E-04   5.1186E-04   0.99481
FLUX  360   357.00        8.397549E+14   5.0603E-04   5.0812E-04   0.99590
FLUX  361   359.00        8.350766E+14   4.9985E-04   5.0441E-04   0.99095
FLUX  362   361.00        8.304501E+14   4.9628E-04   5.0074E-04   0.99111
FLUX  363   363.00        8.258746E+14   4.9336E-04   4.9710E-04   0.99247
FLUX  364   364.00        8.236058E+14   4.9286E-04   4.9529E-04   0.99508
FLUX  365   365.00        8.213493E+14   4.8295E-04   5.3585E-04   0.90128
FLUX  366   367.00        8.168733E+14   4.8134E-04   5.3210E-04   0.90460
FLUX  367   369.00        8.124458E+14   4.7468E-04   5.2894E-04   0.89742
FLUX  368   371.00        8.080660E+14   4.6953E-04   5.2527E-04   0.89388
FLUX  369   373.00        8.037332E+14   4.6780E-04   5.2163E-04   0.89681
FLUX  370   375.00        7.994467E+14   4.8618E-04   5.1802E-04   0.93854
FLUX  371   377.00        7.952056E+14   4.8274E-04   5.1444E-04   0.93838
FLUX  372   379.00        7.910092E+14   4.8650E-04   5.1089E-04   0.95226
FLUX  373   381.00        7.868569E+14   4.9720E-04   5.0738E-04   0.97995
FLUX  374   383.00        7.827480E+14   4.7081E-04   5.0389E-04   0.93434
FLUX  375   385.00        7.786818E+14   4.9619E-04   5.0044E-04   0.99151
FLUX  376   387.00        7.746576E+14   4.8711E-04   4.9701E-04   0.98007
FLUX  377   389.00        7.706748E+14   4.6491E-04   4.9362E-04   0.94184
FLUX  378   391.00        7.667327E+14   4.8760E-04   4.9025E-04   0.99459
FLUX  379   393.00        7.628308E+14   4.7852E-04   4.8692E-04   0.98275
FLUX  380   395.00        7.589683E+14   4.7759E-04   4.8361E-04   0.98756
FLUX  381   397.00        7.551448E+14   4.4874E-04   4.8033E-04   0.93423
FLUX  382   399.00        7.513596E+14   4.7375E-04   4.7708E-04   0.99301
FLUX  383   401.00        7.476122E+14   4.7008E-04   4.7386E-04   0.99202
FLUX  384   403.00        7.439020E+14   4.6312E-04   4.7067E-04   0.98395
FLUX  385   405.00        7.402284E+14   4.6465E-04   4.6751E-04   0.99389
FLUX  386   407.00        7.365909E+14   4.5455E-04   4.6437E-04   0.97886
FLUX  387   409.00        7.329890E+14   4.4718E-04   4.6126E-04   0.96947
FLUX  388   411.00        7.294221E+14   4.2886E-04   4.5818E-04   0.93601
FLUX  389   413.00        7.258898E+14   4.4714E-04   4.5513E-04   0.98244
FLUX  390   415.00        7.223916E+14   4.4613E-04   4.5210E-04   0.98679
FLUX  391   417.00        7.189269E+14   4.4594E-04   4.4910E-04   0.99296
FLUX  392   419.00        7.154952E+14   4.4294E-04   4.4613E-04   0.99284
FLUX  393   421.00        7.120962E+14   4.4107E-04   4.4318E-04   0.99524
FLUX  394   423.00        7.087293E+14   4.3829E-04   4.4026E-04   0.99553
FLUX  395   425.00        7.053941E+14   4.3281E-04   4.3736E-04   0.98959
FLUX  396   427.00        7.020902E+14   4.2730E-04   4.3449E-04   0.98344
FLUX  397   429.00        6.988170E+14   4.2598E-04   4.3165E-04   0.98687
FLUX  398   431.00        6.955742E+14   4.2104E-04   4.2883E-04   0.98184
FLUX  399   433.00        6.923614E+14   4.1438E-04   4.2603E-04   0.97264
FLUX  400   435.00        6.891782E+14   3.9517E-04   4.2326E-04   0.93364
FLUX  401   437.00        6.860240E+14   4.1369E-04   4.2051E-04   0.98378
FLUX  402   439.00        6.828986E+14   4.1205E-04   4.1779E-04   0.98626
FLUX  403   441.00        6.798016E+14   4.0945E-04   4.1509E-04   0.98641
FLUX  404   443.00        6.767325E+14   4.0954E-04   4.1241E-04   0.99302
FLUX  405   445.00        6.736910E+14   4.0604E-04   4.0976E-04   0.99092
FLUX  406   447.00        6.706767E+14   3.9982E-04   4.0713E-04   0.98205
FLUX  407   449.00        6.676893E+14   4.0151E-04   4.0452E-04   0.99256
FLUX  408   451.00        6.647284E+14   3.9863E-04   4.0194E-04   0.99177
FLUX  409   453.00        6.617936E+14   3.9696E-04   3.9937E-04   0.99396
FLUX  410   455.00        6.588846E+14   3.9370E-04   3.9683E-04   0.99209
FLUX  411   457.00        6.560011E+14   3.9163E-04   3.9432E-04   0.99320
FLUX  412   459.00        6.531427E+14   3.8860E-04   3.9182E-04   0.99179
FLUX  413   461.00        6.503091E+14   3.8569E-04   3.8934E-04   0.99061
FLUX  414   463.00        6.475000E+14   3.8280E-04   3.8689E-04   0.98943
FLUX  415   465.00        6.447150E+14   3.7141E-04   3.8445E-04   0.96607
FLUX  416   467.00        6.419540E+14   3.7753E-04   3.8204E-04   0.98818
FLUX  417   469.00        6.392164E+14   3.7550E-04   3.7965E-04   0.98908
FLUX  418   471.00        6.365021E+14   3.7049E-04   3.7728E-04   0.98200
FLUX  419   473.00        6.338108E+14   3.7313E-04   3.7493E-04   0.99520
FLUX  420   475.00        6.311421E+14   3.7011E-04   3.7259E-04   0.99334
FLUX  421   477.00        6.284958E+14   3.7017E-04   3.7028E-04   0.99970
FLUX  422   479.00        6.258716E+14   3.6774E-04   3.6799E-04   0.99932
FLUX  423   481.00        6.232692E+14   3.6480E-04   3.6572E-04   0.99749
FLUX  424   483.00        6.206884E+14   3.6188E-04   3.6347E-04   0.99563
FLUX  425   485.00        6.181289E+14   3.5822E-04   3.6123E-04   0.99165
FLUX  426   487.00        6.155903E+14   3.3827E-04   3.5902E-04   0.94221
FLUX  427   489.00        6.130726E+14   3.5606E-04   3.5682E-04   0.99787
FLUX  428   491.00        6.105753E+14   3.5372E-04   3.5464E-04   0.99741
FLUX  429   493.00        6.080984E+14   3.4855E-04   3.5248E-04   0.98886
FLUX  430   495.00        6.056414E+14   3.4821E-04   3.5034E-04   0.99393
FLUX  431   497.00        6.032042E+14   3.4811E-04   3.4822E-04   0.99968
FLUX  432   499.00        6.007866E+14   3.4587E-04   3.4611E-04   0.99932
FLUX  433   501.00        5.983882E+14   3.3900E-04   3.4402E-04   0.98540
FLUX  434   503.00        5.960089E+14   3.4118E-04   3.4195E-04   0.99774
FLUX  435   505.00        5.936485E+14   3.3834E-04   3.3990E-04   0.99542
FLUX  436   507.00        5.913067E+14   3.3765E-04   3.3786E-04   0.99938
FLUX  437   509.00        5.889833E+14   3.3541E-04   3.3585E-04   0.99872
FLUX  438   511.00        5.866781E+14   3.3332E-04   3.3384E-04   0.99843
FLUX  439   513.00        5.843908E+14   3.3073E-04   3.3186E-04   0.99660
FLUX  440   515.00        5.821214E+14   3.2887E-04   3.2989E-04   0.99691
FLUX  441   517.00        5.798694E+14   3.2721E-04   3.2794E-04   0.99778
FLUX  442   519.00        5.776349E+14   3.2560E-04   3.2600E-04   0.99879
FLUX  443   521.00        5.754175E+14   3.2379E-04   3.2408E-04   0.99912
FLUX  444   523.00        5.732170E+14   3.2182E-04   3.2217E-04   0.99891
FLUX  445   525.00        5.710333E+14   3.1964E-04   3.2028E-04   0.99800
FLUX  446   527.00        5.688662E+14   3.1757E-04   3.1841E-04   0.99736
FLUX  447   529.00        5.667155E+14   3.1621E-04   3.1655E-04   0.99892
FLUX  448   531.00        5.645810E+14   3.1428E-04   3.1471E-04   0.99864
FLUX  449   533.00        5.624625E+14   3.1262E-04   3.1288E-04   0.99916
FLUX  450   535.00        5.603598E+14   3.1080E-04   3.1107E-04   0.99912
FLUX  451   537.00        5.582728E+14   3.0903E-04   3.0927E-04   0.99921
FLUX  452   539.00        5.562013E+14   3.0700E-04   3.0749E-04   0.99839
FLUX  453   541.00        5.541451E+14   3.0480E-04   3.0572E-04   0.99700
FLUX  454   543.00        5.521040E+14   3.0377E-04   3.0397E-04   0.99936
FLUX  455   545.00        5.500780E+14   3.0196E-04   3.0223E-04   0.99911
FLUX  456   547.00        5.480667E+14   3.0019E-04   3.0050E-04   0.99898
FLUX  457   549.00        5.460701E+14   2.9848E-04   2.9879E-04   0.99896
FLUX  458   551.00        5.440880E+14   2.9691E-04   2.9709E-04   0.99938
FLUX  459   553.00        5.421202E+14   2.9507E-04   2.9541E-04   0.99888
FLUX  460   555.00        5.401667E+14   2.9364E-04   2.9374E-04   0.99969
FLUX  461   557.00        5.382271E+14   2.9185E-04   2.9208E-04   0.99924
FLUX  462   559.00        5.363014E+14   2.9005E-04   2.9043E-04   0.99870
FLUX  463   561.00        5.343895E+14   2.8872E-04   2.8880E-04   0.99970
FLUX  464   563.00        5.324911E+14   2.8713E-04   2.8718E-04   0.99982
FLUX  465   565.00        5.306062E+14   2.8533E-04   2.8558E-04   0.99912
FLUX  466   567.00        5.287346E+14   2.8306E-04   2.8399E-04   0.99675
FLUX  467   569.00        5.268761E+14   2.7963E-04   2.8241E-04   0.99018
FLUX  468   571.00        5.250306E+14   2.7817E-04   2.8090E-04   0.99028
FLUX  469   573.00        5.231981E+14   2.7681E-04   2.7935E-04   0.99093
FLUX  470   575.00        5.213783E+14   2.7471E-04   2.7780E-04   0.98887
FLUX  471   577.00        5.195711E+14   2.7406E-04   2.7627E-04   0.99201
FLUX  472   579.00        5.177763E+14   2.7256E-04   2.7475E-04   0.99202
FLUX  473   581.00        5.159940E+14   2.7109E-04   2.7324E-04   0.99213
FLUX  474   583.00        5.142238E+14   2.6951E-04   2.7175E-04   0.99176
FLUX  475   585.00        5.124658E+14   2.6869E-04   2.7026E-04   0.99417
FLUX  476   587.00        5.107198E+14   2.6305E-04   2.6879E-04   0.97865
FLUX  477   589.00        5.089856E+14   2.6538E-04   2.6733E-04   0.99269
FLUX  478   591.00        5.072631E+14   2.6477E-04   2.6588E-04   0.99583
FLUX  479   593.00        5.055523E+14   2.6349E-04   2.6444E-04   0.99641
FLUX  480   595.00        5.038529E+14   2.6217E-04   2.6302E-04   0.99680
FLUX  481   597.00        5.021650E+14   2.6151E-04   2.6160E-04   0.99965
FLUX  482   599.00        5.004883E+14   2.5954E-04   2.6019E-04   0.99749
FLUX  483   601.00        4.988228E+14   2.5849E-04   2.5880E-04   0.99880
FLUX  484   603.00        4.971683E+14   2.5684E-04   2.5742E-04   0.99774
FLUX  485   605.00        4.955248E+14   2.5562E-04   2.5604E-04   0.99834
FLUX  486   607.00        4.938921E+14   2.5445E-04   2.5468E-04   0.99908
FLUX  487   609.00        4.922701E+14   2.5318E-04   2.5333E-04   0.99939
FLUX  488   611.00        4.906588E+14   2.5176E-04   2.5199E-04   0.99908
FLUX  489   613.00        4.890579E+14   2.5050E-04   2.5066E-04   0.99940
FLUX  490   615.00        4.874675E+14   2.4876E-04   2.4933E-04   0.99769
FLUX  491   617.00        4.858874E+14   2.4754E-04   2.4802E-04   0.99804
FLUX  492   619.00        4.843174E+14   2.4652E-04   2.4672E-04   0.99920
FLUX  493   621.00        4.827576E+14   2.4535E-04   2.4543E-04   0.99968
FLUX  494   623.00        4.812079E+14   2.4400E-04   2.4414E-04   0.99940
FLUX  495   625.00        4.796680E+14   2.4265E-04   2.4287E-04   0.99910
FLUX  496   627.00        4.781380E+14   2.4146E-04   2.4161E-04   0.99940
FLUX  497   629.00        4.766176E+14   2.4030E-04   2.4035E-04   0.99976
FLUX  498   631.00        4.751070E+14   2.3884E-04   2.3911E-04   0.99887
FLUX  499   633.00        4.736058E+14   2.3784E-04   2.3787E-04   0.99987
FLUX  500   635.00        4.721142E+14   2.3646E-04   2.3665E-04   0.99922
FLUX  501   637.00        4.706319E+14   2.3541E-04   2.3543E-04   0.99990
FLUX  502   639.00        4.691588E+14   2.3416E-04   2.3422E-04   0.99973
FLUX  503   641.00        4.676950E+14   2.3287E-04   2.3302E-04   0.99936
FLUX  504   643.00        4.662403E+14   2.3183E-04   2.3183E-04   0.99997
FLUX  505   645.00        4.647946E+14   2.3058E-04   2.3065E-04   0.99968
FLUX  506   647.00        4.633578E+14   2.2903E-04   2.2948E-04   0.99802
FLUX  507   649.00        4.619299E+14   2.2793E-04   2.2832E-04   0.99830
FLUX  508   651.00        4.605107E+14   2.2702E-04   2.2716E-04   0.99939
FLUX  509   653.00        4.591003E+14   2.2566E-04   2.2601E-04   0.99846
FLUX  510   655.00        4.576985E+14   2.2378E-04   2.2487E-04   0.99513
FLUX  511   657.00        4.563052E+14   2.0851E-04   2.2374E-04   0.93192
FLUX  512   659.00        4.549203E+14   2.2158E-04   2.2262E-04   0.99534
FLUX  513   661.00        4.535439E+14   2.2128E-04   2.2151E-04   0.99899
FLUX  514   663.00        4.521757E+14   2.2034E-04   2.2040E-04   0.99971
FLUX  515   665.00        4.508158E+14   2.1910E-04   2.1936E-04   0.99880
FLUX  516   667.00        4.494640E+14   2.1682E-04   2.1827E-04   0.99334
FLUX  517   669.00        4.481203E+14   2.1574E-04   2.1719E-04   0.99335
FLUX  518   671.00        4.467846E+14   2.1589E-04   2.1611E-04   0.99899
FLUX  519   673.00        4.454569E+14   2.1444E-04   2.1504E-04   0.99720
FLUX  520   675.00        4.441370E+14   2.1382E-04   2.1398E-04   0.99921
FLUX  521   677.00        4.428250E+14   2.1289E-04   2.1293E-04   0.99980
FLUX  522   679.00        4.415206E+14   2.1120E-04   2.1189E-04   0.99676
FLUX  523   681.00        4.402239E+14   2.1074E-04   2.1085E-04   0.99946
FLUX  524   683.00        4.389348E+14   2.0967E-04   2.0982E-04   0.99928
FLUX  525   685.00        4.376533E+14   2.0874E-04   2.0880E-04   0.99972
FLUX  526   687.00        4.363792E+14   2.0769E-04   2.0778E-04   0.99957
FLUX  527   689.00        4.351125E+14   2.0640E-04   2.0678E-04   0.99817
FLUX  528   691.00        4.338531E+14   2.0535E-04   2.0577E-04   0.99794
FLUX  529   693.00        4.326010E+14   2.0476E-04   2.0478E-04   0.99991
FLUX  530   695.00        4.313561E+14   2.0378E-04   2.0379E-04   0.99993
FLUX  531   697.00        4.301184E+14   2.0281E-04   2.0281E-04   0.99998
FLUX  532   699.00        4.288877E+14   2.0182E-04   2.0184E-04   0.99989
FLUX  533   701.00        4.276640E+14   2.0082E-04   2.0088E-04   0.99971
FLUX  534   703.00        4.264474E+14   1.9971E-04   1.9992E-04   0.99899
FLUX  535   705.00        4.252376E+14   1.9887E-04   1.9896E-04   0.99954
FLUX  536   707.00        4.240346E+14   1.9568E-04   1.9802E-04   0.98821
FLUX  537   709.00        4.228385E+14   1.9706E-04   1.9708E-04   0.99992
FLUX  538   711.00        4.216491E+14   1.9558E-04   1.9614E-04   0.99712
FLUX  539   713.00        4.204663E+14   1.9479E-04   1.9522E-04   0.99781
FLUX  540   715.00        4.192902E+14   1.9429E-04   1.9430E-04   0.99998
FLUX  541   717.00        4.181206E+14   1.9325E-04   1.9338E-04   0.99931
FLUX  542   719.00        4.169576E+14   1.9246E-04   1.9248E-04   0.99991
FLUX  543   721.00        4.158010E+14   1.9157E-04   1.9157E-04   0.99999
FLUX  544   723.00        4.146508E+14   1.8907E-04   1.9068E-04   0.99157
FLUX  545   725.00        4.135069E+14   1.8947E-04   1.8979E-04   0.99833
FLUX  546   727.00        4.123693E+14   1.8890E-04   1.8891E-04   0.99994
FLUX  547   729.00        4.112380E+14   1.8696E-04   1.8803E-04   0.99430
FLUX  548   731.00        4.101129E+14   1.8711E-04   1.8716E-04   0.99974
FLUX  549   733.00        4.089939E+14   1.8624E-04   1.8629E-04   0.99970
FLUX  550   735.00        4.078809E+14   1.8542E-04   1.8544E-04   0.99989
FLUX  551   737.00        4.067741E+14   1.8458E-04   1.8458E-04   0.99998
FLUX  552   739.00        4.056732E+14   1.8373E-04   1.8373E-04   0.99999
FLUX  553   741.00        4.045783E+14   1.8289E-04   1.8289E-04   0.99997
FLUX  554   743.00        4.034892E+14   1.8205E-04   1.8206E-04   0.99998
FLUX  555   745.00        4.024060E+14   1.8121E-04   1.8124E-04   0.99985
FLUX  556   747.00        4.013286E+14   1.7995E-04   1.8041E-04   0.99746
FLUX  557   749.00        4.002570E+14   1.7940E-04   1.7959E-04   0.99896
FLUX  558   751.00        3.991911E+14   1.7872E-04   1.7878E-04   0.99966
FLUX  559   753.00        3.981308E+14   1.7788E-04   1.7797E-04   0.99948
FLUX  560   755.00        3.970762E+14   1.7716E-04   1.7716E-04   0.99998
FLUX  561   757.00        3.960271E+14   1.7634E-04   1.7637E-04   0.99988
FLUX  562   759.00        3.949835E+14   1.7539E-04   1.7557E-04   0.99898
FLUX  563   761.00        3.939455E+14   1.7458E-04   1.7479E-04   0.99884
FLUX  564   763.00        3.929128E+14   1.7394E-04   1.7400E-04   0.99966
FLUX  565   765.00        3.918856E+14   1.7318E-04   1.7323E-04   0.99971
FLUX  566   767.00        3.908638E+14   1.7244E-04   1.7245E-04   0.99993
FLUX  567   769.00        3.898472E+14   1.7159E-04   1.7169E-04   0.99943
FLUX  568   771.00        3.888359E+14   1.7084E-04   1.7092E-04   0.99951
FLUX  569   773.00        3.878299E+14   1.7002E-04   1.7017E-04   0.99914
FLUX  570   775.00        3.868290E+14   1.6938E-04   1.6941E-04   0.99980
FLUX  571   777.00        3.858333E+14   1.6861E-04   1.6867E-04   0.99966
FLUX  572   779.00        3.848427E+14   1.6792E-04   1.6792E-04   0.99998
FLUX  573   781.00        3.838572E+14   1.6712E-04   1.6719E-04   0.99962
FLUX  574   783.00        3.828768E+14   1.6645E-04   1.6645E-04   0.99997
FLUX  575   785.00        3.819013E+14   1.6579E-04   1.6581E-04   0.99987
FLUX  576   787.00        3.809307E+14   1.6488E-04   1.6509E-04   0.99874
FLUX  577   789.00        3.799651E+14   1.6407E-04   1.6437E-04   0.99819
FLUX  578   791.00        3.790044E+14   1.6353E-04   1.6365E-04   0.99924
FLUX  579   793.00        3.780485E+14   1.6276E-04   1.6294E-04   0.99888
FLUX  580   795.00        3.770975E+14   1.6216E-04   1.6224E-04   0.99953
FLUX  581   797.00        3.761512E+14   1.6137E-04   1.6154E-04   0.99899
FLUX  582   799.00        3.752096E+14   1.6075E-04   1.6084E-04   0.99944
FLUX  583   801.00        3.742728E+14   1.5994E-04   1.6015E-04   0.99871
FLUX  584   803.00        3.733406E+14   1.5928E-04   1.5946E-04   0.99887
FLUX  585   805.00        3.724130E+14   1.5867E-04   1.5877E-04   0.99934
FLUX  586   807.00        3.714901E+14   1.5801E-04   1.5810E-04   0.99945
FLUX  587   809.00        3.705717E+14   1.5720E-04   1.5742E-04   0.99859
FLUX  588   811.00        3.696578E+14   1.5597E-04   1.5675E-04   0.99502
FLUX  589   813.00        3.687485E+14   1.5605E-04   1.5608E-04   0.99976
FLUX  590   815.00        3.678436E+14   1.5518E-04   1.5542E-04   0.99846
FLUX  591   817.00        3.669431E+14   1.5472E-04   1.5476E-04   0.99976
FLUX  592   819.00        3.660470E+14   1.5367E-04   1.5411E-04   0.99718
FLUX  593   821.00        3.651553E+14   1.5266E-04   1.5671E-04   0.97417
FLUX  594   823.00        3.642679E+14   1.5191E-04   1.5605E-04   0.97347
FLUX  595   825.00        3.633848E+14   1.5173E-04   1.5539E-04   0.97642
FLUX  596   827.00        3.625060E+14   1.5022E-04   1.5477E-04   0.97062
FLUX  597   829.00        3.616315E+14   1.5031E-04   1.5412E-04   0.97529
FLUX  598   831.00        3.607611E+14   1.4978E-04   1.5347E-04   0.97592
FLUX  599   833.00        3.598950E+14   1.4907E-04   1.5283E-04   0.97540
FLUX  600   835.00        3.590329E+14   1.4803E-04   1.5220E-04   0.97264
FLUX  601   837.00        3.581750E+14   1.4756E-04   1.5156E-04   0.97355
FLUX  602   839.00        3.573212E+14   1.4716E-04   1.5094E-04   0.97496
FLUX  603   841.00        3.564715E+14   1.4642E-04   1.5031E-04   0.97411
FLUX  604   843.00        3.556257E+14   1.4586E-04   1.4969E-04   0.97440
FLUX  605   845.00        3.547840E+14   1.4484E-04   1.4907E-04   0.97159
FLUX  606   847.00        3.539463E+14   1.4403E-04   1.4846E-04   0.97014
FLUX  607   849.00        3.531125E+14   1.4456E-04   1.4785E-04   0.97775
FLUX  608   851.00        3.522826E+14   1.4207E-04   1.4724E-04   0.96487
FLUX  609   853.00        3.514566E+14   1.4380E-04   1.4664E-04   0.98062
FLUX  610   855.00        3.506345E+14   1.3983E-04   1.4604E-04   0.95749
FLUX  611   857.00        3.498162E+14   1.4369E-04   1.4545E-04   0.98794
FLUX  612   859.00        3.490017E+14   1.3976E-04   1.4485E-04   0.96482
FLUX  613   861.00        3.481911E+14   1.3893E-04   1.4427E-04   0.96300
FLUX  614   863.00        3.473841E+14   1.4265E-04   1.4368E-04   0.99281
FLUX  615   865.00        3.465809E+14   1.4094E-04   1.4310E-04   0.98492
FLUX  616   867.00        3.457814E+14   1.3382E-04   1.4252E-04   0.93896
FLUX  617   869.00        3.449856E+14   1.4125E-04   1.4195E-04   0.99510
FLUX  618   871.00        3.441935E+14   1.4118E-04   1.4138E-04   0.99863
FLUX  619   873.00        3.434049E+14   1.3935E-04   1.4081E-04   0.98963
FLUX  620   875.00        3.426200E+14   1.3102E-04   1.4024E-04   0.93421
FLUX  621   877.00        3.418387E+14   1.3790E-04   1.3968E-04   0.98723
FLUX  622   879.00        3.410609E+14   1.3898E-04   1.3912E-04   0.99898
FLUX  623   881.00        3.402866E+14   1.3839E-04   1.3857E-04   0.99872
FLUX  624   883.00        3.395159E+14   1.3780E-04   1.3802E-04   0.99841
FLUX  625   885.00        3.387486E+14   1.3475E-04   1.3747E-04   0.98023
FLUX  626   887.00        3.379848E+14   1.2801E-04   1.3693E-04   0.93489
FLUX  627   889.00        3.372244E+14   1.3606E-04   1.3638E-04   0.99764
FLUX  628   891.00        3.364674E+14   1.3567E-04   1.3585E-04   0.99871
FLUX  629   893.00        3.357139E+14   1.3505E-04   1.3531E-04   0.99809
FLUX  630   895.00        3.349637E+14   1.3464E-04   1.3478E-04   0.99898
FLUX  631   897.00        3.342168E+14   1.3420E-04   1.3425E-04   0.99965
FLUX  632   899.00        3.334733E+14   1.3289E-04   1.3372E-04   0.99373
FLUX  633   901.00        3.327331E+14   1.2502E-04   1.3320E-04   0.93859
FLUX  634   903.00        3.319961E+14   1.2993E-04   1.3268E-04   0.97928
FLUX  635   905.00        3.312624E+14   1.3207E-04   1.3216E-04   0.99932
FLUX  636   907.00        3.305320E+14   1.3092E-04   1.3165E-04   0.99449
FLUX  637   909.00        3.298047E+14   1.3081E-04   1.3114E-04   0.99751
FLUX  638   911.00        3.290807E+14   1.3057E-04   1.3063E-04   0.99952
FLUX  639   913.00        3.283598E+14   1.3009E-04   1.3012E-04   0.99978
FLUX  640   915.00        3.276421E+14   1.2961E-04   1.2962E-04   0.99991
FLUX  641   917.00        3.269275E+14   1.2893E-04   1.2912E-04   0.99851
FLUX  642   919.00        3.262160E+14   1.2859E-04   1.2862E-04   0.99969
FLUX  643   921.00        3.255076E+14   1.2650E-04   1.2813E-04   0.98728
FLUX  644   923.00        3.248023E+14   1.1825E-04   1.2764E-04   0.92643
FLUX  645   925.00        3.241000E+14   1.2609E-04   1.2715E-04   0.99162
FLUX  646   927.00        3.234008E+14   1.2654E-04   1.2667E-04   0.99903
FLUX  647   929.00        3.227045E+14   1.2610E-04   1.2618E-04   0.99937
FLUX  648   931.00        3.220113E+14   1.2535E-04   1.2570E-04   0.99722
FLUX  649   933.00        3.213210E+14   1.2489E-04   1.2523E-04   0.99733
FLUX  650   935.00        3.206337E+14   1.2451E-04   1.2475E-04   0.99811
FLUX  651   937.00        3.199493E+14   1.2418E-04   1.2428E-04   0.99918
FLUX  652   939.00        3.192678E+14   1.2377E-04   1.2381E-04   0.99969
FLUX  653   941.00        3.185893E+14   1.2324E-04   1.2334E-04   0.99918
FLUX  654   943.00        3.179136E+14   1.2280E-04   1.2288E-04   0.99936
FLUX  655   945.00        3.172407E+14   1.2234E-04   1.2242E-04   0.99934
FLUX  656   947.00        3.165707E+14   1.2155E-04   1.2196E-04   0.99666
FLUX  657   949.00        3.159036E+14   1.2140E-04   1.2150E-04   0.99919
FLUX  658   951.00        3.152392E+14   1.2028E-04   1.2105E-04   0.99363
FLUX  659   953.00        3.145776E+14   1.1880E-04   1.2059E-04   0.98509
FLUX  660   955.00        3.139188E+14   1.1134E-04   1.2014E-04   0.92672
FLUX  661   957.00        3.132628E+14   1.1911E-04   1.1970E-04   0.99510
FLUX  662   959.00        3.126095E+14   1.1924E-04   1.1925E-04   0.99989
FLUX  663   961.00        3.119589E+14   1.1852E-04   1.1881E-04   0.99754
FLUX  664   963.00        3.113110E+14   1.1790E-04   1.1837E-04   0.99602
FLUX  665   965.00        3.106658E+14   1.1792E-04   1.1794E-04   0.99990
FLUX  666   967.00        3.100233E+14   1.1750E-04   1.1750E-04   0.99997
FLUX  667   969.00        3.093834E+14   1.1700E-04   1.1707E-04   0.99943
FLUX  668   971.00        3.087461E+14   1.1558E-04   1.1664E-04   0.99096
FLUX  669   973.00        3.081115E+14   1.1606E-04   1.1621E-04   0.99874
FLUX  670   975.00        3.074795E+14   1.1576E-04   1.1578E-04   0.99981
FLUX  671   977.00        3.068500E+14   1.1535E-04   1.1536E-04   0.99986
FLUX  672   979.00        3.062232E+14   1.1492E-04   1.1494E-04   0.99979
FLUX  673   981.00        3.055989E+14   1.1443E-04   1.1452E-04   0.99920
FLUX  674   983.00        3.049771E+14   1.1409E-04   1.1411E-04   0.99988
FLUX  675   985.00        3.043579E+14   1.1365E-04   1.1369E-04   0.99961
FLUX  676   987.00        3.037411E+14   1.1322E-04   1.1328E-04   0.99943
FLUX  677   989.00        3.031269E+14   1.1271E-04   1.1287E-04   0.99860
FLUX  678   991.00        3.025151E+14   1.1202E-04   1.1246E-04   0.99604
FLUX  679   993.00        3.019058E+14   1.1204E-04   1.1206E-04   0.99983
FLUX  680   995.00        3.012990E+14   1.1164E-04   1.1165E-04   0.99984
FLUX  681   997.00        3.006946E+14   1.1119E-04   1.1125E-04   0.99942
FLUX  682   999.00        3.000926E+14   1.1084E-04   1.1085E-04   0.99987
FLUX  683  1002.50        2.990449E+14   1.0854E-04   1.1016E-04   0.98531
FLUX  684  1007.50        2.975608E+14   1.0645E-04   1.0918E-04   0.97499
FLUX  685  1012.50        2.960914E+14   1.0782E-04   1.0821E-04   0.99640
FLUX  686  1017.50        2.946364E+14   1.0726E-04   1.0726E-04   0.99997
FLUX  687  1022.50        2.931956E+14   1.0627E-04   1.0632E-04   0.99959
FLUX  688  1027.50        2.917689E+14   1.0537E-04   1.0539E-04   0.99987
FLUX  689  1032.50        2.903559E+14   1.0420E-04   1.0447E-04   0.99741
FLUX  690  1037.50        2.889566E+14   1.0356E-04   1.0357E-04   0.99998
FLUX  691  1042.50        2.875707E+14   1.0266E-04   1.0267E-04   0.99991
FLUX  692  1047.50        2.861981E+14   1.0179E-04   1.0179E-04   0.99998
FLUX  693  1052.50        2.848385E+14   1.0089E-04   1.0092E-04   0.99979
FLUX  694  1057.50        2.834917E+14   1.0005E-04   1.0006E-04   0.99995
FLUX  695  1062.50        2.821576E+14   9.9197E-05   9.9205E-05   0.99992
FLUX  696  1067.50        2.808361E+14   9.8265E-05   9.8366E-05   0.99898
FLUX  697  1072.50        2.795268E+14   9.7534E-05   9.7537E-05   0.99998
FLUX  698  1077.50        2.782297E+14   9.6711E-05   9.6718E-05   0.99993
FLUX  699  1082.50        2.769446E+14   9.5065E-05   9.5909E-05   0.99119
FLUX  700  1087.50        2.756713E+14   9.5093E-05   9.5111E-05   0.99982
FLUX  701  1092.50        2.744096E+14   9.0691E-05   9.4322E-05   0.96150
FLUX  702  1097.50        2.731595E+14   9.3134E-05   9.3543E-05   0.99563
FLUX  703  1102.50        2.719206E+14   9.2484E-05   9.2773E-05   0.99688
FLUX  704  1107.50        2.706930E+14   9.2005E-05   9.2013E-05   0.99991
FLUX  705  1112.50        2.694764E+14   9.1248E-05   9.1262E-05   0.99985
FLUX  706  1117.50        2.682707E+14   9.0519E-05   9.0521E-05   0.99998
FLUX  707  1122.50        2.670757E+14   8.9756E-05   8.9788E-05   0.99965
FLUX  708  1127.50        2.658913E+14   8.9053E-05   8.9064E-05   0.99989
FLUX  709  1132.50        2.647174E+14   8.8266E-05   8.8348E-05   0.99907
FLUX  710  1137.50        2.635538E+14   8.7618E-05   8.7641E-05   0.99974
FLUX  711  1142.50        2.624004E+14   8.6905E-05   8.6942E-05   0.99957
FLUX  712  1147.50        2.612571E+14   8.6236E-05   8.6252E-05   0.99982
FLUX  713  1152.50        2.601236E+14   8.5568E-05   8.5569E-05   0.99998
FLUX  714  1157.50        2.590000E+14   8.4867E-05   8.4895E-05   0.99967
FLUX  715  1162.50        2.578860E+14   8.4176E-05   8.4228E-05   0.99938
FLUX  716  1167.50        2.567816E+14   8.3477E-05   8.3570E-05   0.99889
FLUX  717  1172.50        2.556866E+14   8.2918E-05   8.2919E-05   1.00000
FLUX  718  1177.50        2.546008E+14   8.2267E-05   8.2275E-05   0.99990
FLUX  719  1182.50        2.535243E+14   8.1624E-05   8.1639E-05   0.99982
FLUX  720  1187.50        2.524568E+14   8.1004E-05   8.1010E-05   0.99992
FLUX  721  1192.50        2.513983E+14   8.0383E-05   8.0388E-05   0.99994
FLUX  722  1197.50        2.503486E+14   7.9368E-05   7.9773E-05   0.99493
FLUX  723  1202.50        2.493077E+14   7.9161E-05   7.9165E-05   0.99995
FLUX  724  1207.50        2.482754E+14   7.8562E-05   7.8564E-05   0.99997
FLUX  725  1212.50        2.472515E+14   7.7956E-05   7.7970E-05   0.99982
FLUX  726  1217.50        2.462361E+14   7.7377E-05   7.7382E-05   0.99993
FLUX  727  1222.50        2.452290E+14   7.6796E-05   7.6801E-05   0.99993
FLUX  728  1227.50        2.442301E+14   7.6225E-05   7.6227E-05   0.99998
FLUX  729  1232.50        2.432393E+14   7.5648E-05   7.5658E-05   0.99987
FLUX  730  1237.50        2.422566E+14   7.5086E-05   7.5096E-05   0.99986
FLUX  731  1242.50        2.412817E+14   7.4539E-05   7.4540E-05   0.99999
FLUX  732  1247.50        2.403146E+14   7.3968E-05   7.3991E-05   0.99970
FLUX  733  1252.50        2.393553E+14   7.3304E-05   7.3447E-05   0.99806
FLUX  734  1257.50        2.384036E+14   7.2882E-05   7.2909E-05   0.99962
FLUX  735  1262.50        2.374594E+14   7.2353E-05   7.2377E-05   0.99967
FLUX  736  1267.50        2.365227E+14   7.1850E-05   7.1851E-05   0.99998
FLUX  737  1272.50        2.355933E+14   7.1329E-05   7.1331E-05   0.99998
FLUX  738  1277.50        2.346712E+14   7.0224E-05   7.0816E-05   0.99165
FLUX  739  1282.50        2.337563E+14   6.7655E-05   7.0306E-05   0.96229
FLUX  740  1287.50        2.328485E+14   6.9762E-05   6.9802E-05   0.99942
FLUX  741  1292.50        2.319478E+14   6.9299E-05   6.9303E-05   0.99994
FLUX  742  1297.50        2.310539E+14   6.8542E-05   6.8810E-05   0.99610
FLUX  743  1302.50        2.301670E+14   6.8281E-05   6.8322E-05   0.99941
FLUX  744  1307.50        2.292868E+14   6.7837E-05   6.7838E-05   0.99998
FLUX  745  1312.50        2.284133E+14   6.7360E-05   6.7360E-05   1.00000
FLUX  746  1317.50        2.275465E+14   6.6886E-05   6.6887E-05   0.99998
FLUX  747  1322.50        2.266862E+14   6.6418E-05   6.6419E-05   0.99999
FLUX  748  1327.50        2.258324E+14   6.5954E-05   6.5955E-05   0.99999
FLUX  749  1332.50        2.249850E+14   6.5481E-05   6.5496E-05   0.99976
FLUX  750  1337.50        2.241439E+14   6.5011E-05   6.5042E-05   0.99952
FLUX  751  1342.50        2.233091E+14   6.4535E-05   6.4593E-05   0.99911
FLUX  752  1347.50        2.224805E+14   6.4140E-05   6.4148E-05   0.99988
FLUX  753  1352.50        2.216580E+14   6.3672E-05   6.3708E-05   0.99944
FLUX  754  1357.50        2.208416E+14   6.3262E-05   6.3272E-05   0.99984
FLUX  755  1362.50        2.200312E+14   6.2802E-05   6.2841E-05   0.99938
FLUX  756  1367.50        2.192267E+14   6.2405E-05   6.2414E-05   0.99986
FLUX  757  1372.50        2.184280E+14   6.1945E-05   6.1991E-05   0.99926
FLUX  758  1377.50        2.176352E+14   6.1571E-05   6.1573E-05   0.99998
FLUX  759  1382.50        2.168481E+14   6.1157E-05   6.1158E-05   0.99998
FLUX  760  1387.50        2.160667E+14   6.0743E-05   6.0748E-05   0.99990
FLUX  761  1392.50        2.152908E+14   6.0299E-05   6.0342E-05   0.99928
FLUX  762  1397.50        2.145206E+14   5.9928E-05   5.9940E-05   0.99980
FLUX  763  1402.50        2.137558E+14   5.9511E-05   5.9542E-05   0.99948
FLUX  764  1407.50        2.129964E+14   5.9147E-05   5.9148E-05   0.99998
FLUX  765  1412.50        2.122425E+14   5.8748E-05   5.8758E-05   0.99984
FLUX  766  1417.50        2.114938E+14   5.8367E-05   5.8371E-05   0.99993
FLUX  767  1422.50        2.107504E+14   5.7988E-05   5.7989E-05   0.99998
FLUX  768  1427.50        2.100123E+14   5.7604E-05   5.7610E-05   0.99989
FLUX  769  1432.50        2.092792E+14   5.7231E-05   5.7235E-05   0.99993
FLUX  770  1437.50        2.085513E+14   5.6857E-05   5.6863E-05   0.99989
FLUX  771  1442.50        2.078284E+14   5.6494E-05   5.6495E-05   0.99999
FLUX  772  1447.50        2.071105E+14   5.6130E-05   5.6130E-05   1.00000
FLUX  773  1452.50        2.063976E+14   5.5762E-05   5.5769E-05   0.99986
FLUX  774  1457.00        2.057601E+14   5.5445E-05   5.5447E-05   0.99996
FLUX  775  1462.00        2.050564E+14   5.5093E-05   5.5498E-05   0.99270
FLUX  776  1467.50        2.042879E+14   5.4711E-05   5.5109E-05   0.99279
FLUX  777  1472.50        2.035942E+14   5.4365E-05   5.4758E-05   0.99282
FLUX  778  1477.50        2.029052E+14   5.4009E-05   5.4411E-05   0.99261
FLUX  779  1482.50        2.022209E+14   5.3684E-05   5.4068E-05   0.99291
FLUX  780  1487.50        2.015412E+14   5.3348E-05   5.3727E-05   0.99295
FLUX  781  1492.50        2.008660E+14   5.3014E-05   5.3390E-05   0.99297
FLUX  782  1497.50        2.001953E+14   5.2681E-05   5.3056E-05   0.99295
FLUX  783  1502.50        1.995291E+14   5.2336E-05   5.2724E-05   0.99264
FLUX  784  1507.50        1.988673E+14   5.1950E-05   5.2396E-05   0.99148
FLUX  785  1512.50        1.982099E+14   5.1683E-05   5.2071E-05   0.99254
FLUX  786  1517.50        1.975568E+14   5.1358E-05   5.1749E-05   0.99245
FLUX  787  1522.50        1.969080E+14   5.1072E-05   5.1430E-05   0.99303
FLUX  788  1527.50        1.962635E+14   5.0681E-05   5.1114E-05   0.99152
FLUX  789  1532.50        1.956232E+14   5.0360E-05   5.0801E-05   0.99133
FLUX  790  1537.50        1.949870E+14   5.0145E-05   5.0490E-05   0.99316
FLUX  791  1542.50        1.943549E+14   4.9643E-05   5.0183E-05   0.98925
FLUX  792  1547.50        1.937270E+14   4.9556E-05   4.9878E-05   0.99354
FLUX  793  1552.50        1.931031E+14   4.9278E-05   4.9576E-05   0.99400
FLUX  794  1557.50        1.924831E+14   4.8568E-05   4.9276E-05   0.98562
FLUX  795  1562.50        1.918672E+14   4.8809E-05   4.8980E-05   0.99652
FLUX  796  1567.50        1.912552E+14   4.8278E-05   4.8686E-05   0.99163
FLUX  797  1572.50        1.906471E+14   4.7601E-05   4.8394E-05   0.98361
FLUX  798  1577.50        1.900428E+14   4.7984E-05   4.8105E-05   0.99748
FLUX  799  1582.50        1.894423E+14   4.7696E-05   4.7819E-05   0.99743
FLUX  800  1587.50        1.888457E+14   4.6306E-05   4.7535E-05   0.97415
FLUX  801  1592.50        1.882527E+14   4.7057E-05   4.7254E-05   0.99584
FLUX  802  1597.50        1.876635E+14   4.6974E-05   4.6975E-05   0.99997
FLUX  803  1605.00        1.867866E+14   4.6456E-05   4.6561E-05   0.99774
FLUX  804  1615.00        1.856300E+14   4.5283E-05   4.6018E-05   0.98402
FLUX  805  1625.00        1.844877E+14   4.5481E-05   4.5484E-05   0.99993
FLUX  806  1635.00        1.833593E+14   4.4831E-05   4.4960E-05   0.99715
FLUX  807  1645.00        1.822447E+14   4.3685E-05   4.4444E-05   0.98292
FLUX  808  1655.00        1.811435E+14   4.3936E-05   4.3937E-05   0.99998
FLUX  809  1665.00        1.800556E+14   4.3438E-05   4.3439E-05   0.99998
FLUX  810  1675.00        1.789806E+14   4.2805E-05   4.2949E-05   0.99665
FLUX  811  1685.00        1.779184E+14   4.1705E-05   4.2467E-05   0.98205
FLUX  812  1695.00        1.768687E+14   4.1992E-05   4.1993E-05   0.99997
FLUX  813  1705.00        1.758314E+14   4.1375E-05   4.1527E-05   0.99634
FLUX  814  1715.00        1.748061E+14   4.1067E-05   4.1069E-05   0.99995
FLUX  815  1725.00        1.737928E+14   4.0617E-05   4.0618E-05   0.99999
FLUX  816  1735.00        1.727911E+14   3.9312E-05   4.0174E-05   0.97853
FLUX  817  1745.00        1.718009E+14   3.9718E-05   3.9738E-05   0.99950
FLUX  818  1755.00        1.708219E+14   3.9308E-05   3.9308E-05   0.99999
FLUX  819  1765.00        1.698541E+14   3.8886E-05   3.8886E-05   1.00000
FLUX  820  1775.00        1.688972E+14   3.8468E-05   3.8470E-05   0.99995
FLUX  821  1785.00        1.679510E+14   3.8037E-05   3.8061E-05   0.99938
FLUX  822  1795.00        1.670153E+14   3.7658E-05   3.7658E-05   1.00000
FLUX  823  1805.00        1.660900E+14   3.7259E-05   3.7261E-05   0.99994
FLUX  824  1815.00        1.651749E+14   3.6090E-05   3.6871E-05   0.97881
FLUX  825  1825.00        1.642699E+14   3.6423E-05   3.6487E-05   0.99824
FLUX  826  1835.00        1.633747E+14   3.6107E-05   3.6108E-05   0.99997
FLUX  827  1845.00        1.624892E+14   3.5732E-05   3.5736E-05   0.99989
FLUX  828  1855.00        1.616132E+14   3.5334E-05   3.5369E-05   0.99902
FLUX  829  1865.00        1.607466E+14   3.4841E-05   3.5008E-05   0.99524
FLUX  830  1875.00        1.598893E+14   3.3853E-05   3.4652E-05   0.97692
FLUX  831  1885.00        1.590411E+14   3.4301E-05   3.4302E-05   0.99997
FLUX  832  1895.00        1.582018E+14   3.3941E-05   3.3957E-05   0.99954
FLUX  833  1905.00        1.573714E+14   3.3533E-05   3.3616E-05   0.99752
FLUX  834  1915.00        1.565496E+14   3.3280E-05   3.3281E-05   0.99997
FLUX  835  1925.00        1.557364E+14   3.2951E-05   3.2951E-05   1.00000
FLUX  836  1935.00        1.549315E+14   3.2625E-05   3.2626E-05   0.99997
FLUX  837  1945.00        1.541350E+14   3.1517E-05   3.2305E-05   0.97560
FLUX  838  1955.00        1.533465E+14   3.1956E-05   3.1989E-05   0.99897
FLUX  839  1965.00        1.525662E+14   3.1678E-05   3.1678E-05   0.99999
FLUX  840  1975.00        1.517937E+14   3.1371E-05   3.1371E-05   1.00000
FLUX  841  1985.00        1.510290E+14   3.1068E-05   3.1069E-05   0.99999
FLUX  842  1995.00        1.502719E+14   3.0770E-05   3.0771E-05   0.99999
FLUX  843  2005.00        1.495224E+14   3.0476E-05   3.0477E-05   0.99998
FLUX  844  2015.00        1.487804E+14   3.0187E-05   3.0187E-05   1.00000
FLUX  845  2025.00        1.480457E+14   2.9901E-05   2.9901E-05   1.00000
FLUX  846  2035.00        1.473182E+14   2.9619E-05   2.9620E-05   1.00000
FLUX  847  2045.00        1.465978E+14   2.9334E-05   2.9342E-05   0.99973
FLUX  848  2055.00        1.458844E+14   2.9011E-05   2.9068E-05   0.99805
FLUX  849  2065.00        1.451780E+14   2.8798E-05   2.8798E-05   1.00000
FLUX  850  2075.00        1.444783E+14   2.8528E-05   2.8531E-05   0.99988
FLUX  851  2085.00        1.437854E+14   2.8268E-05   2.8269E-05   0.99999
FLUX  852  2095.00        1.430990E+14   2.8006E-05   2.8010E-05   0.99988
FLUX  853  2105.00        1.424192E+14   2.7750E-05   2.7754E-05   0.99986
FLUX  854  2115.00        1.417459E+14   2.7413E-05   2.7502E-05   0.99675
FLUX  855  2125.00        1.410788E+14   2.7253E-05   2.7253E-05   1.00000
FLUX  856  2135.00        1.404180E+14   2.7007E-05   2.7008E-05   0.99998
FLUX  857  2145.00        1.397634E+14   2.6760E-05   2.6765E-05   0.99978
FLUX  858  2155.00        1.391148E+14   2.6523E-05   2.6526E-05   0.99988
FLUX  859  2165.00        1.384723E+14   2.5604E-05   2.6291E-05   0.97389
FLUX  860  2175.00        1.378356E+14   2.6046E-05   2.6058E-05   0.99954
FLUX  861  2185.00        1.372048E+14   2.5816E-05   2.5828E-05   0.99952
FLUX  862  2195.00        1.365797E+14   2.5601E-05   2.5602E-05   0.99999
FLUX  863  2205.00        1.359603E+14   2.5378E-05   2.5378E-05   1.00000
FLUX  864  2215.00        1.353465E+14   2.5157E-05   2.5157E-05   1.00000
FLUX  865  2225.00        1.347382E+14   2.4934E-05   2.4939E-05   0.99979
FLUX  866  2235.00        1.341353E+14   2.4724E-05   2.4724E-05   1.00000
FLUX  867  2245.00        1.335379E+14   2.4511E-05   2.4511E-05   1.00000
FLUX  868  2255.00        1.329457E+14   2.4302E-05   2.4302E-05   0.99999
FLUX  869  2265.00        1.323587E+14   2.4095E-05   2.4095E-05   1.00000
FLUX  870  2275.00        1.317769E+14   2.3890E-05   2.3890E-05   1.00000
FLUX  871  2285.00        1.312002E+14   2.3688E-05   2.3765E-05   0.99678
FLUX  872  2295.00        1.306285E+14   2.3490E-05   2.3565E-05   0.99683
FLUX  873  2305.00        1.300618E+14   2.3289E-05   2.3367E-05   0.99668
FLUX  874  2315.00        1.295000E+14   2.3099E-05   2.3172E-05   0.99688
FLUX  875  2325.00        1.289430E+14   2.2908E-05   2.2979E-05   0.99693
FLUX  876  2335.00        1.283908E+14   2.2719E-05   2.2789E-05   0.99696
FLUX  877  2345.00        1.278433E+14   2.2533E-05   2.2601E-05   0.99699
FLUX  878  2355.00        1.273004E+14   2.2347E-05   2.2415E-05   0.99699
FLUX  879  2365.00        1.267622E+14   2.2164E-05   2.2231E-05   0.99697
FLUX  880  2375.00        1.262284E+14   2.1984E-05   2.2050E-05   0.99698
FLUX  881  2385.00        1.256992E+14   2.1805E-05   2.1871E-05   0.99699
FLUX  882  2395.00        1.251743E+14   2.1627E-05   2.1694E-05   0.99691
FLUX  883  2405.00        1.246538E+14   2.1451E-05   2.1519E-05   0.99681
FLUX  884  2415.00        1.241377E+14   2.1275E-05   2.1347E-05   0.99663
FLUX  885  2425.00        1.236258E+14   2.1113E-05   2.1176E-05   0.99703
FLUX  886  2435.00        1.231181E+14   2.0936E-05   2.1008E-05   0.99660
FLUX  887  2445.00        1.226145E+14   2.0763E-05   2.0841E-05   0.99624
FLUX  888  2455.00        1.221151E+14   2.0617E-05   2.0676E-05   0.99714
FLUX  889  2465.00        1.216197E+14   2.0437E-05   2.0514E-05   0.99624
FLUX  890  2475.00        1.211283E+14   2.0255E-05   2.0353E-05   0.99517
FLUX  891  2485.00        1.206408E+14   2.0176E-05   2.0194E-05   0.99913
FLUX  892  2495.00        1.201573E+14   1.9903E-05   2.0037E-05   0.99331
FLUX  893  2505.00        1.196776E+14   1.9868E-05   1.9881E-05   0.99932
FLUX  894  2515.00        1.192018E+14   1.9720E-05   1.9728E-05   0.99960
FLUX  895  2525.00        1.187297E+14   1.9402E-05   1.9576E-05   0.99110
FLUX  896  2535.00        1.182613E+14   1.9407E-05   1.9426E-05   0.99901
FLUX  897  2545.00        1.177967E+14   1.9277E-05   1.9278E-05   0.99998
FLUX  898  2555.00        1.173356E+14   1.9117E-05   1.9131E-05   0.99924
FLUX  899  2565.00        1.168782E+14   1.8752E-05   1.8986E-05   0.98769
FLUX  900  2575.00        1.164243E+14   1.8835E-05   1.8843E-05   0.99961
FLUX  901  2585.00        1.159739E+14   1.8701E-05   1.8701E-05   0.99998
FLUX  902  2595.00        1.155270E+14   1.8560E-05   1.8561E-05   0.99998
FLUX  903  2605.00        1.150835E+14   1.8386E-05   1.8422E-05   0.99802
FLUX  904  2615.00        1.146434E+14   1.7947E-05   1.8285E-05   0.98153
FLUX  905  2625.00        1.142067E+14   1.7643E-05   1.8149E-05   0.97209
FLUX  906  2635.00        1.137732E+14   1.8002E-05   1.8015E-05   0.99924
FLUX  907  2645.00        1.133431E+14   1.7883E-05   1.7883E-05   0.99999
FLUX  908  2655.00        1.129162E+14   1.7738E-05   1.7752E-05   0.99924
FLUX  909  2665.00        1.124925E+14   1.7605E-05   1.7622E-05   0.99904
FLUX  910  2675.00        1.120720E+14   1.7123E-05   1.7493E-05   0.97884
FLUX  911  2685.00        1.116546E+14   1.7345E-05   1.7367E-05   0.99876
FLUX  912  2695.00        1.112403E+14   1.7241E-05   1.7241E-05   1.00000
FLUX  913  2705.00        1.108290E+14   1.7117E-05   1.7117E-05   1.00000
FLUX  914  2715.00        1.104208E+14   1.6994E-05   1.6994E-05   1.00000
FLUX  915  2725.00        1.100156E+14   1.6872E-05   1.6872E-05   1.00000
FLUX  916  2735.00        1.096133E+14   1.6752E-05   1.6752E-05   1.00000
FLUX  917  2745.00        1.092140E+14   1.6632E-05   1.6633E-05   0.99998
FLUX  918  2755.00        1.088176E+14   1.6172E-05   1.6515E-05   0.97920
FLUX  919  2765.00        1.084240E+14   1.6331E-05   1.6398E-05   0.99588
FLUX  920  2775.00        1.080333E+14   1.6283E-05   1.6283E-05   0.99999
FLUX  921  2785.00        1.076454E+14   1.6169E-05   1.6169E-05   1.00000
FLUX  922  2795.00        1.072603E+14   1.6056E-05   1.6056E-05   1.00000
FLUX  923  2805.00        1.068779E+14   1.5942E-05   1.5944E-05   0.99986
FLUX  924  2815.00        1.064982E+14   1.5833E-05   1.5834E-05   0.99998
FLUX  925  2825.00        1.061212E+14   1.5724E-05   1.5724E-05   0.99999
FLUX  926  2835.00        1.057469E+14   1.5616E-05   1.5616E-05   1.00000
FLUX  927  2845.00        1.053752E+14   1.5509E-05   1.5509E-05   1.00000
FLUX  928  2855.00        1.050061E+14   1.5397E-05   1.5402E-05   0.99967
FLUX  929  2865.00        1.046396E+14   1.5266E-05   1.5297E-05   0.99795
FLUX  930  2875.00        1.042757E+14   1.4819E-05   1.5193E-05   0.97538
FLUX  931  2885.00        1.039142E+14   1.5090E-05   1.5090E-05   0.99997
FLUX  932  2895.00        1.035553E+14   1.4988E-05   1.4988E-05   0.99999
FLUX  933  2905.00        1.031988E+14   1.4887E-05   1.4887E-05   1.00000
FLUX  934  2915.00        1.028448E+14   1.4788E-05   1.4788E-05   1.00000
FLUX  935  2925.00        1.024932E+14   1.4689E-05   1.4689E-05   0.99999
FLUX  936  2935.00        1.021440E+14   1.4591E-05   1.4591E-05   0.99999
FLUX  937  2945.00        1.017971E+14   1.4493E-05   1.4494E-05   0.99997
FLUX  938  2955.00        1.014526E+14   1.4398E-05   1.4398E-05   0.99999
FLUX  939  2965.00        1.011105E+14   1.4303E-05   1.4303E-05   0.99999
FLUX  940  2975.00        1.007706E+14   1.4209E-05   1.4209E-05   1.00000
FLUX  941  2985.00        1.004330E+14   1.4116E-05   1.4116E-05   1.00000
FLUX  942  2995.00        1.000977E+14   1.4022E-05   1.4023E-05   0.99994
FLUX  943  3005.00        9.976456E+13   1.3932E-05   1.3932E-05   1.00000
FLUX  944  3015.00        9.943366E+13   1.3838E-05   1.3841E-05   0.99974
FLUX  945  3025.00        9.910496E+13   1.3752E-05   1.3752E-05   0.99998
FLUX  946  3035.00        9.877842E+13   1.3382E-05   1.3663E-05   0.97940
FLUX  947  3045.00        9.845402E+13   1.3470E-05   1.3575E-05   0.99228
FLUX  948  3055.00        9.813175E+13   1.3487E-05   1.3488E-05   0.99993
FLUX  949  3065.00        9.781158E+13   1.3400E-05   1.3402E-05   0.99985
FLUX  950  3075.00        9.749349E+13   1.3310E-05   1.3316E-05   0.99948
FLUX  951  3085.00        9.717747E+13   1.3227E-05   1.3232E-05   0.99963
FLUX  952  3095.00        9.686349E+13   1.3148E-05   1.3148E-05   1.00000
FLUX  953  3105.00        9.655153E+13   1.3065E-05   1.3065E-05   0.99996
FLUX  954  3115.00        9.624157E+13   1.2982E-05   1.2983E-05   0.99991
FLUX  955  3125.00        9.593360E+13   1.2899E-05   1.2901E-05   0.99983
FLUX  956  3135.00        9.562759E+13   1.2820E-05   1.2821E-05   0.99998
FLUX  957  3145.00        9.532353E+13   1.2740E-05   1.2741E-05   0.99993
FLUX  958  3155.00        9.502139E+13   1.2661E-05   1.2661E-05   1.00000
FLUX  959  3165.00        9.472117E+13   1.2583E-05   1.2583E-05   0.99998
FLUX  960  3175.00        9.442283E+13   1.2505E-05   1.2505E-05   1.00000
FLUX  961  3185.00        9.412637E+13   1.2428E-05   1.2428E-05   1.00000
FLUX  962  3195.00        9.383177E+13   1.2352E-05   1.2352E-05   1.00000
FLUX  963  3210.00        9.339330E+13   1.2238E-05   1.2238E-05   1.00000
FLUX  964  3230.00        9.281501E+13   1.2090E-05   1.2090E-05   1.00000
FLUX  965  3250.00        9.224385E+13   1.1944E-05   1.1944E-05   1.00000
FLUX  966  3270.00        9.167966E+13   1.1801E-05   1.1801E-05   0.99999
FLUX  967  3290.00        9.112234E+13   1.1470E-05   1.1679E-05   0.98212
FLUX  968  3310.00        9.057175E+13   1.1499E-05   1.1540E-05   0.99639
FLUX  969  3330.00        9.002778E+13   1.1378E-05   1.1404E-05   0.99768
FLUX  970  3350.00        8.949030E+13   1.1247E-05   1.1271E-05   0.99790
FLUX  971  3370.00        8.895920E+13   1.1116E-05   1.1139E-05   0.99794
FLUX  972  3390.00        8.843436E+13   1.0988E-05   1.1010E-05   0.99797
FLUX  973  3410.00        8.791569E+13   1.0863E-05   1.0883E-05   0.99819
FLUX  974  3430.00        8.740306E+13   1.0756E-05   1.0758E-05   0.99980
FLUX  975  3450.00        8.689638E+13   1.0631E-05   1.0636E-05   0.99960
FLUX  976  3470.00        8.639553E+13   1.0511E-05   1.0515E-05   0.99960
FLUX  977  3490.00        8.590043E+13   1.0390E-05   1.0397E-05   0.99939
FLUX  978  3510.00        8.541097E+13   1.0274E-05   1.0280E-05   0.99938
FLUX  979  3530.00        8.492705E+13   1.0157E-05   1.0165E-05   0.99916
FLUX  980  3550.00        8.444859E+13   1.0042E-05   1.0053E-05   0.99890
FLUX  981  3570.00        8.397549E+13   9.9276E-06   9.9417E-06   0.99858
FLUX  982  3590.00        8.350766E+13   9.8323E-06   9.8326E-06   0.99997
FLUX  983  3610.00        8.304501E+13   9.7079E-06   9.7253E-06   0.99821
FLUX  984  3630.00        8.258746E+13   9.6188E-06   9.6197E-06   0.99990
FLUX  985  3650.00        8.213493E+13   9.4957E-06   9.5158E-06   0.99788
FLUX  986  3670.00        8.168733E+13   9.4134E-06   9.4136E-06   0.99998
FLUX  987  3690.00        8.124458E+13   9.2862E-06   9.3130E-06   0.99712
FLUX  988  3710.00        8.080660E+13   9.2021E-06   9.2140E-06   0.99871
FLUX  989  3730.00        8.037332E+13   9.0545E-06   9.1165E-06   0.99319
FLUX  990  3750.00        7.994467E+13   8.8861E-06   9.0206E-06   0.98509
FLUX  991  3770.00        7.952056E+13   8.9260E-06   8.9262E-06   0.99997
FLUX  992  3790.00        7.910092E+13   8.8331E-06   8.8333E-06   0.99999
FLUX  993  3810.00        7.868569E+13   8.7140E-06   8.7418E-06   0.99682
FLUX  994  3830.00        7.827480E+13   8.6318E-06   8.6517E-06   0.99770
FLUX  995  3850.00        7.786818E+13   8.5628E-06   8.5629E-06   0.99999
FLUX  996  3870.00        7.746576E+13   8.4755E-06   8.4756E-06   0.99999
FLUX  997  3890.00        7.706748E+13   8.3879E-06   8.3895E-06   0.99981
FLUX  998  3910.00        7.667327E+13   8.2427E-06   8.3047E-06   0.99253
FLUX  999  3930.00        7.628308E+13   8.2211E-06   8.2212E-06   0.99998
FLUX 1000  3950.00        7.589683E+13   8.1389E-06   8.1390E-06   0.99999
FLUX 1001  3970.00        7.551448E+13   8.0579E-06   8.0579E-06   0.99999
FLUX 1002  3990.00        7.513596E+13   7.9780E-06   7.9781E-06   0.99999
FLUX 1003  4010.00        7.476122E+13   7.8701E-06   7.8994E-06   0.99629
FLUX 1004  4030.00        7.439020E+13   7.7530E-06   7.8219E-06   0.99118
FLUX 1005  4050.00        7.402284E+13   7.6245E-06   7.7456E-06   0.98437
FLUX 1006  4070.00        7.365909E+13   7.6702E-06   7.6703E-06   0.99998
FLUX 1007  4090.00        7.329890E+13   7.5961E-06   7.5961E-06   1.00000
FLUX 1008  4110.00        7.294221E+13   7.5230E-06   7.5230E-06   1.00000
FLUX 1009  4130.00        7.258898E+13   7.4456E-06   7.4509E-06   0.99929
FLUX 1010  4150.00        7.223916E+13   7.3797E-06   7.3799E-06   0.99998
FLUX 1011  4170.00        7.189269E+13   7.2113E-06   7.3098E-06   0.98652
FLUX 1012  4190.00        7.154952E+13   7.2405E-06   7.2407E-06   0.99997
FLUX 1013  4210.00        7.120962E+13   7.1727E-06   7.1727E-06   1.00000
FLUX 1014  4230.00        7.087293E+13   7.1055E-06   7.1055E-06   1.00000
FLUX 1015  4250.00        7.053941E+13   7.0364E-06   7.0393E-06   0.99959
FLUX 1016  4270.00        7.020902E+13   6.9740E-06   6.9740E-06   1.00000
FLUX 1017  4290.00        6.988170E+13   6.8995E-06   6.9097E-06   0.99854
FLUX 1018  4310.00        6.955742E+13   6.8461E-06   6.8461E-06   1.00000
FLUX 1019  4330.00        6.923614E+13   6.7835E-06   6.7835E-06   1.00000
FLUX 1020  4350.00        6.891782E+13   6.7216E-06   6.7217E-06   0.99999
FLUX 1021  4370.00        6.860240E+13   6.5700E-06   6.6607E-06   0.98637
FLUX 1022  4390.00        6.828986E+13   6.5890E-06   6.6006E-06   0.99824
FLUX 1023  4410.00        6.798016E+13   6.5412E-06   6.5413E-06   1.00000
FLUX 1024  4430.00        6.767325E+13   6.4827E-06   6.4827E-06   1.00000
FLUX 1025  4450.00        6.736910E+13   6.4249E-06   6.4249E-06   1.00000
FLUX 1026  4470.00        6.706767E+13   6.3737E-06   6.3738E-06   0.99998
FLUX 1027  4490.00        6.676893E+13   6.3173E-06   6.3175E-06   0.99998
FLUX 1028  4510.00        6.647284E+13   6.2618E-06   6.2619E-06   0.99998
FLUX 1029  4530.00        6.617936E+13   6.2069E-06   6.2070E-06   0.99998
FLUX 1030  4550.00        6.588846E+13   6.1528E-06   6.1529E-06   0.99998
FLUX 1031  4570.00        6.560011E+13   6.0993E-06   6.0994E-06   0.99998
FLUX 1032  4590.00        6.531427E+13   6.0466E-06   6.0467E-06   0.99998
FLUX 1033  4610.00        6.503091E+13   5.9927E-06   5.9946E-06   0.99968
FLUX 1034  4630.00        6.475000E+13   5.9430E-06   5.9432E-06   0.99997
FLUX 1035  4650.00        6.447150E+13   5.7727E-06   5.8924E-06   0.97969
FLUX 1036  4670.00        6.419540E+13   5.7358E-06   5.8423E-06   0.98178
FLUX 1037  4690.00        6.392164E+13   5.7824E-06   5.7928E-06   0.99820
FLUX 1038  4710.00        6.365021E+13   5.7438E-06   5.7439E-06   0.99998
FLUX 1039  4730.00        6.338108E+13   5.6956E-06   5.6956E-06   0.99998
FLUX 1040  4750.00        6.311421E+13   5.6476E-06   5.6480E-06   0.99993
FLUX 1041  4770.00        6.284958E+13   5.6008E-06   5.6009E-06   0.99998
FLUX 1042  4790.00        6.258716E+13   5.5544E-06   5.5544E-06   0.99999
FLUX 1043  4810.00        6.232692E+13   5.5084E-06   5.5085E-06   0.99998
FLUX 1044  4830.00        6.206884E+13   5.4631E-06   5.4632E-06   0.99999
FLUX 1045  4850.00        6.181289E+13   5.4183E-06   5.4184E-06   0.99998
FLUX 1046  4870.00        6.155903E+13   5.3741E-06   5.3742E-06   0.99998
FLUX 1047  4890.00        6.130726E+13   5.3304E-06   5.3304E-06   0.99998
FLUX 1048  4910.00        6.105753E+13   5.2872E-06   5.2873E-06   0.99998
FLUX 1049  4930.00        6.080984E+13   5.2445E-06   5.2446E-06   0.99998
FLUX 1050  4950.00        6.056414E+13   5.2024E-06   5.2025E-06   0.99999
FLUX 1051  4970.00        6.032042E+13   5.1607E-06   5.1608E-06   0.99998
FLUX 1052  4990.00        6.007866E+13   5.1196E-06   5.1196E-06   0.99999
FLUX 1053  5010.00        5.983882E+13   5.0789E-06   5.0790E-06   0.99998
FLUX 1054  5030.00        5.960089E+13   5.0383E-06   5.0388E-06   0.99990
FLUX 1055  5050.00        5.936485E+13   4.9990E-06   4.9991E-06   0.99999
FLUX 1056  5070.00        5.913067E+13   4.9597E-06   4.9598E-06   0.99999
FLUX 1057  5090.00        5.889833E+13   4.9177E-06   4.9210E-06   0.99933
FLUX 1058  5110.00        5.866781E+13   4.8795E-06   4.8827E-06   0.99935
FLUX 1059  5130.00        5.843908E+13   4.7531E-06   4.8448E-06   0.98109
FLUX 1060  5150.00        5.821214E+13   4.8068E-06   4.8073E-06   0.99990
FLUX 1061  5170.00        5.798694E+13   4.7639E-06   4.7703E-06   0.99867
FLUX 1062  5190.00        5.776349E+13   4.7336E-06   4.7337E-06   0.99998
FLUX 1063  5210.00        5.754175E+13   4.6974E-06   4.6975E-06   0.99999
FLUX 1064  5230.00        5.732170E+13   4.6616E-06   4.6617E-06   0.99999
FLUX 1065  5250.00        5.710333E+13   4.6244E-06   4.6263E-06   0.99958
FLUX 1066  5270.00        5.688662E+13   4.5822E-06   4.5913E-06   0.99802
FLUX 1067  5290.00        5.667155E+13   4.5567E-06   4.5568E-06   0.99999
FLUX 1068  5310.00        5.645810E+13   4.5225E-06   4.5226E-06   0.99999
FLUX 1069  5330.00        5.624625E+13   4.4887E-06   4.4888E-06   0.99999
FLUX 1070  5350.00        5.603598E+13   4.4553E-06   4.4553E-06   0.99999
FLUX 1071  5370.00        5.582728E+13   4.4135E-06   4.4222E-06   0.99802
FLUX 1072  5390.00        5.562013E+13   4.3816E-06   4.3895E-06   0.99819
FLUX 1073  5410.00        5.541451E+13   4.3572E-06   4.3572E-06   0.99999
FLUX 1074  5430.00        5.521040E+13   4.3252E-06   4.3252E-06   0.99999
FLUX 1075  5450.00        5.500780E+13   4.2936E-06   4.2936E-06   1.00000
FLUX 1076  5470.00        5.480667E+13   4.2622E-06   4.2623E-06   0.99999
FLUX 1077  5490.00        5.460701E+13   4.2313E-06   4.2313E-06   0.99999
FLUX 1078  5510.00        5.440880E+13   4.1977E-06   4.2007E-06   0.99929
FLUX 1079  5530.00        5.421202E+13   4.1493E-06   4.1704E-06   0.99494
FLUX 1080  5550.00        5.401667E+13   4.1404E-06   4.1404E-06   0.99999
FLUX 1081  5570.00        5.382271E+13   4.1108E-06   4.1108E-06   0.99999
FLUX 1082  5590.00        5.363014E+13   4.0814E-06   4.0814E-06   1.00000
FLUX 1083  5610.00        5.343895E+13   4.0524E-06   4.0524E-06   1.00000
FLUX 1084  5630.00        5.324911E+13   4.0237E-06   4.0237E-06   1.00000
FLUX 1085  5650.00        5.306062E+13   3.9953E-06   3.9953E-06   1.00000
FLUX 1086  5670.00        5.287346E+13   3.9671E-06   3.9672E-06   1.00000
FLUX 1087  5690.00        5.268761E+13   3.9392E-06   3.9393E-06   0.99997
FLUX 1088  5710.00        5.250306E+13   3.8791E-06   3.9118E-06   0.99163
FLUX 1089  5730.00        5.231981E+13   3.8831E-06   3.8845E-06   0.99962
FLUX 1090  5750.00        5.213783E+13   3.8576E-06   3.8576E-06   1.00000
FLUX 1091  5770.00        5.195711E+13   3.8309E-06   3.8309E-06   1.00000
FLUX 1092  5790.00        5.177763E+13   3.8044E-06   3.8045E-06   0.99998
FLUX 1093  5810.00        5.159940E+13   3.7783E-06   3.7783E-06   1.00000
FLUX 1094  5830.00        5.142238E+13   3.7524E-06   3.7525E-06   0.99999
FLUX 1095  5850.00        5.124658E+13   3.7289E-06   3.7289E-06   0.99999
FLUX 1096  5870.00        5.107198E+13   3.7035E-06   3.7036E-06   0.99999
FLUX 1097  5890.00        5.089856E+13   3.6748E-06   3.6785E-06   0.99901
FLUX 1098  5910.00        5.072631E+13   3.5768E-06   3.6536E-06   0.97899
FLUX 1099  5930.00        5.055523E+13   3.6276E-06   3.6290E-06   0.99961
FLUX 1100  5950.00        5.038529E+13   3.5640E-06   3.6046E-06   0.98873
FLUX 1101  5970.00        5.021650E+13   3.5699E-06   3.5805E-06   0.99703
FLUX 1102  5990.00        5.004883E+13   3.5565E-06   3.5566E-06   0.99998
FLUX 1103  6010.00        4.988228E+13   3.5329E-06   3.5330E-06   0.99999
FLUX 1104  6030.00        4.971683E+13   3.5095E-06   3.5095E-06   0.99999
FLUX 1105  6050.00        4.955248E+13   3.4863E-06   3.4864E-06   0.99999
FLUX 1106  6070.00        4.938921E+13   3.4634E-06   3.4634E-06   0.99999
FLUX 1107  6090.00        4.922701E+13   3.4406E-06   3.4407E-06   0.99999
FLUX 1108  6110.00        4.906588E+13   3.4181E-06   3.4181E-06   0.99999
FLUX 1109  6130.00        4.890579E+13   3.3958E-06   3.3959E-06   0.99999
FLUX 1110  6150.00        4.874675E+13   3.3737E-06   3.3738E-06   0.99999
FLUX 1111  6170.00        4.858874E+13   3.3519E-06   3.3519E-06   0.99999
FLUX 1112  6190.00        4.843174E+13   3.3302E-06   3.3303E-06   0.99999
FLUX 1113  6210.00        4.827576E+13   3.3088E-06   3.3088E-06   0.99999
FLUX 1114  6230.00        4.812079E+13   3.2875E-06   3.2876E-06   0.99999
FLUX 1115  6250.00        4.796680E+13   3.2665E-06   3.2665E-06   0.99999
FLUX 1116  6270.00        4.781380E+13   3.2443E-06   3.2457E-06   0.99957
FLUX 1117  6290.00        4.766176E+13   3.1725E-06   3.2251E-06   0.98372
FLUX 1118  6310.00        4.751070E+13   3.2008E-06   3.2046E-06   0.99881
FLUX 1119  6330.00        4.736058E+13   3.1843E-06   3.1844E-06   0.99999
FLUX 1120  6350.00        4.721142E+13   3.1643E-06   3.1643E-06   0.99999
FLUX 1121  6370.00        4.706319E+13   3.1444E-06   3.1444E-06   0.99999
FLUX 1122  6390.00        4.691588E+13   3.1247E-06   3.1247E-06   0.99999
FLUX 1123  6420.00        4.669665E+13   3.0955E-06   3.0955E-06   0.99999
FLUX 1124  6460.00        4.640751E+13   3.0572E-06   3.0572E-06   0.99999
FLUX 1125  6500.00        4.612192E+13   3.0196E-06   3.0196E-06   0.99999
FLUX 1126  6540.00        4.583983E+13   2.9827E-06   2.9827E-06   0.99999
FLUX 1127  6580.00        4.556117E+13   2.9464E-06   2.9465E-06   0.99999
FLUX 1128  6620.00        4.528588E+13   2.9108E-06   2.9109E-06   0.99999
FLUX 1129  6660.00        4.501389E+13   2.8759E-06   2.8759E-06   0.99999
FLUX 1130  6700.00        4.474515E+13   2.8416E-06   2.8416E-06   0.99999
FLUX 1131  6740.00        4.447960E+13   2.8067E-06   2.8079E-06   0.99959
FLUX 1132  6780.00        4.421718E+13   2.7469E-06   2.7748E-06   0.98997
FLUX 1133  6820.00        4.395784E+13   2.7421E-06   2.7422E-06   0.99997
FLUX 1134  6860.00        4.370153E+13   2.7102E-06   2.7102E-06   0.99999
FLUX 1135  6900.00        4.344819E+13   2.6788E-06   2.6788E-06   0.99999
FLUX 1136  6940.00        4.319777E+13   2.6476E-06   2.6479E-06   0.99990
FLUX 1137  6980.00        4.295021E+13   2.6175E-06   2.6175E-06   0.99999
FLUX 1138  7020.00        4.270548E+13   2.5877E-06   2.5877E-06   0.99999
FLUX 1139  7060.00        4.246353E+13   2.5583E-06   2.5584E-06   0.99999
FLUX 1140  7100.00        4.222430E+13   2.5279E-06   2.5295E-06   0.99937
FLUX 1141  7140.00        4.198774E+13   2.5011E-06   2.5011E-06   0.99999
FLUX 1142  7180.00        4.175383E+13   2.4732E-06   2.4732E-06   0.99999
FLUX 1143  7220.00        4.152251E+13   2.4458E-06   2.4458E-06   0.99999
FLUX 1144  7260.00        4.129373E+13   2.4161E-06   2.4188E-06   0.99887
FLUX 1145  7300.00        4.106747E+13   2.3922E-06   2.3923E-06   0.99998
FLUX 1146  7340.00        4.084366E+13   2.3661E-06   2.3662E-06   1.00000
FLUX 1147  7380.00        4.062229E+13   2.3404E-06   2.3405E-06   0.99999
FLUX 1148  7420.00        4.040330E+13   2.3120E-06   2.3152E-06   0.99863
FLUX 1149  7460.00        4.018666E+13   2.2604E-06   2.2903E-06   0.98691
FLUX 1150  7500.00        3.997233E+13   2.2145E-06   2.2659E-06   0.97730
FLUX 1151  7540.00        3.976028E+13   2.2402E-06   2.2418E-06   0.99930
FLUX 1152  7580.00        3.955046E+13   2.2181E-06   2.2181E-06   0.99999
FLUX 1153  7620.00        3.934285E+13   2.1948E-06   2.1948E-06   0.99999
FLUX 1154  7660.00        3.913740E+13   2.1718E-06   2.1718E-06   0.99999
FLUX 1155  7700.00        3.893409E+13   2.1492E-06   2.1492E-06   0.99999
FLUX 1156  7740.00        3.873288E+13   2.1269E-06   2.1270E-06   0.99998
FLUX 1157  7780.00        3.853374E+13   2.0976E-06   2.1050E-06   0.99646
FLUX 1158  7820.00        3.833664E+13   2.0834E-06   2.0835E-06   0.99998
FLUX 1159  7860.00        3.814154E+13   2.0622E-06   2.0622E-06   0.99999
FLUX 1160  7900.00        3.794842E+13   2.0413E-06   2.0413E-06   0.99999
FLUX 1161  7940.00        3.775724E+13   2.0206E-06   2.0206E-06   0.99999
FLUX 1162  7980.00        3.756798E+13   2.0003E-06   2.0003E-06   0.99999
FLUX 1163  8020.00        3.738061E+13   1.9803E-06   1.9803E-06   0.99999
FLUX 1164  8060.00        3.719510E+13   1.9606E-06   1.9606E-06   0.99999
FLUX 1165  8100.00        3.701142E+13   1.9412E-06   1.9412E-06   0.99999
FLUX 1166  8140.00        3.682955E+13   1.9131E-06   1.9220E-06   0.99536
FLUX 1167  8180.00        3.664945E+13   1.9013E-06   1.9032E-06   0.99901
FLUX 1168  8220.00        3.647111E+13   1.8846E-06   1.8846E-06   0.99999
FLUX 1169  8260.00        3.629449E+13   1.8663E-06   1.8663E-06   0.99999
FLUX 1170  8300.00        3.611958E+13   1.8482E-06   1.8482E-06   0.99999
FLUX 1171  8340.00        3.594634E+13   1.8304E-06   1.8304E-06   0.99999
FLUX 1172  8380.00        3.577476E+13   1.8129E-06   1.8129E-06   0.99999
FLUX 1173  8420.00        3.560481E+13   1.7956E-06   1.7956E-06   0.99999
FLUX 1174  8460.00        3.543647E+13   1.7785E-06   1.7785E-06   0.99999
FLUX 1175  8500.00        3.526971E+13   1.7617E-06   1.7617E-06   0.99999
FLUX 1176  8540.00        3.510451E+13   1.7452E-06   1.7452E-06   1.00000
FLUX 1177  8580.00        3.494085E+13   1.7288E-06   1.7288E-06   0.99999
FLUX 1178  8620.00        3.477871E+13   1.7127E-06   1.7127E-06   0.99998
FLUX 1179  8660.00        3.461807E+13   1.6827E-06   1.6968E-06   0.99170
FLUX 1180  8700.00        3.445891E+13   1.6810E-06   1.6812E-06   0.99990
FLUX 1181  8740.00        3.430120E+13   1.6547E-06   1.6657E-06   0.99341
FLUX 1182  8780.00        3.414493E+13   1.6394E-06   1.6505E-06   0.99329
FLUX 1183  8820.00        3.399008E+13   1.6354E-06   1.6354E-06   0.99999
FLUX 1184  8860.00        3.383662E+13   1.6206E-06   1.6206E-06   0.99999
FLUX 1185  8900.00        3.368455E+13   1.6059E-06   1.6059E-06   0.99999
FLUX 1186  8940.00        3.353384E+13   1.5915E-06   1.5915E-06   1.00000
FLUX 1187  8980.00        3.338447E+13   1.5772E-06   1.5773E-06   1.00000
FLUX 1188  9020.00        3.323642E+13   1.5632E-06   1.5632E-06   0.99999
FLUX 1189  9060.00        3.308968E+13   1.5493E-06   1.5493E-06   0.99998
FLUX 1190  9100.00        3.294423E+13   1.5356E-06   1.5356E-06   0.99999
FLUX 1191  9140.00        3.280005E+13   1.5221E-06   1.5221E-06   0.99999
FLUX 1192  9180.00        3.265713E+13   1.5088E-06   1.5088E-06   0.99999
FLUX 1193  9220.00        3.251546E+13   1.4956E-06   1.4956E-06   0.99999
FLUX 1194  9260.00        3.237500E+13   1.4825E-06   1.4826E-06   0.99990
FLUX 1195  9300.00        3.223575E+13   1.4698E-06   1.4698E-06   0.99999
FLUX 1196  9340.00        3.209770E+13   1.4571E-06   1.4572E-06   0.99999
FLUX 1197  9380.00        3.196082E+13   1.4301E-06   1.4447E-06   0.98992
FLUX 1198  9420.00        3.182511E+13   1.4305E-06   1.4323E-06   0.99872
FLUX 1199  9460.00        3.169054E+13   1.4201E-06   1.4201E-06   0.99999
FLUX 1200  9500.00        3.155710E+13   1.4078E-06   1.4081E-06   0.99981
FLUX 1201  9540.00        3.142479E+13   1.3956E-06   1.3962E-06   0.99956
FLUX 1202  9580.00        3.129358E+13   1.3845E-06   1.3845E-06   0.99999
FLUX 1203  9620.00        3.116346E+13   1.3729E-06   1.3729E-06   0.99999
FLUX 1204  9660.00        3.103442E+13   1.3615E-06   1.3615E-06   0.99999
FLUX 1205  9700.00        3.090644E+13   1.3502E-06   1.3502E-06   0.99999
FLUX 1206  9740.00        3.077952E+13   1.3390E-06   1.3391E-06   0.99999
FLUX 1207  9780.00        3.065363E+13   1.3280E-06   1.3280E-06   0.99999
FLUX 1208  9820.00        3.052877E+13   1.3171E-06   1.3171E-06   0.99997
FLUX 1209  9860.00        3.040492E+13   1.3049E-06   1.3064E-06   0.99884
FLUX 1210  9900.00        3.028207E+13   1.2958E-06   1.2958E-06   0.99999
FLUX 1211  9940.00        3.016021E+13   1.2853E-06   1.2853E-06   0.99999
FLUX 1212  9980.00        3.003933E+13   1.2749E-06   1.2749E-06   0.99999
FLUX 1213 10020.00        2.991941E+13   1.2647E-06   1.2647E-06   0.99999
FLUX 1214 20000.00        1.498962E+13   3.1204E-07   3.1205E-07   1.00000
FLUX 1215 40000.00        7.494812E+12   7.6074E-08   7.6074E-08   1.00000
FLUX 1216 60000.00        4.996542E+12   3.3259E-08   3.3259E-08   1.00000
FLUX 1217 80000.00        3.747406E+12   1.8489E-08   1.8489E-08   1.00000
FLUX 1218100000.00        2.997925E+12   1.1724E-08   1.1724E-08   1.00000
FLUX 1219120000.00        2.498271E+12   8.0800E-09   8.0800E-09   1.00000
FLUX 1220140000.00        2.141375E+12   5.8985E-09   5.8985E-09   1.00000
FLUX 1221160000.00        1.873703E+12   4.4912E-09   4.4912E-09   1.00000
FLUX
