1	9.09	3.30E+16	1.22E-36	1.22E-36	0.99631
2	9.35	3.21E+16	8.94E-36	8.97E-36	0.99641
3	9.61	3.12E+16	5.93E-35	5.95E-35	0.99642
4	9.77	3.07E+16	1.81E-34	1.82E-34	0.99657
5	9.96	3.01E+16	6.56E-34	6.58E-34	0.99662
6	10.2	2.94E+16	3.13E-33	3.14E-33	0.99672
7	10.38	2.89E+16	9.67E-33	9.70E-33	0.99677
8	10.56	2.84E+16	2.89E-32	2.90E-32	0.99684
9	10.77	2.78E+16	9.92E-32	9.95E-32	0.99692
10	11.04	2.72E+16	4.55E-31	4.57E-31	0.997
11	11.4	2.63E+16	3.14E-30	3.15E-30	0.99709
12	11.78	2.54E+16	2.15E-29	2.15E-29	0.99722
13	12.13	2.47E+16	1.15E-28	1.15E-28	0.99732
14	12.48	2.40E+16	5.61E-28	5.63E-28	0.99738
15	12.71	2.36E+16	1.53E-27	1.53E-27	0.99747
16	12.84	2.33E+16	2.65E-27	2.65E-27	0.9975
17	13.05	2.30E+16	6.30E-27	6.32E-27	0.9972
18	13.24	2.26E+16	1.35E-26	1.36E-26	0.99757
19	13.39	2.24E+16	2.44E-26	2.44E-26	0.99762
20	13.66	2.19E+16	6.84E-26	6.85E-26	0.99767
21	13.98	2.14E+16	2.21E-25	2.22E-25	0.99773
22	14.33	2.09E+16	7.57E-25	7.58E-25	0.9978
23	14.72	2.04E+16	2.79E-24	2.80E-24	0.99785
24	15.1	1.99E+16	9.38E-24	9.40E-24	0.99793
25	15.52	1.93E+16	3.36E-23	3.36E-23	0.99878
26	15.88	1.89E+16	9.55E-23	9.55E-23	0.99997
27	16.2	1.85E+16	2.33E-22	2.33E-22	0.99985
28	16.6	1.81E+16	6.78E-22	6.78E-22	0.99997
29	17.03	1.76E+16	2.03E-21	2.03E-21	0.99873
30	17.34	1.73E+16	4.34E-21	4.34E-21	0.99997
31	17.68	1.70E+16	9.70E-21	9.70E-21	0.99997
32	18.02	1.66E+16	2.11E-20	2.11E-20	0.99997
33	18.17	1.65E+16	2.94E-20	2.94E-20	0.99972
34	18.61	1.61E+16	7.60E-20	7.61E-20	0.99968
35	19.1	1.57E+16	2.09E-19	2.09E-19	0.99997
36	19.39	1.55E+16	3.70E-19	3.70E-19	0.99997
37	19.84	1.51E+16	8.75E-19	8.75E-19	0.99991
38	20.18	1.49E+16	1.64E-18	1.64E-18	0.99989
39	20.5	1.46E+16	2.89E-18	2.89E-18	0.9998
40	21.05	1.42E+16	7.42E-18	7.42E-18	0.99997
41	21.62	1.39E+16	1.88E-17	1.88E-17	0.99904
42	21.98	1.36E+16	3.29E-17	3.29E-17	0.99985
43	22.3	1.34E+16	5.35E-17	5.35E-17	0.99981
44	22.68	1.32E+16	9.47E-17	9.53E-17	0.99402
45	23	1.30E+16	2.90E-14	4.41E-14	0.65875
46	23.4	1.28E+16	6.54E-14	7.08E-14	0.92291
47	24	1.25E+16	1.24E-13	1.40E-13	0.8876
48	24.65	1.22E+16	2.51E-13	2.84E-13	0.88412
49	25.24	1.19E+16	4.66E-13	5.25E-13	0.88904
50	25.68	1.17E+16	6.82E-13	8.17E-13	0.83468
51	26	1.15E+16	1.19E-12	1.38E-12	0.86068
52	26.4	1.14E+16	1.87E-12	2.28E-12	0.82002
53	26.85	1.12E+16	2.95E-12	3.39E-12	0.86945
54	27.35	1.10E+16	4.52E-12	5.21E-12	0.86808
55	27.85	1.08E+16	6.57E-12	7.87E-12	0.83496
56	28.4	1.06E+16	1.43E-11	1.55E-11	0.92315
57	29	1.03E+16	2.27E-11	2.43E-11	0.93432
58	29.6	1.01E+16	3.43E-11	3.76E-11	0.91176
59	30.1	9.96E+15	4.90E-11	5.85E-11	0.8371
60	30.8	9.73E+15	1.08E-10	1.51E-10	0.71466
61	31.8	9.43E+15	2.48E-10	2.79E-10	0.88772
62	32.8	9.14E+15	4.25E-10	4.98E-10	0.85283
63	33.8	8.87E+15	8.08E-10	8.61E-10	0.93761
64	34.8	8.61E+15	1.39E-09	1.45E-09	0.96294
65	35.7	8.40E+15	4.10E-09	4.92E-09	0.83402
66	36.6	8.19E+15	8.40E-09	9.37E-09	0.89698
67	37.5	7.99E+15	1.15E-08	1.34E-08	0.85315
68	38.5	7.79E+15	1.83E-08	2.04E-08	0.89719
69	39.5	7.59E+15	3.43E-08	3.87E-08	0.88656
70	40.5	7.40E+15	4.70E-08	5.35E-08	0.87741
71	41.4	7.24E+15	6.72E-08	7.58E-08	0.88624
72	42.2	7.10E+15	8.28E-08	9.91E-08	0.83609
73	43	6.97E+15	1.07E-07	1.24E-07	0.8677
74	44.1	6.80E+15	1.47E-07	1.66E-07	0.88851
75	45.1	6.65E+15	1.85E-07	2.15E-07	0.86309
76	46	6.52E+15	2.23E-07	2.67E-07	0.83344
77	47	6.38E+15	2.92E-07	3.37E-07	0.86782
78	48	6.25E+15	3.72E-07	4.20E-07	0.8853
79	49	6.12E+15	4.61E-07	5.21E-07	0.88643
80	50	6.00E+15	5.83E-07	6.37E-07	0.91405
81	50.6	5.92E+15	1.70E-06	1.64E-05	0.10309
82	51.2	5.86E+15	1.21E-05	2.56E-05	0.47291
83	52	5.77E+15	1.21E-05	2.60E-05	0.46657
84	53	5.66E+15	1.18E-05	2.67E-05	0.44069
85	54	5.55E+15	1.18E-05	2.74E-05	0.42965
86	55	5.45E+15	1.53E-05	2.83E-05	0.54082
87	56	5.35E+15	1.89E-05	2.93E-05	0.64344
88	57	5.26E+15	2.07E-05	3.05E-05	0.68
89	58	5.17E+15	1.96E-05	3.22E-05	0.60982
90	59	5.08E+15	2.27E-05	3.35E-05	0.67768
91	60	5.00E+15	2.08E-05	3.49E-05	0.59464
92	61	4.91E+15	2.56E-05	3.64E-05	0.70202
93	62	4.84E+15	2.99E-05	3.81E-05	0.785
94	63	4.76E+15	3.05E-05	3.98E-05	0.76661
95	64	4.68E+15	2.97E-05	4.17E-05	0.71234
96	65	4.61E+15	2.89E-05	4.36E-05	0.66346
97	65.8	4.56E+15	2.96E-05	4.53E-05	0.65319
98	66.5	4.51E+15	3.51E-05	4.67E-05	0.75018
99	67.5	4.44E+15	3.89E-05	4.89E-05	0.79477
100	68.5	4.38E+15	3.46E-05	5.12E-05	0.6745
101	69.5	4.31E+15	4.69E-05	5.36E-05	0.87423
102	70.5	4.25E+15	4.16E-05	5.61E-05	0.74145
103	71.6	4.19E+15	5.37E-05	5.89E-05	0.9116
104	72.6	4.13E+15	5.43E-05	6.16E-05	0.88222
105	73.5	4.08E+15	5.66E-05	6.40E-05	0.88453
106	74.5	4.02E+15	5.94E-05	6.68E-05	0.88839
107	75.5	3.97E+15	6.17E-05	6.97E-05	0.8843
108	76.5	3.92E+15	6.55E-05	7.27E-05	0.90117
109	77.5	3.87E+15	7.00E-05	7.58E-05	0.92366
110	78.5	3.82E+15	7.51E-05	7.89E-05	0.95245
111	79.5	3.77E+15	7.74E-05	8.21E-05	0.94272
112	80.5	3.72E+15	7.81E-05	8.53E-05	0.91526
113	81.5	3.68E+15	8.02E-05	8.86E-05	0.90456
114	82.5	3.63E+15	8.71E-05	9.20E-05	0.94699
115	83.5	3.59E+15	7.46E-05	9.54E-05	0.78176
116	84.5	3.55E+15	8.97E-05	9.89E-05	0.90716
117	85.5	3.51E+15	9.16E-05	1.02E-04	0.89386
118	86.5	3.47E+15	9.73E-05	1.06E-04	0.91722
119	87.5	3.43E+15	1.02E-04	1.10E-04	0.92841
120	88.5	3.39E+15	1.08E-04	1.13E-04	0.94865
121	89.5	3.35E+15	1.12E-04	1.17E-04	0.95574
122	90.5	3.31E+15	1.12E-04	1.21E-04	0.92783
123	91.5	3.28E+15	1.43E-04	2.47E-03	0.05781
124	92.5	3.24E+15	6.35E-04	2.46E-03	0.25799
125	93.5	3.21E+15	1.08E-03	2.46E-03	0.43894
126	94.5	3.17E+15	1.50E-03	2.45E-03	0.60947
127	95.5	3.14E+15	1.64E-03	2.45E-03	0.66978
128	96.5	3.11E+15	1.87E-03	2.44E-03	0.76518
129	97.5	3.07E+15	6.40E-04	2.43E-03	0.26283
130	98.5	3.04E+15	1.55E-03	2.43E-03	0.63769
131	99.5	3.01E+15	1.50E-03	2.42E-03	0.61897
132	100.5	2.98E+15	1.63E-03	2.41E-03	0.67738
133	101.5	2.95E+15	1.74E-03	2.40E-03	0.72417
134	102.5	2.92E+15	1.35E-03	2.40E-03	0.56393
135	103.5	2.90E+15	1.69E-03	2.39E-03	0.70579
136	104.5	2.87E+15	2.03E-03	2.38E-03	0.85528
137	105.5	2.84E+15	1.95E-03	2.37E-03	0.82435
138	106.5	2.81E+15	1.71E-03	2.36E-03	0.72437
139	107.5	2.79E+15	1.84E-03	2.35E-03	0.78142
140	108.5	2.76E+15	1.73E-03	2.34E-03	0.7373
141	109.5	2.74E+15	1.87E-03	2.33E-03	0.80288
142	110.5	2.71E+15	1.81E-03	2.32E-03	0.78146
143	111.5	2.69E+15	1.81E-03	2.31E-03	0.78339
144	112.5	2.66E+15	1.49E-03	2.30E-03	0.64776
145	113.5	2.64E+15	1.81E-03	2.29E-03	0.79124
146	114.5	2.62E+15	1.75E-03	2.28E-03	0.76665
147	115.5	2.60E+15	1.73E-03	2.27E-03	0.76368
148	116.5	2.57E+15	1.71E-03	2.26E-03	0.75955
149	117.5	2.55E+15	1.10E-03	2.24E-03	0.49008
150	118.5	2.53E+15	1.62E-03	2.23E-03	0.72499
151	119.5	2.51E+15	1.61E-03	2.22E-03	0.72435
152	120.5	2.49E+15	1.50E-03	2.21E-03	0.67757
153	121.5	2.47E+15	1.21E-03	2.20E-03	0.54914
154	122.5	2.45E+15	1.58E-03	2.19E-03	0.72236
155	123.5	2.43E+15	1.70E-03	2.18E-03	0.78216
156	124.5	2.41E+15	1.65E-03	2.16E-03	0.76085
157	125.5	2.39E+15	1.68E-03	2.15E-03	0.77901
158	126.5	2.37E+15	1.74E-03	2.14E-03	0.81156
159	127.5	2.35E+15	1.80E-03	2.13E-03	0.84695
160	128.5	2.33E+15	1.82E-03	2.12E-03	0.85924
161	129.5	2.32E+15	1.65E-03	2.11E-03	0.78275
162	130.5	2.30E+15	1.70E-03	2.09E-03	0.81294
163	131.5	2.28E+15	1.85E-03	2.08E-03	0.88755
164	132.5	2.26E+15	1.79E-03	2.07E-03	0.86599
165	133.5	2.25E+15	1.76E-03	2.06E-03	0.85626
166	134.5	2.23E+15	1.78E-03	2.05E-03	0.87018
167	135.5	2.21E+15	1.78E-03	2.03E-03	0.8744
168	136.5	2.20E+15	1.73E-03	2.02E-03	0.85415
169	137.5	2.18E+15	1.70E-03	2.01E-03	0.84608
170	138.5	2.16E+15	1.67E-03	2.00E-03	0.83304
171	139.5	2.15E+15	1.27E-03	1.99E-03	0.63781
172	140.5	2.13E+15	1.36E-03	1.98E-03	0.68823
173	141.5	2.12E+15	1.62E-03	1.96E-03	0.82423
174	142.5	2.10E+15	1.51E-03	1.95E-03	0.77426
175	143.5	2.09E+15	1.61E-03	1.94E-03	0.83149
176	144.2	2.08E+15	1.63E-03	1.93E-03	0.84195
177	144.7	2.07E+15	1.62E-03	1.93E-03	0.84199
178	145.5	2.06E+15	1.57E-03	1.92E-03	0.81918
179	146.5	2.05E+15	1.53E-03	1.91E-03	0.80182
180	147.5	2.03E+15	1.56E-03	1.89E-03	0.82387
181	148.5	2.02E+15	1.57E-03	1.88E-03	0.83475
182	149.5	2.01E+15	1.55E-03	1.87E-03	0.8266
183	150.5	1.99E+15	1.49E-03	1.86E-03	0.8014
184	151.2	1.98E+15	1.43E-03	1.85E-03	0.77105
185	151.7	1.98E+15	1.46E-03	1.85E-03	0.79159
186	152.5	1.97E+15	1.45E-03	1.84E-03	0.78999
187	153.5	1.95E+15	1.28E-03	1.83E-03	0.70039
188	154.5	1.94E+15	1.15E-03	1.82E-03	0.63585
189	155.5	1.93E+15	1.16E-03	1.80E-03	0.64293
190	156.5	1.92E+15	1.30E-03	1.79E-03	0.72331
191	157.5	1.90E+15	1.38E-03	1.78E-03	0.77269
192	158.5	1.89E+15	1.40E-03	1.77E-03	0.7892
193	159.5	1.88E+15	1.40E-03	1.76E-03	0.79495
194	160.5	1.87E+15	1.36E-03	1.75E-03	0.77993
195	161.5	1.86E+15	1.32E-03	1.74E-03	0.75984
196	162.5	1.84E+15	1.36E-03	1.73E-03	0.7866
197	163.5	1.83E+15	1.40E-03	1.72E-03	0.81536
198	164.5	1.82E+15	1.40E-03	1.71E-03	0.82239
199	165.5	1.81E+15	1.42E-03	1.70E-03	0.83921
200	166.5	1.80E+15	1.43E-03	1.69E-03	0.84545
201	167.2	1.79E+15	1.35E-03	1.68E-03	0.80362
202	167.7	1.79E+15	1.53E-03	1.67E-03	0.91508
203	168.5	1.78E+15	1.47E-03	1.67E-03	0.88392
204	169.5	1.77E+15	1.43E-03	1.66E-03	0.86379
205	170.5	1.76E+15	1.42E-03	1.65E-03	0.86511
206	171.5	1.75E+15	1.38E-03	1.64E-03	0.84091
207	172.5	1.74E+15	1.35E-03	1.63E-03	0.82747
208	173.5	1.73E+15	1.40E-03	1.62E-03	0.86703
209	174.5	1.72E+15	1.39E-03	1.61E-03	0.86838
210	175.5	1.71E+15	1.39E-03	1.60E-03	0.87351
211	176.5	1.70E+15	1.39E-03	1.59E-03	0.87841
212	177.5	1.69E+15	1.35E-03	1.58E-03	0.85639
213	178.5	1.68E+15	1.38E-03	1.57E-03	0.88146
214	179.5	1.67E+15	1.38E-03	1.56E-03	0.88693
215	180.5	1.66E+15	1.39E-03	1.55E-03	0.90068
216	181.5	1.65E+15	1.34E-03	1.54E-03	0.8709
217	182.5	1.64E+15	1.35E-03	1.53E-03	0.88527
218	183.5	1.63E+15	1.35E-03	1.52E-03	0.88952
219	184.5	1.62E+15	1.28E-03	1.51E-03	0.84415
220	185.5	1.62E+15	1.31E-03	1.50E-03	0.87406
221	186.5	1.61E+15	1.33E-03	1.49E-03	0.89141
222	187.5	1.60E+15	1.33E-03	1.48E-03	0.89858
223	188.5	1.59E+15	1.26E-03	1.48E-03	0.85085
224	189.5	1.58E+15	1.22E-03	1.47E-03	0.82866
225	190.5	1.57E+15	1.27E-03	1.46E-03	0.87421
226	191.5	1.57E+15	1.25E-03	1.45E-03	0.86127
227	192.5	1.56E+15	1.19E-03	1.44E-03	0.8236
228	193.5	1.55E+15	1.26E-03	1.43E-03	0.88289
229	194.5	1.54E+15	1.30E-03	1.42E-03	0.91163
230	195.5	1.53E+15	1.19E-03	1.42E-03	0.84344
231	196.7	1.52E+15	1.27E-03	1.41E-03	0.9014
232	197.6	1.52E+15	1.32E-03	1.40E-03	0.94202
233	198.4	1.51E+15	1.26E-03	1.39E-03	0.90452
234	199.5	1.50E+15	1.25E-03	1.38E-03	0.9018
235	200.5	1.50E+15	1.28E-03	1.37E-03	0.92966
236	201.5	1.49E+15	1.28E-03	1.37E-03	0.93988
237	202.5	1.48E+15	1.30E-03	1.36E-03	0.95952
238	203.5	1.47E+15	1.24E-03	1.35E-03	0.91933
239	204.5	1.47E+15	1.25E-03	1.34E-03	0.92972
240	205.5	1.46E+15	1.10E-03	1.35E-03	0.81522
241	206.5	1.45E+15	1.09E-03	1.34E-03	0.80871
242	207.4	1.45E+15	1.14E-03	1.34E-03	0.85548
243	207.8	1.44E+15	1.11E-03	1.33E-03	0.82978
244	208.5	1.44E+15	1.17E-03	1.33E-03	0.87984
245	209.5	1.43E+15	1.19E-03	1.32E-03	0.89836
246	210.5	1.42E+15	1.23E-03	1.31E-03	0.93528
247	211.5	1.42E+15	1.24E-03	1.30E-03	0.94883
248	212.5	1.41E+15	1.24E-03	1.30E-03	0.95727
249	213.5	1.40E+15	1.23E-03	1.29E-03	0.95722
250	214.5	1.40E+15	1.21E-03	1.28E-03	0.94265
251	215.5	1.39E+15	1.24E-03	1.27E-03	0.96958
252	216.5	1.38E+15	1.21E-03	1.27E-03	0.95765
253	217.5	1.38E+15	1.22E-03	1.26E-03	0.97227
254	218.5	1.37E+15	1.21E-03	1.25E-03	0.96272
255	219.5	1.37E+15	1.23E-03	1.25E-03	0.98394
256	220.5	1.36E+15	1.22E-03	1.24E-03	0.98547
257	221.5	1.35E+15	1.20E-03	1.23E-03	0.97607
258	222.5	1.35E+15	1.20E-03	1.22E-03	0.98031
259	223.5	1.34E+15	1.19E-03	1.22E-03	0.97632
260	224.5	1.34E+15	1.19E-03	1.21E-03	0.98361
261	225.5	1.33E+15	1.17E-03	1.20E-03	0.9725
262	226.5	1.32E+15	1.18E-03	1.20E-03	0.98644
263	227.5	1.32E+15	1.18E-03	1.19E-03	0.98873
264	228.5	1.31E+15	1.16E-03	1.18E-03	0.98469
265	229.5	1.31E+15	1.06E-03	1.18E-03	0.899
266	230.5	1.30E+15	1.14E-03	1.17E-03	0.97386
267	231.5	1.30E+15	1.14E-03	1.16E-03	0.97702
268	232.5	1.29E+15	1.14E-03	1.16E-03	0.98228
269	233.5	1.28E+15	1.12E-03	1.15E-03	0.97834
270	234.5	1.28E+15	1.13E-03	1.14E-03	0.98856
271	235.5	1.27E+15	1.12E-03	1.14E-03	0.98571
272	236.5	1.27E+15	1.11E-03	1.13E-03	0.98624
273	237.5	1.26E+15	1.10E-03	1.12E-03	0.97936
274	238.5	1.26E+15	1.08E-03	1.12E-03	0.96925
275	239.5	1.25E+15	1.09E-03	1.11E-03	0.97652
276	240.5	1.25E+15	1.09E-03	1.11E-03	0.98282
277	241.5	1.24E+15	1.08E-03	1.10E-03	0.98215
278	242.5	1.24E+15	1.08E-03	1.09E-03	0.98749
279	243.5	1.23E+15	1.07E-03	1.09E-03	0.98042
280	244.5	1.23E+15	1.07E-03	1.08E-03	0.98562
281	245.5	1.22E+15	1.06E-03	1.08E-03	0.9884
282	246.5	1.22E+15	1.06E-03	1.07E-03	0.98826
283	247.5	1.21E+15	1.05E-03	1.06E-03	0.98552
284	248.5	1.21E+15	1.03E-03	1.06E-03	0.9745
285	249.5	1.20E+15	8.16E-04	1.05E-03	0.77571
286	250.5	1.20E+15	1.00E-03	1.05E-03	0.95959
287	251.3	1.19E+15	9.81E-04	1.04E-03	0.94141
288	251.8	1.19E+15	1.01E-03	1.04E-03	0.96746
289	252.5	1.19E+15	1.02E-03	1.04E-03	0.98657
290	253.5	1.18E+15	1.02E-03	1.03E-03	0.99095
291	254.5	1.18E+15	1.00E-03	1.02E-03	0.97766
292	255.5	1.17E+15	1.00E-03	1.02E-03	0.98355
293	256.5	1.17E+15	1.00E-03	1.01E-03	0.98647
294	257.5	1.16E+15	9.96E-04	1.01E-03	0.98831
295	258.5	1.16E+15	9.93E-04	1.00E-03	0.98997
296	259.5	1.16E+15	9.87E-04	9.98E-04	0.98961
297	260.5	1.15E+15	9.87E-04	9.96E-04	0.99097
298	261.5	1.15E+15	9.77E-04	9.91E-04	0.98645
299	262.5	1.14E+15	9.76E-04	9.85E-04	0.99037
300	263.5	1.14E+15	9.72E-04	9.80E-04	0.99137
301	264.5	1.13E+15	9.63E-04	9.75E-04	0.98809
302	265.5	1.13E+15	9.60E-04	9.70E-04	0.99003
303	266.5	1.12E+15	9.42E-04	9.65E-04	0.97656
304	267.5	1.12E+15	9.38E-04	9.60E-04	0.97657
305	268.5	1.12E+15	9.45E-04	9.55E-04	0.98946
306	269.5	1.11E+15	9.25E-04	9.50E-04	0.97383
307	270.5	1.11E+15	9.21E-04	9.45E-04	0.97396
308	271.5	1.10E+15	9.20E-04	9.40E-04	0.97784
309	272.5	1.10E+15	9.19E-04	9.36E-04	0.982
310	273.5	1.10E+15	9.10E-04	9.31E-04	0.97804
311	274.5	1.09E+15	9.12E-04	9.26E-04	0.98469
312	275.5	1.09E+15	9.10E-04	9.21E-04	0.98733
313	276.5	1.08E+15	9.00E-04	9.17E-04	0.98191
314	277.5	1.08E+15	9.07E-04	9.12E-04	0.99391
315	278.5	1.08E+15	8.98E-04	9.07E-04	0.98943
316	279.5	1.07E+15	8.76E-04	9.03E-04	0.97012
317	280.5	1.07E+15	8.85E-04	8.98E-04	0.98461
318	281.5	1.06E+15	8.88E-04	8.94E-04	0.99392
319	282.5	1.06E+15	8.80E-04	8.89E-04	0.98951
320	283.5	1.06E+15	8.65E-04	8.85E-04	0.97771
321	284.5	1.05E+15	8.75E-04	8.81E-04	0.99329
322	285.5	1.05E+15	8.67E-04	8.76E-04	0.98898
323	286.5	1.05E+15	8.63E-04	8.72E-04	0.99018
324	287.5	1.04E+15	8.59E-04	8.68E-04	0.99066
325	288.5	1.04E+15	8.56E-04	8.63E-04	0.99105
326	289.5	1.04E+15	8.51E-04	8.59E-04	0.99039
327	291	1.03E+15	8.40E-04	8.53E-04	0.98557
328	293	1.02E+15	8.39E-04	8.45E-04	0.99325
329	295	1.02E+15	8.25E-04	8.36E-04	0.98607
330	297	1.01E+15	8.21E-04	8.28E-04	0.99099
331	299	1.00E+15	8.10E-04	8.20E-04	0.98702
332	301	9.96E+14	7.96E-04	8.13E-04	0.97923
333	303	9.89E+14	7.92E-04	8.05E-04	0.98402
334	305	9.83E+14	7.89E-04	7.97E-04	0.98986
335	307	9.77E+14	7.86E-04	7.90E-04	0.99493
336	309	9.70E+14	7.68E-04	7.82E-04	0.98159
337	311	9.64E+14	7.71E-04	7.75E-04	0.99437
338	313	9.58E+14	7.60E-04	7.68E-04	0.98941
339	315	9.52E+14	7.56E-04	7.61E-04	0.99242
340	317	9.46E+14	7.47E-04	7.54E-04	0.99003
341	319	9.40E+14	7.40E-04	7.47E-04	0.98956
342	321	9.34E+14	7.34E-04	7.41E-04	0.99104
343	323	9.28E+14	7.27E-04	7.34E-04	0.98989
344	325	9.22E+14	7.24E-04	7.27E-04	0.99516
345	327	9.17E+14	7.14E-04	7.21E-04	0.99079
346	329	9.11E+14	7.09E-04	7.14E-04	0.99243
347	331	9.06E+14	7.03E-04	7.08E-04	0.99315
348	333	9.00E+14	6.95E-04	7.02E-04	0.98999
349	335	8.95E+14	6.89E-04	6.96E-04	0.99005
350	337	8.90E+14	6.83E-04	6.89E-04	0.99032
351	339	8.84E+14	6.80E-04	6.83E-04	0.99559
352	341	8.79E+14	6.74E-04	6.77E-04	0.99551
353	343	8.74E+14	6.68E-04	6.75E-04	0.99071
354	345	8.69E+14	6.60E-04	6.69E-04	0.98692
355	347	8.64E+14	6.55E-04	6.63E-04	0.98863
356	349	8.59E+14	6.49E-04	6.57E-04	0.98794
357	351	8.54E+14	6.45E-04	6.52E-04	0.99034
358	353	8.49E+14	6.42E-04	6.46E-04	0.99401
359	355	8.44E+14	6.36E-04	6.41E-04	0.99298
360	357	8.40E+14	6.32E-04	6.35E-04	0.99559
361	359	8.35E+14	6.23E-04	6.30E-04	0.98898
362	361	8.30E+14	6.19E-04	6.25E-04	0.99081
363	363	8.26E+14	6.14E-04	6.20E-04	0.99108
364	364	8.24E+14	6.14E-04	6.17E-04	0.99523
365	365	8.21E+14	6.02E-04	7.22E-04	0.83417
366	367	8.17E+14	6.00E-04	7.16E-04	0.83892
367	369	8.12E+14	5.94E-04	7.12E-04	0.83459
368	371	8.08E+14	5.80E-04	7.06E-04	0.82107
369	373	8.04E+14	5.68E-04	7.00E-04	0.81086
370	375	7.99E+14	5.85E-04	6.94E-04	0.84312
371	377	7.95E+14	5.82E-04	6.88E-04	0.84655
372	379	7.91E+14	6.06E-04	6.82E-04	0.88886
373	381	7.87E+14	6.27E-04	6.76E-04	0.9271
374	383	7.83E+14	5.71E-04	6.70E-04	0.85133
375	385	7.79E+14	6.39E-04	6.65E-04	0.96046
376	387	7.75E+14	6.30E-04	6.59E-04	0.95578
377	389	7.71E+14	5.57E-04	6.54E-04	0.85283
378	391	7.67E+14	6.38E-04	6.48E-04	0.98421
379	393	7.63E+14	6.25E-04	6.43E-04	0.97194
380	395	7.59E+14	6.20E-04	6.38E-04	0.97285
381	397	7.55E+14	5.36E-04	6.32E-04	0.84808
382	399	7.51E+14	6.15E-04	6.27E-04	0.98074
383	401	7.48E+14	6.12E-04	6.22E-04	0.98415
384	403	7.44E+14	5.93E-04	6.17E-04	0.96198
385	405	7.40E+14	6.05E-04	6.12E-04	0.98812
386	407	7.37E+14	5.86E-04	6.07E-04	0.96591
387	409	7.33E+14	5.62E-04	6.02E-04	0.93389
388	411	7.29E+14	5.20E-04	5.97E-04	0.87011
389	413	7.26E+14	5.75E-04	5.92E-04	0.97126
390	415	7.22E+14	5.75E-04	5.88E-04	0.978
391	417	7.19E+14	5.76E-04	5.83E-04	0.98811
392	419	7.15E+14	5.72E-04	5.78E-04	0.98878
393	421	7.12E+14	5.69E-04	5.74E-04	0.99149
394	423	7.09E+14	5.65E-04	5.69E-04	0.99213
395	425	7.05E+14	5.55E-04	5.65E-04	0.9833
396	427	7.02E+14	5.47E-04	5.61E-04	0.97637
397	429	6.99E+14	5.44E-04	5.56E-04	0.97845
398	431	6.96E+14	5.35E-04	5.52E-04	0.96914
399	433	6.92E+14	5.10E-04	5.48E-04	0.93059
400	435	6.89E+14	4.78E-04	5.43E-04	0.87958
401	437	6.86E+14	5.24E-04	5.39E-04	0.97194
402	439	6.83E+14	5.21E-04	5.35E-04	0.97271
403	441	6.80E+14	5.21E-04	5.31E-04	0.98019
404	443	6.77E+14	5.21E-04	5.27E-04	0.98813
405	445	6.74E+14	5.16E-04	5.23E-04	0.98641
406	447	6.71E+14	5.02E-04	5.19E-04	0.96607
407	449	6.68E+14	5.09E-04	5.15E-04	0.98871
408	451	6.65E+14	5.06E-04	5.11E-04	0.98882
409	453	6.62E+14	5.04E-04	5.08E-04	0.99194
410	455	6.59E+14	4.99E-04	5.04E-04	0.98943
411	457	6.56E+14	4.96E-04	5.00E-04	0.9922
412	459	6.53E+14	4.92E-04	4.96E-04	0.98998
413	461	6.50E+14	4.86E-04	4.93E-04	0.98603
414	463	6.48E+14	4.81E-04	4.89E-04	0.98364
415	465	6.45E+14	4.66E-04	4.86E-04	0.95879
416	467	6.42E+14	4.75E-04	4.82E-04	0.98504
417	469	6.39E+14	4.71E-04	4.79E-04	0.98483
418	471	6.37E+14	4.63E-04	4.75E-04	0.97523
419	473	6.34E+14	4.69E-04	4.72E-04	0.99332
420	475	6.31E+14	4.65E-04	4.68E-04	0.99162
421	477	6.28E+14	4.65E-04	4.65E-04	0.99963
422	479	6.26E+14	4.61E-04	4.62E-04	0.99873
423	481	6.23E+14	4.57E-04	4.59E-04	0.99595
424	483	6.21E+14	4.52E-04	4.55E-04	0.99181
425	485	6.18E+14	4.35E-04	4.52E-04	0.96105
426	487	6.16E+14	3.99E-04	4.49E-04	0.88902
427	489	6.13E+14	4.43E-04	4.46E-04	0.9929
428	491	6.11E+14	4.41E-04	4.43E-04	0.99574
429	493	6.08E+14	4.31E-04	4.40E-04	0.98087
430	495	6.06E+14	4.33E-04	4.37E-04	0.99229
431	497	6.03E+14	4.33E-04	4.34E-04	0.99958
432	499	6.01E+14	4.30E-04	4.31E-04	0.99887
433	501	5.98E+14	4.19E-04	4.28E-04	0.97988
434	503	5.96E+14	4.23E-04	4.25E-04	0.99629
435	505	5.94E+14	4.19E-04	4.22E-04	0.99296
436	507	5.91E+14	4.19E-04	4.19E-04	0.99932
437	509	5.89E+14	4.15E-04	4.16E-04	0.99803
438	511	5.87E+14	4.12E-04	4.13E-04	0.99726
439	513	5.84E+14	4.08E-04	4.11E-04	0.99454
440	515	5.82E+14	4.06E-04	4.08E-04	0.99538
441	517	5.80E+14	4.04E-04	4.05E-04	0.99676
442	519	5.78E+14	4.02E-04	4.03E-04	0.99831
443	521	5.75E+14	3.99E-04	4.00E-04	0.99862
444	523	5.73E+14	3.97E-04	3.97E-04	0.99844
445	525	5.71E+14	3.94E-04	3.95E-04	0.99741
446	527	5.69E+14	3.91E-04	3.92E-04	0.99655
447	529	5.67E+14	3.89E-04	3.89E-04	0.99855
448	531	5.65E+14	3.86E-04	3.87E-04	0.99829
449	533	5.62E+14	3.84E-04	3.84E-04	0.99873
450	535	5.60E+14	3.81E-04	3.82E-04	0.99849
451	537	5.58E+14	3.79E-04	3.79E-04	0.99874
452	539	5.56E+14	3.76E-04	3.77E-04	0.99805
453	541	5.54E+14	3.73E-04	3.75E-04	0.99573
454	543	5.52E+14	3.72E-04	3.72E-04	0.999
455	545	5.50E+14	3.69E-04	3.70E-04	0.9986
456	547	5.48E+14	3.67E-04	3.68E-04	0.99853
457	549	5.46E+14	3.65E-04	3.65E-04	0.99839
458	551	5.44E+14	3.63E-04	3.63E-04	0.99914
459	553	5.42E+14	3.60E-04	3.61E-04	0.9982
460	555	5.40E+14	3.58E-04	3.58E-04	0.99943
461	557	5.38E+14	3.56E-04	3.56E-04	0.99908
462	559	5.36E+14	3.53E-04	3.54E-04	0.99855
463	561	5.34E+14	3.52E-04	3.52E-04	0.99953
464	563	5.32E+14	3.49E-04	3.50E-04	0.99967
465	565	5.31E+14	3.47E-04	3.47E-04	0.99861
466	567	5.29E+14	3.44E-04	3.45E-04	0.99584
467	569	5.27E+14	3.39E-04	3.43E-04	0.98898
468	571	5.25E+14	3.38E-04	3.41E-04	0.99126
469	573	5.23E+14	3.36E-04	3.39E-04	0.99239
470	575	5.21E+14	3.34E-04	3.37E-04	0.99015
471	577	5.20E+14	3.33E-04	3.35E-04	0.99357
472	579	5.18E+14	3.31E-04	3.33E-04	0.99308
473	581	5.16E+14	3.29E-04	3.31E-04	0.99296
474	583	5.14E+14	3.26E-04	3.29E-04	0.99149
475	585	5.12E+14	3.25E-04	3.27E-04	0.99388
476	587	5.11E+14	3.16E-04	3.25E-04	0.97242
477	589	5.09E+14	3.20E-04	3.23E-04	0.99052
478	591	5.07E+14	3.19E-04	3.21E-04	0.99399
479	593	5.06E+14	3.17E-04	3.19E-04	0.99391
480	595	5.04E+14	3.16E-04	3.17E-04	0.99509
481	597	5.02E+14	3.15E-04	3.15E-04	0.99904
482	599	5.00E+14	3.13E-04	3.14E-04	0.99657
483	601	4.99E+14	3.11E-04	3.12E-04	0.99855
484	603	4.97E+14	3.09E-04	3.10E-04	0.99735
485	605	4.96E+14	3.08E-04	3.08E-04	0.99796
486	607	4.94E+14	3.06E-04	3.06E-04	0.99891
487	609	4.92E+14	3.04E-04	3.05E-04	0.99916
488	611	4.91E+14	3.02E-04	3.03E-04	0.99889
489	613	4.89E+14	3.01E-04	3.01E-04	0.99933
490	615	4.87E+14	2.98E-04	2.99E-04	0.99684
491	617	4.86E+14	2.97E-04	2.98E-04	0.99762
492	619	4.84E+14	2.96E-04	2.96E-04	0.99891
493	621	4.83E+14	2.94E-04	2.94E-04	0.99945
494	623	4.81E+14	2.93E-04	2.93E-04	0.99965
495	625	4.80E+14	2.91E-04	2.91E-04	0.99853
496	627	4.78E+14	2.89E-04	2.89E-04	0.99914
497	629	4.77E+14	2.88E-04	2.88E-04	0.99954
498	631	4.75E+14	2.86E-04	2.86E-04	0.99901
499	633	4.74E+14	2.84E-04	2.84E-04	0.99973
500	635	4.72E+14	2.83E-04	2.83E-04	0.9989
501	637	4.71E+14	2.81E-04	2.81E-04	0.99988
502	639	4.69E+14	2.80E-04	2.80E-04	0.99958
503	641	4.68E+14	2.78E-04	2.78E-04	0.99962
504	643	4.66E+14	2.77E-04	2.77E-04	0.99991
505	645	4.65E+14	2.75E-04	2.75E-04	0.99966
506	647	4.63E+14	2.73E-04	2.74E-04	0.99743
507	649	4.62E+14	2.72E-04	2.72E-04	0.99804
508	651	4.61E+14	2.70E-04	2.71E-04	0.99903
509	653	4.59E+14	2.68E-04	2.69E-04	0.99625
510	655	4.58E+14	2.62E-04	2.68E-04	0.97959
511	657	4.56E+14	2.38E-04	2.66E-04	0.89429
512	659	4.55E+14	2.62E-04	2.65E-04	0.99093
513	661	4.54E+14	2.63E-04	2.63E-04	0.99852
514	663	4.52E+14	2.62E-04	2.62E-04	0.99946
515	665	4.51E+14	2.60E-04	2.61E-04	0.99867
516	667	4.49E+14	2.57E-04	2.59E-04	0.99097
517	669	4.48E+14	2.56E-04	2.58E-04	0.99112
518	671	4.47E+14	2.56E-04	2.57E-04	0.99884
519	673	4.45E+14	2.54E-04	2.55E-04	0.99705
520	675	4.44E+14	2.54E-04	2.54E-04	0.99924
521	677	4.43E+14	2.52E-04	2.53E-04	0.99981
522	679	4.42E+14	2.50E-04	2.51E-04	0.9956
523	681	4.40E+14	2.50E-04	2.50E-04	0.99916
524	683	4.39E+14	2.48E-04	2.49E-04	0.99903
525	685	4.38E+14	2.47E-04	2.47E-04	0.99965
526	687	4.36E+14	2.46E-04	2.46E-04	0.9995
527	689	4.35E+14	2.44E-04	2.45E-04	0.998
528	691	4.34E+14	2.43E-04	2.43E-04	0.99742
529	693	4.33E+14	2.42E-04	2.42E-04	0.99989
530	695	4.31E+14	2.41E-04	2.41E-04	0.99991
531	697	4.30E+14	2.40E-04	2.40E-04	0.99997
532	699	4.29E+14	2.38E-04	2.38E-04	0.99987
533	701	4.28E+14	2.37E-04	2.37E-04	0.99965
534	703	4.26E+14	2.36E-04	2.36E-04	0.99896
535	705	4.25E+14	2.35E-04	2.35E-04	0.9995
536	707	4.24E+14	2.30E-04	2.34E-04	0.98617
537	709	4.23E+14	2.32E-04	2.32E-04	0.99987
538	711	4.22E+14	2.31E-04	2.31E-04	0.99677
539	713	4.20E+14	2.30E-04	2.30E-04	0.99733
540	715	4.19E+14	2.29E-04	2.29E-04	0.99993
541	717	4.18E+14	2.28E-04	2.28E-04	0.99943
542	719	4.17E+14	2.27E-04	2.27E-04	0.9999
543	721	4.16E+14	2.26E-04	2.26E-04	0.99999
544	723	4.15E+14	2.22E-04	2.24E-04	0.99091
545	725	4.14E+14	2.23E-04	2.23E-04	0.99843
546	727	4.12E+14	2.22E-04	2.22E-04	0.99995
547	729	4.11E+14	2.20E-04	2.21E-04	0.99306
548	731	4.10E+14	2.20E-04	2.20E-04	0.99971
549	733	4.09E+14	2.19E-04	2.19E-04	0.99965
550	735	4.08E+14	2.18E-04	2.18E-04	0.99987
551	737	4.07E+14	2.17E-04	2.17E-04	0.99998
552	739	4.06E+14	2.16E-04	2.16E-04	0.99999
553	741	4.05E+14	2.15E-04	2.15E-04	0.99998
554	743	4.03E+14	2.14E-04	2.14E-04	0.99998
555	745	4.02E+14	2.13E-04	2.13E-04	0.99985
556	747	4.01E+14	2.11E-04	2.12E-04	0.99708
557	749	4.00E+14	2.10E-04	2.11E-04	0.99884
558	751	3.99E+14	2.10E-04	2.10E-04	0.99958
559	753	3.98E+14	2.08E-04	2.09E-04	0.99932
560	755	3.97E+14	2.08E-04	2.08E-04	0.99997
561	757	3.96E+14	2.07E-04	2.07E-04	0.99989
562	759	3.95E+14	2.05E-04	2.06E-04	0.99907
563	761	3.94E+14	2.04E-04	2.05E-04	0.99866
564	763	3.93E+14	2.04E-04	2.04E-04	0.99965
565	765	3.92E+14	2.03E-04	2.03E-04	0.99969
566	767	3.91E+14	2.02E-04	2.02E-04	0.99991
567	769	3.90E+14	2.01E-04	2.01E-04	0.99944
568	771	3.89E+14	2.00E-04	2.00E-04	0.99943
569	773	3.88E+14	1.99E-04	1.99E-04	0.99893
570	775	3.87E+14	1.98E-04	1.98E-04	0.99987
571	777	3.86E+14	1.97E-04	1.97E-04	0.99953
572	779	3.85E+14	1.96E-04	1.96E-04	0.99998
573	781	3.84E+14	1.95E-04	1.95E-04	0.99955
574	783	3.83E+14	1.94E-04	1.94E-04	0.99998
575	785	3.82E+14	1.94E-04	1.94E-04	0.99978
576	787	3.81E+14	1.92E-04	1.93E-04	0.99847
577	789	3.80E+14	1.91E-04	1.92E-04	0.99776
578	791	3.79E+14	1.91E-04	1.91E-04	0.9991
579	793	3.78E+14	1.90E-04	1.90E-04	0.99874
580	795	3.77E+14	1.89E-04	1.89E-04	0.99927
581	797	3.76E+14	1.88E-04	1.88E-04	0.99871
582	799	3.75E+14	1.87E-04	1.88E-04	0.99917
583	801	3.74E+14	1.86E-04	1.87E-04	0.99855
584	803	3.73E+14	1.86E-04	1.86E-04	0.99829
585	805	3.72E+14	1.85E-04	1.85E-04	0.99896
586	807	3.71E+14	1.84E-04	1.84E-04	0.99896
587	809	3.71E+14	1.83E-04	1.83E-04	0.99795
588	811	3.70E+14	1.81E-04	1.83E-04	0.99406
589	813	3.69E+14	1.82E-04	1.82E-04	0.99925
590	815	3.68E+14	1.81E-04	1.81E-04	0.99814
591	817	3.67E+14	1.80E-04	1.80E-04	0.99952
592	819	3.66E+14	1.79E-04	1.79E-04	0.99584
593	821	3.65E+14	1.78E-04	1.84E-04	0.96385
594	823	3.64E+14	1.77E-04	1.83E-04	0.96324
595	825	3.63E+14	1.76E-04	1.83E-04	0.96683
596	827	3.63E+14	1.74E-04	1.82E-04	0.95988
597	829	3.62E+14	1.75E-04	1.81E-04	0.96577
598	831	3.61E+14	1.74E-04	1.80E-04	0.96664
599	833	3.60E+14	1.73E-04	1.79E-04	0.96612
600	835	3.59E+14	1.72E-04	1.79E-04	0.96236
601	837	3.58E+14	1.72E-04	1.78E-04	0.96473
602	839	3.57E+14	1.71E-04	1.77E-04	0.9666
603	841	3.56E+14	1.70E-04	1.76E-04	0.96607
604	843	3.56E+14	1.69E-04	1.75E-04	0.96593
605	845	3.55E+14	1.68E-04	1.75E-04	0.96088
606	847	3.54E+14	1.68E-04	1.74E-04	0.96508
607	849	3.53E+14	1.67E-04	1.73E-04	0.96452
608	851	3.52E+14	1.66E-04	1.72E-04	0.96099
609	853	3.51E+14	1.66E-04	1.72E-04	0.96547
610	855	3.51E+14	1.63E-04	1.71E-04	0.95553
611	857	3.50E+14	1.66E-04	1.70E-04	0.9735
612	859	3.49E+14	1.61E-04	1.69E-04	0.95006
613	861	3.48E+14	1.61E-04	1.69E-04	0.95439
614	863	3.47E+14	1.65E-04	1.68E-04	0.9799
615	865	3.47E+14	1.61E-04	1.67E-04	0.96502
616	867	3.46E+14	1.54E-04	1.67E-04	0.92541
617	869	3.45E+14	1.63E-04	1.66E-04	0.98032
618	871	3.44E+14	1.63E-04	1.65E-04	0.98856
619	873	3.43E+14	1.60E-04	1.64E-04	0.973
620	875	3.43E+14	1.48E-04	1.64E-04	0.90663
621	877	3.42E+14	1.57E-04	1.63E-04	0.96394
622	879	3.41E+14	1.61E-04	1.62E-04	0.99191
623	881	3.40E+14	1.61E-04	1.62E-04	0.99435
624	883	3.40E+14	1.60E-04	1.61E-04	0.99071
625	885	3.39E+14	1.53E-04	1.60E-04	0.95144
626	887	3.38E+14	1.44E-04	1.60E-04	0.89947
627	889	3.37E+14	1.57E-04	1.59E-04	0.98483
628	891	3.36E+14	1.58E-04	1.58E-04	0.99463
629	893	3.36E+14	1.57E-04	1.58E-04	0.99538
630	895	3.35E+14	1.57E-04	1.57E-04	0.99796
631	897	3.34E+14	1.56E-04	1.56E-04	0.99621
632	899	3.33E+14	1.53E-04	1.56E-04	0.98209
633	901	3.33E+14	1.40E-04	1.55E-04	0.90029
634	903	3.32E+14	1.46E-04	1.54E-04	0.94534
635	905	3.31E+14	1.53E-04	1.54E-04	0.99204
636	907	3.31E+14	1.52E-04	1.53E-04	0.98959
637	909	3.30E+14	1.52E-04	1.53E-04	0.99586
638	911	3.29E+14	1.52E-04	1.52E-04	0.99928
639	913	3.28E+14	1.51E-04	1.51E-04	0.99965
640	915	3.28E+14	1.51E-04	1.51E-04	0.99975
641	917	3.27E+14	1.50E-04	1.50E-04	0.99695
642	919	3.26E+14	1.49E-04	1.50E-04	0.99527
643	921	3.26E+14	1.44E-04	1.49E-04	0.96851
644	923	3.25E+14	1.30E-04	1.48E-04	0.87876
645	925	3.24E+14	1.43E-04	1.48E-04	0.96972
646	927	3.23E+14	1.46E-04	1.47E-04	0.99387
647	929	3.23E+14	1.46E-04	1.47E-04	0.99824
648	931	3.22E+14	1.45E-04	1.46E-04	0.99557
649	933	3.21E+14	1.45E-04	1.45E-04	0.99717
650	935	3.21E+14	1.44E-04	1.45E-04	0.99772
651	937	3.20E+14	1.44E-04	1.44E-04	0.99912
652	939	3.19E+14	1.44E-04	1.44E-04	0.99949
653	941	3.19E+14	1.43E-04	1.43E-04	0.99902
654	943	3.18E+14	1.42E-04	1.42E-04	0.99917
655	945	3.17E+14	1.42E-04	1.42E-04	0.99894
656	947	3.17E+14	1.41E-04	1.41E-04	0.99477
657	949	3.16E+14	1.40E-04	1.41E-04	0.99773
658	951	3.15E+14	1.38E-04	1.40E-04	0.98719
659	953	3.15E+14	1.34E-04	1.40E-04	0.96168
660	955	3.14E+14	1.22E-04	1.39E-04	0.87773
661	957	3.13E+14	1.36E-04	1.39E-04	0.9784
662	959	3.13E+14	1.37E-04	1.38E-04	0.99552
663	961	3.12E+14	1.37E-04	1.38E-04	0.99551
664	963	3.11E+14	1.36E-04	1.37E-04	0.99405
665	965	3.11E+14	1.36E-04	1.36E-04	0.99981
666	967	3.10E+14	1.36E-04	1.36E-04	0.99992
667	969	3.09E+14	1.35E-04	1.35E-04	0.99914
668	971	3.09E+14	1.34E-04	1.35E-04	0.99056
669	973	3.08E+14	1.34E-04	1.34E-04	0.99884
670	975	3.07E+14	1.34E-04	1.34E-04	0.99974
671	977	3.07E+14	1.33E-04	1.33E-04	0.99989
672	979	3.06E+14	1.33E-04	1.33E-04	0.99974
673	981	3.06E+14	1.32E-04	1.32E-04	0.99908
674	983	3.05E+14	1.32E-04	1.32E-04	0.99986
675	985	3.04E+14	1.31E-04	1.31E-04	0.99949
676	987	3.04E+14	1.31E-04	1.31E-04	0.99924
677	989	3.03E+14	1.30E-04	1.30E-04	0.99817
678	991	3.03E+14	1.29E-04	1.30E-04	0.99515
679	993	3.02E+14	1.29E-04	1.29E-04	0.99973
680	995	3.01E+14	1.29E-04	1.29E-04	0.9997
681	997	3.01E+14	1.28E-04	1.28E-04	0.99906
682	999	3.00E+14	1.28E-04	1.28E-04	0.99901
683	1002.5	2.99E+14	1.23E-04	1.27E-04	0.96707
684	1007.5	2.98E+14	1.20E-04	1.26E-04	0.95454
685	1012.5	2.96E+14	1.24E-04	1.25E-04	0.99458
686	1017.5	2.95E+14	1.24E-04	1.24E-04	0.99993
687	1022.5	2.93E+14	1.22E-04	1.22E-04	0.99946
688	1027.5	2.92E+14	1.21E-04	1.21E-04	0.99987
689	1032.5	2.90E+14	1.20E-04	1.20E-04	0.99661
690	1037.5	2.89E+14	1.19E-04	1.19E-04	0.99998
691	1042.5	2.88E+14	1.18E-04	1.18E-04	0.99998
692	1047.5	2.86E+14	1.17E-04	1.17E-04	0.99998
693	1052.5	2.85E+14	1.16E-04	1.16E-04	0.99975
694	1057.5	2.83E+14	1.15E-04	1.15E-04	0.99994
695	1062.5	2.82E+14	1.14E-04	1.14E-04	0.99991
696	1067.5	2.81E+14	1.13E-04	1.13E-04	0.99849
697	1072.5	2.80E+14	1.12E-04	1.12E-04	0.99997
698	1077.5	2.78E+14	1.11E-04	1.11E-04	0.99991
699	1082.5	2.77E+14	1.09E-04	1.10E-04	0.99055
700	1087.5	2.76E+14	1.09E-04	1.09E-04	0.99812
701	1092.5	2.74E+14	1.01E-04	1.08E-04	0.93475
702	1097.5	2.73E+14	1.06E-04	1.07E-04	0.98438
703	1102.5	2.72E+14	1.06E-04	1.06E-04	0.99507
704	1107.5	2.71E+14	1.05E-04	1.05E-04	0.99946
705	1112.5	2.69E+14	1.04E-04	1.05E-04	0.99982
706	1117.5	2.68E+14	1.04E-04	1.04E-04	0.99997
707	1122.5	2.67E+14	1.03E-04	1.03E-04	0.99954
708	1127.5	2.66E+14	1.02E-04	1.02E-04	0.99985
709	1132.5	2.65E+14	1.01E-04	1.01E-04	0.99898
710	1137.5	2.64E+14	1.00E-04	1.00E-04	0.99969
711	1142.5	2.62E+14	9.93E-05	9.94E-05	0.99944
712	1147.5	2.61E+14	9.85E-05	9.86E-05	0.9998
713	1152.5	2.60E+14	9.78E-05	9.78E-05	0.99998
714	1157.5	2.59E+14	9.69E-05	9.70E-05	0.99956
715	1162.5	2.58E+14	9.61E-05	9.62E-05	0.99933
716	1167.5	2.57E+14	9.53E-05	9.54E-05	0.99883
717	1172.5	2.56E+14	9.46E-05	9.46E-05	1
718	1177.5	2.55E+14	9.39E-05	9.39E-05	0.99989
719	1182.5	2.54E+14	9.31E-05	9.31E-05	0.99982
720	1187.5	2.52E+14	9.24E-05	9.24E-05	0.99993
721	1192.5	2.51E+14	9.16E-05	9.16E-05	0.99994
722	1197.5	2.50E+14	9.02E-05	9.09E-05	0.99162
723	1202.5	2.49E+14	9.02E-05	9.02E-05	0.99995
724	1207.5	2.48E+14	8.95E-05	8.95E-05	0.99997
725	1212.5	2.47E+14	8.88E-05	8.88E-05	0.99984
726	1217.5	2.46E+14	8.81E-05	8.81E-05	0.99993
727	1222.5	2.45E+14	8.74E-05	8.74E-05	0.99993
728	1227.5	2.44E+14	8.67E-05	8.67E-05	0.99998
729	1232.5	2.43E+14	8.61E-05	8.61E-05	0.99987
730	1237.5	2.42E+14	8.54E-05	8.54E-05	0.99985
731	1242.5	2.41E+14	8.48E-05	8.48E-05	0.99998
732	1247.5	2.40E+14	8.41E-05	8.41E-05	0.99968
733	1252.5	2.39E+14	8.33E-05	8.35E-05	0.99767
734	1257.5	2.38E+14	8.28E-05	8.29E-05	0.99958
735	1262.5	2.37E+14	8.22E-05	8.22E-05	0.99962
736	1267.5	2.37E+14	8.16E-05	8.16E-05	0.99997
737	1272.5	2.36E+14	8.10E-05	8.10E-05	0.99991
738	1277.5	2.35E+14	7.93E-05	8.04E-05	0.9859
739	1282.5	2.34E+14	7.46E-05	7.98E-05	0.93505
740	1287.5	2.33E+14	7.89E-05	7.92E-05	0.99593
741	1292.5	2.32E+14	7.86E-05	7.86E-05	0.9999
742	1297.5	2.31E+14	7.76E-05	7.81E-05	0.99419
743	1302.5	2.30E+14	7.74E-05	7.75E-05	0.99936
744	1307.5	2.29E+14	7.69E-05	7.69E-05	0.99998
745	1312.5	2.28E+14	7.64E-05	7.64E-05	1
746	1317.5	2.28E+14	7.58E-05	7.58E-05	0.99998
747	1322.5	2.27E+14	7.53E-05	7.53E-05	0.99999
748	1327.5	2.26E+14	7.47E-05	7.47E-05	0.99999
749	1332.5	2.25E+14	7.42E-05	7.42E-05	0.99974
750	1337.5	2.24E+14	7.36E-05	7.37E-05	0.99944
751	1342.5	2.23E+14	7.31E-05	7.32E-05	0.99896
752	1347.5	2.22E+14	7.26E-05	7.26E-05	0.99985
753	1352.5	2.22E+14	7.21E-05	7.21E-05	0.99937
754	1357.5	2.21E+14	7.16E-05	7.16E-05	0.99983
755	1362.5	2.20E+14	7.11E-05	7.11E-05	0.99914
756	1367.5	2.19E+14	7.06E-05	7.06E-05	0.99985
757	1372.5	2.18E+14	7.01E-05	7.01E-05	0.99919
758	1377.5	2.18E+14	6.96E-05	6.96E-05	0.99998
759	1382.5	2.17E+14	6.92E-05	6.92E-05	0.99998
760	1387.5	2.16E+14	6.87E-05	6.87E-05	0.9999
761	1392.5	2.15E+14	6.82E-05	6.82E-05	0.99924
762	1397.5	2.15E+14	6.77E-05	6.78E-05	0.99978
763	1402.5	2.14E+14	6.73E-05	6.73E-05	0.99946
764	1407.5	2.13E+14	6.68E-05	6.68E-05	0.99998
765	1412.5	2.12E+14	6.64E-05	6.64E-05	0.99983
766	1417.5	2.11E+14	6.59E-05	6.59E-05	0.99992
767	1422.5	2.11E+14	6.55E-05	6.55E-05	0.99998
768	1427.5	2.10E+14	6.50E-05	6.51E-05	0.99989
769	1432.5	2.09E+14	6.46E-05	6.46E-05	0.99993
770	1437.5	2.09E+14	6.42E-05	6.42E-05	0.99988
771	1442.5	2.08E+14	6.38E-05	6.38E-05	0.99999
772	1447.5	2.07E+14	6.33E-05	6.33E-05	1
773	1452.5	2.06E+14	6.29E-05	6.29E-05	0.99987
774	1457	2.06E+14	6.25E-05	6.26E-05	0.99996
775	1462	2.05E+14	6.21E-05	6.27E-05	0.99106
776	1467.5	2.04E+14	6.17E-05	6.23E-05	0.99117
777	1472.5	2.04E+14	6.13E-05	6.18E-05	0.99122
778	1477.5	2.03E+14	6.09E-05	6.14E-05	0.99101
779	1482.5	2.02E+14	6.05E-05	6.10E-05	0.99136
780	1487.5	2.02E+14	6.01E-05	6.07E-05	0.99142
781	1492.5	2.01E+14	5.97E-05	6.03E-05	0.99149
782	1497.5	2.00E+14	5.94E-05	5.99E-05	0.99154
783	1502.5	2.00E+14	5.90E-05	5.95E-05	0.9914
784	1507.5	1.99E+14	5.85E-05	5.91E-05	0.99003
785	1512.5	1.98E+14	5.82E-05	5.87E-05	0.99164
786	1517.5	1.98E+14	5.79E-05	5.84E-05	0.99158
787	1522.5	1.97E+14	5.75E-05	5.80E-05	0.99164
788	1527.5	1.96E+14	5.71E-05	5.76E-05	0.99131
789	1532.5	1.96E+14	5.68E-05	5.73E-05	0.99113
790	1537.5	1.95E+14	5.64E-05	5.69E-05	0.9916
791	1542.5	1.94E+14	5.60E-05	5.66E-05	0.99015
792	1547.5	1.94E+14	5.57E-05	5.62E-05	0.99154
793	1552.5	1.93E+14	5.54E-05	5.59E-05	0.99127
794	1557.5	1.92E+14	5.48E-05	5.55E-05	0.98799
795	1562.5	1.92E+14	5.48E-05	5.52E-05	0.99353
796	1567.5	1.91E+14	5.42E-05	5.48E-05	0.98906
797	1572.5	1.91E+14	5.37E-05	5.45E-05	0.98577
798	1577.5	1.90E+14	5.39E-05	5.42E-05	0.99461
799	1582.5	1.89E+14	5.35E-05	5.38E-05	0.99397
800	1587.5	1.89E+14	5.23E-05	5.35E-05	0.97698
801	1592.5	1.88E+14	5.27E-05	5.32E-05	0.99071
802	1597.5	1.88E+14	5.27E-05	5.29E-05	0.99637
803	1605	1.87E+14	5.20E-05	5.24E-05	0.99249
804	1615	1.86E+14	5.08E-05	5.18E-05	0.98116
805	1625	1.84E+14	5.11E-05	5.11E-05	0.99935
806	1635	1.83E+14	5.01E-05	5.05E-05	0.99126
807	1645	1.82E+14	4.88E-05	5.00E-05	0.97671
808	1655	1.81E+14	4.94E-05	4.94E-05	0.99991
809	1665	1.80E+14	4.88E-05	4.88E-05	0.99997
810	1675	1.79E+14	4.78E-05	4.82E-05	0.99016
811	1685	1.78E+14	4.64E-05	4.77E-05	0.97331
812	1695	1.77E+14	4.71E-05	4.71E-05	0.99978
813	1705	1.76E+14	4.64E-05	4.66E-05	0.99498
814	1715	1.75E+14	4.61E-05	4.61E-05	0.99994
815	1725	1.74E+14	4.55E-05	4.56E-05	0.99929
816	1735	1.73E+14	4.34E-05	4.51E-05	0.96408
817	1745	1.72E+14	4.44E-05	4.46E-05	0.9967
818	1755	1.71E+14	4.41E-05	4.41E-05	0.99998
819	1765	1.70E+14	4.36E-05	4.36E-05	1
820	1775	1.69E+14	4.31E-05	4.31E-05	0.99993
821	1785	1.68E+14	4.26E-05	4.26E-05	0.99936
822	1795	1.67E+14	4.22E-05	4.22E-05	0.99999
823	1805	1.66E+14	4.17E-05	4.17E-05	0.99957
824	1815	1.65E+14	3.98E-05	4.13E-05	0.96449
825	1825	1.64E+14	4.06E-05	4.08E-05	0.99337
826	1835	1.63E+14	4.04E-05	4.04E-05	0.99992
827	1845	1.62E+14	4.00E-05	4.00E-05	0.99986
828	1855	1.62E+14	3.95E-05	3.96E-05	0.99887
829	1865	1.61E+14	3.89E-05	3.92E-05	0.99267
830	1875	1.60E+14	3.73E-05	3.88E-05	0.96354
831	1885	1.59E+14	3.83E-05	3.84E-05	0.99925
832	1895	1.58E+14	3.79E-05	3.80E-05	0.99955
833	1905	1.57E+14	3.75E-05	3.76E-05	0.99667
834	1915	1.57E+14	3.72E-05	3.72E-05	0.99991
835	1925	1.56E+14	3.68E-05	3.68E-05	0.99999
836	1935	1.55E+14	3.64E-05	3.65E-05	0.99832
837	1945	1.54E+14	3.46E-05	3.61E-05	0.95842
838	1955	1.53E+14	3.56E-05	3.57E-05	0.99701
839	1965	1.53E+14	3.54E-05	3.54E-05	0.99999
840	1975	1.52E+14	3.50E-05	3.50E-05	1
841	1985	1.51E+14	3.47E-05	3.47E-05	0.99999
842	1995	1.50E+14	3.43E-05	3.43E-05	0.99999
843	2005	1.50E+14	3.40E-05	3.40E-05	0.99998
844	2015	1.49E+14	3.37E-05	3.37E-05	1
845	2025	1.48E+14	3.34E-05	3.34E-05	1
846	2035	1.47E+14	3.30E-05	3.30E-05	1
847	2045	1.47E+14	3.27E-05	3.27E-05	0.9997
848	2055	1.46E+14	3.24E-05	3.24E-05	0.99806
849	2065	1.45E+14	3.21E-05	3.21E-05	1
850	2075	1.44E+14	3.18E-05	3.18E-05	0.9999
851	2085	1.44E+14	3.15E-05	3.15E-05	0.99999
852	2095	1.43E+14	3.12E-05	3.12E-05	0.9999
853	2105	1.42E+14	3.09E-05	3.09E-05	0.99982
854	2115	1.42E+14	3.05E-05	3.06E-05	0.99641
855	2125	1.41E+14	3.04E-05	3.04E-05	1
856	2135	1.40E+14	3.01E-05	3.01E-05	0.99998
857	2145	1.40E+14	2.98E-05	2.98E-05	0.99975
858	2155	1.39E+14	2.95E-05	2.95E-05	0.99851
859	2165	1.38E+14	2.80E-05	2.93E-05	0.95705
860	2175	1.38E+14	2.89E-05	2.90E-05	0.99675
861	2185	1.37E+14	2.87E-05	2.87E-05	0.99942
862	2195	1.37E+14	2.85E-05	2.85E-05	0.99999
863	2205	1.36E+14	2.82E-05	2.82E-05	1
864	2215	1.35E+14	2.80E-05	2.80E-05	1
865	2225	1.35E+14	2.77E-05	2.77E-05	0.99978
866	2235	1.34E+14	2.75E-05	2.75E-05	1
867	2245	1.34E+14	2.73E-05	2.73E-05	1
868	2255	1.33E+14	2.70E-05	2.70E-05	0.99999
869	2265	1.32E+14	2.68E-05	2.68E-05	1
870	2275	1.32E+14	2.66E-05	2.66E-05	1
871	2285	1.31E+14	2.63E-05	2.64E-05	0.99648
872	2295	1.31E+14	2.61E-05	2.62E-05	0.99653
873	2305	1.30E+14	2.59E-05	2.60E-05	0.99637
874	2315	1.30E+14	2.57E-05	2.58E-05	0.99659
875	2325	1.29E+14	2.55E-05	2.55E-05	0.99664
876	2335	1.28E+14	2.52E-05	2.53E-05	0.99667
877	2345	1.28E+14	2.50E-05	2.51E-05	0.99671
878	2355	1.27E+14	2.48E-05	2.49E-05	0.99673
879	2365	1.27E+14	2.46E-05	2.47E-05	0.99674
880	2375	1.26E+14	2.44E-05	2.45E-05	0.99677
881	2385	1.26E+14	2.42E-05	2.43E-05	0.99683
882	2395	1.25E+14	2.40E-05	2.41E-05	0.99679
883	2405	1.25E+14	2.38E-05	2.39E-05	0.99681
884	2415	1.24E+14	2.36E-05	2.37E-05	0.99679
885	2425	1.24E+14	2.34E-05	2.35E-05	0.99679
886	2435	1.23E+14	2.32E-05	2.33E-05	0.99678
887	2445	1.23E+14	2.31E-05	2.31E-05	0.99663
888	2455	1.22E+14	2.29E-05	2.30E-05	0.99687
889	2465	1.22E+14	2.27E-05	2.28E-05	0.99651
890	2475	1.21E+14	2.25E-05	2.26E-05	0.99509
891	2485	1.21E+14	2.23E-05	2.24E-05	0.99716
892	2495	1.20E+14	2.21E-05	2.22E-05	0.99521
893	2505	1.20E+14	2.20E-05	2.21E-05	0.99728
894	2515	1.19E+14	2.18E-05	2.19E-05	0.99737
895	2525	1.19E+14	2.16E-05	2.17E-05	0.99377
896	2535	1.18E+14	2.15E-05	2.15E-05	0.99708
897	2545	1.18E+14	2.14E-05	2.14E-05	0.9996
898	2555	1.17E+14	2.12E-05	2.12E-05	0.99694
899	2565	1.17E+14	2.09E-05	2.11E-05	0.99101
900	2575	1.16E+14	2.08E-05	2.09E-05	0.9978
901	2585	1.16E+14	2.07E-05	2.07E-05	0.99997
902	2595	1.16E+14	2.06E-05	2.06E-05	0.9996
903	2605	1.15E+14	2.03E-05	2.04E-05	0.99497
904	2615	1.15E+14	1.99E-05	2.03E-05	0.98313
905	2625	1.14E+14	1.92E-05	2.01E-05	0.95573
906	2635	1.14E+14	1.99E-05	2.00E-05	0.99526
907	2645	1.13E+14	1.98E-05	1.98E-05	0.99997
908	2655	1.13E+14	1.97E-05	1.97E-05	0.99909
909	2665	1.12E+14	1.95E-05	1.95E-05	0.99663
910	2675	1.12E+14	1.90E-05	1.94E-05	0.97926
911	2685	1.12E+14	1.92E-05	1.92E-05	0.99618
912	2695	1.11E+14	1.91E-05	1.91E-05	0.99998
913	2705	1.11E+14	1.90E-05	1.90E-05	0.99999
914	2715	1.10E+14	1.88E-05	1.88E-05	1
915	2725	1.10E+14	1.87E-05	1.87E-05	1
916	2735	1.10E+14	1.85E-05	1.86E-05	0.99999
917	2745	1.09E+14	1.84E-05	1.84E-05	0.99863
918	2755	1.09E+14	1.78E-05	1.83E-05	0.97613
919	2765	1.08E+14	1.80E-05	1.82E-05	0.99029
920	2775	1.08E+14	1.80E-05	1.80E-05	0.9999
921	2785	1.08E+14	1.79E-05	1.79E-05	0.99999
922	2795	1.07E+14	1.78E-05	1.78E-05	1
923	2805	1.07E+14	1.76E-05	1.76E-05	0.99987
924	2815	1.06E+14	1.75E-05	1.75E-05	0.99998
925	2825	1.06E+14	1.74E-05	1.74E-05	0.99999
926	2835	1.06E+14	1.73E-05	1.73E-05	1
927	2845	1.05E+14	1.72E-05	1.72E-05	0.99999
928	2855	1.05E+14	1.70E-05	1.70E-05	0.99954
929	2865	1.05E+14	1.68E-05	1.69E-05	0.99262
930	2875	1.04E+14	1.63E-05	1.68E-05	0.96842
931	2885	1.04E+14	1.67E-05	1.67E-05	0.99789
932	2895	1.04E+14	1.66E-05	1.66E-05	0.99998
933	2905	1.03E+14	1.65E-05	1.65E-05	0.99999
934	2915	1.03E+14	1.64E-05	1.64E-05	1
935	2925	1.02E+14	1.62E-05	1.62E-05	1
936	2935	1.02E+14	1.61E-05	1.61E-05	0.99999
937	2945	1.02E+14	1.60E-05	1.60E-05	0.99997
938	2955	1.01E+14	1.59E-05	1.59E-05	1
939	2965	1.01E+14	1.58E-05	1.58E-05	0.99999
940	2975	1.01E+14	1.57E-05	1.57E-05	1
941	2985	1.00E+14	1.56E-05	1.56E-05	1
942	2995	1.00E+14	1.55E-05	1.55E-05	0.99997
943	3005	9.98E+13	1.54E-05	1.54E-05	0.99999
944	3015	9.94E+13	1.53E-05	1.53E-05	0.99973
945	3025	9.91E+13	1.52E-05	1.52E-05	0.99891
946	3035	9.88E+13	1.47E-05	1.51E-05	0.97169
947	3045	9.85E+13	1.48E-05	1.50E-05	0.98385
948	3055	9.81E+13	1.49E-05	1.49E-05	0.99933
949	3065	9.78E+13	1.48E-05	1.48E-05	0.99986
950	3075	9.75E+13	1.47E-05	1.47E-05	0.99947
951	3085	9.72E+13	1.46E-05	1.46E-05	0.99965
952	3095	9.69E+13	1.45E-05	1.45E-05	1
953	3105	9.66E+13	1.44E-05	1.44E-05	0.99996
954	3115	9.62E+13	1.43E-05	1.43E-05	0.99992
955	3125	9.59E+13	1.42E-05	1.43E-05	0.99984
956	3135	9.56E+13	1.42E-05	1.42E-05	0.99998
957	3145	9.53E+13	1.41E-05	1.41E-05	0.99994
958	3155	9.50E+13	1.40E-05	1.40E-05	1
959	3165	9.47E+13	1.39E-05	1.39E-05	0.99999
960	3175	9.44E+13	1.38E-05	1.38E-05	1
961	3185	9.41E+13	1.37E-05	1.37E-05	1
962	3195	9.38E+13	1.36E-05	1.36E-05	1
963	3210	9.34E+13	1.35E-05	1.35E-05	1
964	3230	9.28E+13	1.33E-05	1.33E-05	1
965	3250	9.22E+13	1.32E-05	1.32E-05	1
966	3270	9.17E+13	1.30E-05	1.30E-05	0.99998
967	3290	9.11E+13	1.26E-05	1.29E-05	0.97434
968	3310	9.06E+13	1.26E-05	1.27E-05	0.99317
969	3330	9.00E+13	1.26E-05	1.26E-05	0.99747
970	3350	8.95E+13	1.24E-05	1.24E-05	0.99783
971	3370	8.90E+13	1.23E-05	1.23E-05	0.99791
972	3390	8.84E+13	1.21E-05	1.21E-05	0.99795
973	3410	8.79E+13	1.20E-05	1.20E-05	0.99798
974	3430	8.74E+13	1.19E-05	1.19E-05	0.9999
975	3450	8.69E+13	1.17E-05	1.17E-05	0.99997
976	3470	8.64E+13	1.16E-05	1.16E-05	0.99997
977	3490	8.59E+13	1.15E-05	1.15E-05	0.9999
978	3510	8.54E+13	1.13E-05	1.13E-05	0.99997
979	3530	8.49E+13	1.12E-05	1.12E-05	0.99997
980	3550	8.44E+13	1.11E-05	1.11E-05	0.99997
981	3570	8.40E+13	1.10E-05	1.10E-05	0.9999
982	3590	8.35E+13	1.08E-05	1.08E-05	0.99997
983	3610	8.30E+13	1.07E-05	1.07E-05	0.99918
984	3630	8.26E+13	1.06E-05	1.06E-05	0.99997
985	3650	8.21E+13	1.05E-05	1.05E-05	0.99868
986	3670	8.17E+13	1.04E-05	1.04E-05	0.99997
987	3690	8.12E+13	1.02E-05	1.03E-05	0.99779
988	3710	8.08E+13	1.01E-05	1.02E-05	0.99805
989	3730	8.04E+13	9.91E-06	1.00E-05	0.98696
990	3750	7.99E+13	9.75E-06	9.94E-06	0.98077
991	3770	7.95E+13	9.83E-06	9.83E-06	0.99933
992	3790	7.91E+13	9.73E-06	9.73E-06	0.99998
993	3810	7.87E+13	9.61E-06	9.63E-06	0.99759
994	3830	7.83E+13	9.51E-06	9.53E-06	0.99803
995	3850	7.79E+13	9.43E-06	9.43E-06	0.99998
996	3870	7.75E+13	9.33E-06	9.33E-06	0.99998
997	3890	7.71E+13	9.23E-06	9.24E-06	0.99926
998	3910	7.67E+13	9.09E-06	9.14E-06	0.99458
999	3930	7.63E+13	9.05E-06	9.05E-06	0.99997
1000	3950	7.59E+13	8.96E-06	8.96E-06	0.99998
1001	3970	7.55E+13	8.87E-06	8.87E-06	0.99999
1002	3990	7.51E+13	8.78E-06	8.78E-06	0.99998
1003	4010	7.48E+13	8.66E-06	8.70E-06	0.99567
1004	4030	7.44E+13	8.54E-06	8.61E-06	0.99191
1005	4050	7.40E+13	8.33E-06	8.53E-06	0.977
1006	4070	7.37E+13	8.44E-06	8.44E-06	0.99952
1007	4090	7.33E+13	8.36E-06	8.36E-06	0.99999
1008	4110	7.29E+13	8.28E-06	8.28E-06	0.99999
1009	4130	7.26E+13	8.19E-06	8.20E-06	0.99928
1010	4150	7.22E+13	8.11E-06	8.12E-06	0.99924
1011	4170	7.19E+13	7.94E-06	8.04E-06	0.98687
1012	4190	7.15E+13	7.96E-06	7.97E-06	0.99886
1013	4210	7.12E+13	7.89E-06	7.89E-06	0.99999
1014	4230	7.09E+13	7.82E-06	7.82E-06	1
1015	4250	7.05E+13	7.74E-06	7.74E-06	0.9996
1016	4270	7.02E+13	7.67E-06	7.67E-06	1
1017	4290	6.99E+13	7.59E-06	7.60E-06	0.99861
1018	4310	6.96E+13	7.53E-06	7.53E-06	1
1019	4330	6.92E+13	7.46E-06	7.46E-06	0.99999
1020	4350	6.89E+13	7.39E-06	7.39E-06	0.99997
1021	4370	6.86E+13	7.21E-06	7.33E-06	0.98473
1022	4390	6.83E+13	7.23E-06	7.26E-06	0.9955
1023	4410	6.80E+13	7.19E-06	7.19E-06	0.99999
1024	4430	6.77E+13	7.13E-06	7.13E-06	1
1025	4450	6.74E+13	7.07E-06	7.07E-06	1
1026	4470	6.71E+13	7.01E-06	7.01E-06	0.99998
1027	4490	6.68E+13	6.95E-06	6.95E-06	0.99998
1028	4510	6.65E+13	6.88E-06	6.88E-06	0.99998
1029	4530	6.62E+13	6.82E-06	6.82E-06	0.99998
1030	4550	6.59E+13	6.76E-06	6.76E-06	0.99998
1031	4570	6.56E+13	6.71E-06	6.71E-06	0.99998
1032	4590	6.53E+13	6.65E-06	6.65E-06	0.99998
1033	4610	6.50E+13	6.59E-06	6.59E-06	0.99969
1034	4630	6.48E+13	6.52E-06	6.53E-06	0.99875
1035	4650	6.45E+13	6.28E-06	6.48E-06	0.97007
1036	4670	6.42E+13	6.27E-06	6.42E-06	0.97648
1037	4690	6.39E+13	6.34E-06	6.37E-06	0.99551
1038	4710	6.37E+13	6.31E-06	6.31E-06	0.99997
1039	4730	6.34E+13	6.26E-06	6.26E-06	0.99998
1040	4750	6.31E+13	6.21E-06	6.21E-06	0.99997
1041	4770	6.28E+13	6.16E-06	6.16E-06	0.99998
1042	4790	6.26E+13	6.10E-06	6.10E-06	0.99999
1043	4810	6.23E+13	6.05E-06	6.05E-06	0.99999
1044	4830	6.21E+13	6.00E-06	6.00E-06	0.99999
1045	4850	6.18E+13	5.95E-06	5.95E-06	0.99999
1046	4870	6.16E+13	5.90E-06	5.90E-06	0.99999
1047	4890	6.13E+13	5.86E-06	5.86E-06	0.99999
1048	4910	6.11E+13	5.81E-06	5.81E-06	0.99999
1049	4930	6.08E+13	5.76E-06	5.76E-06	0.99999
1050	4950	6.06E+13	5.72E-06	5.72E-06	0.99999
1051	4970	6.03E+13	5.67E-06	5.67E-06	0.99999
1052	4990	6.01E+13	5.62E-06	5.62E-06	0.99999
1053	5010	5.98E+13	5.58E-06	5.58E-06	0.99998
1054	5030	5.96E+13	5.54E-06	5.54E-06	0.99998
1055	5050	5.94E+13	5.49E-06	5.49E-06	0.99999
1056	5070	5.91E+13	5.45E-06	5.45E-06	0.99998
1057	5090	5.89E+13	5.41E-06	5.41E-06	0.99997
1058	5110	5.87E+13	5.35E-06	5.36E-06	0.99697
1059	5130	5.84E+13	5.19E-06	5.32E-06	0.9744
1060	5150	5.82E+13	5.27E-06	5.28E-06	0.99809
1061	5170	5.80E+13	5.24E-06	5.24E-06	0.99997
1062	5190	5.78E+13	5.20E-06	5.20E-06	0.99998
1063	5210	5.75E+13	5.16E-06	5.16E-06	0.99999
1064	5230	5.73E+13	5.12E-06	5.12E-06	0.99999
1065	5250	5.71E+13	5.08E-06	5.08E-06	0.99997
1066	5270	5.69E+13	5.04E-06	5.04E-06	0.99997
1067	5290	5.67E+13	5.00E-06	5.00E-06	0.99999
1068	5310	5.65E+13	4.97E-06	4.97E-06	0.99999
1069	5330	5.62E+13	4.93E-06	4.93E-06	0.99999
1070	5350	5.60E+13	4.89E-06	4.89E-06	0.99999
1071	5370	5.58E+13	4.85E-06	4.86E-06	0.99929
1072	5390	5.56E+13	4.82E-06	4.82E-06	0.99932
1073	5410	5.54E+13	4.78E-06	4.78E-06	0.99999
1074	5430	5.52E+13	4.75E-06	4.75E-06	0.99999
1075	5450	5.50E+13	4.71E-06	4.71E-06	0.99999
1076	5470	5.48E+13	4.68E-06	4.68E-06	0.99999
1077	5490	5.46E+13	4.65E-06	4.65E-06	0.99999
1078	5510	5.44E+13	4.61E-06	4.61E-06	0.99935
1079	5530	5.42E+13	4.57E-06	4.58E-06	0.99739
1080	5550	5.40E+13	4.55E-06	4.55E-06	0.99998
1081	5570	5.38E+13	4.51E-06	4.51E-06	0.99999
1082	5590	5.36E+13	4.48E-06	4.48E-06	0.99999
1083	5610	5.34E+13	4.45E-06	4.45E-06	1
1084	5630	5.32E+13	4.42E-06	4.42E-06	1
1085	5650	5.31E+13	4.39E-06	4.39E-06	0.99999
1086	5670	5.29E+13	4.35E-06	4.35E-06	0.99999
1087	5690	5.27E+13	4.32E-06	4.32E-06	0.99979
1088	5710	5.25E+13	4.27E-06	4.29E-06	0.99497
1089	5730	5.23E+13	4.26E-06	4.26E-06	0.9993
1090	5750	5.21E+13	4.23E-06	4.23E-06	0.99999
1091	5770	5.20E+13	4.20E-06	4.20E-06	0.99999
1092	5790	5.18E+13	4.18E-06	4.18E-06	0.99998
1093	5810	5.16E+13	4.15E-06	4.15E-06	1
1094	5830	5.14E+13	4.12E-06	4.12E-06	0.99999
1095	5850	5.12E+13	4.09E-06	4.09E-06	0.99998
1096	5870	5.11E+13	4.06E-06	4.06E-06	0.99997
1097	5890	5.09E+13	4.02E-06	4.04E-06	0.99619
1098	5910	5.07E+13	3.89E-06	4.01E-06	0.97055
1099	5930	5.06E+13	3.97E-06	3.98E-06	0.99662
1100	5950	5.04E+13	3.92E-06	3.96E-06	0.99183
1101	5970	5.02E+13	3.91E-06	3.93E-06	0.99572
1102	5990	5.00E+13	3.90E-06	3.90E-06	0.99997
1103	6010	4.99E+13	3.88E-06	3.88E-06	0.99998
1104	6030	4.97E+13	3.85E-06	3.85E-06	0.99999
1105	6050	4.96E+13	3.83E-06	3.83E-06	0.99999
1106	6070	4.94E+13	3.80E-06	3.80E-06	0.99999
1107	6090	4.92E+13	3.78E-06	3.78E-06	0.99999
1108	6110	4.91E+13	3.75E-06	3.75E-06	0.99999
1109	6130	4.89E+13	3.73E-06	3.73E-06	0.99999
1110	6150	4.87E+13	3.70E-06	3.70E-06	0.99999
1111	6170	4.86E+13	3.68E-06	3.68E-06	0.99999
1112	6190	4.84E+13	3.65E-06	3.65E-06	0.99999
1113	6210	4.83E+13	3.63E-06	3.63E-06	0.99999
1114	6230	4.81E+13	3.61E-06	3.61E-06	0.99999
1115	6250	4.80E+13	3.58E-06	3.58E-06	0.99998
1116	6270	4.78E+13	3.55E-06	3.56E-06	0.99793
1117	6290	4.77E+13	3.49E-06	3.54E-06	0.9857
1118	6310	4.75E+13	3.50E-06	3.52E-06	0.99664
1119	6330	4.74E+13	3.49E-06	3.49E-06	0.99998
1120	6350	4.72E+13	3.47E-06	3.47E-06	0.99999
1121	6370	4.71E+13	3.45E-06	3.45E-06	0.99999
1122	6390	4.69E+13	3.43E-06	3.43E-06	0.99999
1123	6420	4.67E+13	3.40E-06	3.40E-06	0.99999
1124	6460	4.64E+13	3.35E-06	3.35E-06	0.99999
1125	6500	4.61E+13	3.31E-06	3.31E-06	0.99999
1126	6540	4.58E+13	3.27E-06	3.27E-06	0.99999
1127	6580	4.56E+13	3.23E-06	3.23E-06	0.99999
1128	6620	4.53E+13	3.19E-06	3.19E-06	0.99999
1129	6660	4.50E+13	3.15E-06	3.15E-06	0.99999
1130	6700	4.47E+13	3.12E-06	3.12E-06	0.99999
1131	6740	4.45E+13	3.08E-06	3.08E-06	0.99868
1132	6780	4.42E+13	3.01E-06	3.04E-06	0.98831
1133	6820	4.40E+13	3.01E-06	3.01E-06	0.99997
1134	6860	4.37E+13	2.97E-06	2.97E-06	0.99999
1135	6900	4.34E+13	2.94E-06	2.94E-06	0.99999
1136	6940	4.32E+13	2.90E-06	2.90E-06	0.99998
1137	6980	4.30E+13	2.87E-06	2.87E-06	0.99999
1138	7020	4.27E+13	2.84E-06	2.84E-06	0.99999
1139	7060	4.25E+13	2.81E-06	2.81E-06	0.99999
1140	7100	4.22E+13	2.77E-06	2.77E-06	0.99998
1141	7140	4.20E+13	2.74E-06	2.74E-06	0.99999
1142	7180	4.18E+13	2.71E-06	2.71E-06	0.99999
1143	7220	4.15E+13	2.68E-06	2.68E-06	0.99999
1144	7260	4.13E+13	2.65E-06	2.65E-06	0.99997
1145	7300	4.11E+13	2.62E-06	2.62E-06	0.99998
1146	7340	4.08E+13	2.59E-06	2.59E-06	0.99999
1147	7380	4.06E+13	2.57E-06	2.57E-06	0.99999
1148	7420	4.04E+13	2.53E-06	2.54E-06	0.99826
1149	7460	4.02E+13	2.46E-06	2.51E-06	0.98019
1150	7500	4.00E+13	2.41E-06	2.48E-06	0.97198
1151	7540	3.98E+13	2.45E-06	2.46E-06	0.99752
1152	7580	3.96E+13	2.43E-06	2.43E-06	0.99998
1153	7620	3.93E+13	2.41E-06	2.41E-06	0.99999
1154	7660	3.91E+13	2.38E-06	2.38E-06	0.99999
1155	7700	3.89E+13	2.36E-06	2.36E-06	0.99999
1156	7740	3.87E+13	2.33E-06	2.33E-06	0.99998
1157	7780	3.85E+13	2.30E-06	2.31E-06	0.998
1158	7820	3.83E+13	2.28E-06	2.28E-06	0.99998
1159	7860	3.81E+13	2.26E-06	2.26E-06	0.99999
1160	7900	3.79E+13	2.24E-06	2.24E-06	0.99999
1161	7940	3.78E+13	2.21E-06	2.21E-06	0.99999
1162	7980	3.76E+13	2.19E-06	2.19E-06	0.99999
1163	8020	3.74E+13	2.17E-06	2.17E-06	0.99999
1164	8060	3.72E+13	2.15E-06	2.15E-06	0.99999
1165	8100	3.70E+13	2.13E-06	2.13E-06	0.99999
1166	8140	3.68E+13	2.10E-06	2.11E-06	0.99711
1167	8180	3.66E+13	2.08E-06	2.09E-06	0.99887
1168	8220	3.65E+13	2.07E-06	2.07E-06	0.99999
1169	8260	3.63E+13	2.05E-06	2.05E-06	0.99999
1170	8300	3.61E+13	2.03E-06	2.03E-06	0.99999
1171	8340	3.59E+13	2.01E-06	2.01E-06	0.99999
1172	8380	3.58E+13	1.99E-06	1.99E-06	0.99999
1173	8420	3.56E+13	1.97E-06	1.97E-06	0.99999
1174	8460	3.54E+13	1.95E-06	1.95E-06	0.99999
1175	8500	3.53E+13	1.93E-06	1.93E-06	0.99999
1176	8540	3.51E+13	1.91E-06	1.91E-06	0.99999
1177	8580	3.49E+13	1.89E-06	1.89E-06	0.99999
1178	8620	3.48E+13	1.88E-06	1.88E-06	0.99997
1179	8660	3.46E+13	1.85E-06	1.86E-06	0.99351
1180	8700	3.45E+13	1.84E-06	1.84E-06	0.99927
1181	8740	3.43E+13	1.81E-06	1.83E-06	0.9901
1182	8780	3.41E+13	1.79E-06	1.81E-06	0.99006
1183	8820	3.40E+13	1.79E-06	1.79E-06	0.99998
1184	8860	3.38E+13	1.78E-06	1.78E-06	0.99999
1185	8900	3.37E+13	1.76E-06	1.76E-06	0.99999
1186	8940	3.35E+13	1.74E-06	1.74E-06	1
1187	8980	3.34E+13	1.73E-06	1.73E-06	1
1188	9020	3.32E+13	1.71E-06	1.71E-06	0.99999
1189	9060	3.31E+13	1.70E-06	1.70E-06	0.99999
1190	9100	3.29E+13	1.68E-06	1.68E-06	0.99999
1191	9140	3.28E+13	1.67E-06	1.67E-06	0.99999
1192	9180	3.27E+13	1.65E-06	1.65E-06	0.99999
1193	9220	3.25E+13	1.64E-06	1.64E-06	0.99999
1194	9260	3.24E+13	1.62E-06	1.62E-06	0.99998
1195	9300	3.22E+13	1.61E-06	1.61E-06	0.99999
1196	9340	3.21E+13	1.60E-06	1.60E-06	0.99997
1197	9380	3.20E+13	1.57E-06	1.58E-06	0.99038
1198	9420	3.18E+13	1.56E-06	1.57E-06	0.9974
1199	9460	3.17E+13	1.56E-06	1.56E-06	0.99998
1200	9500	3.16E+13	1.54E-06	1.54E-06	0.99998
1201	9540	3.14E+13	1.53E-06	1.53E-06	0.99998
1202	9580	3.13E+13	1.52E-06	1.52E-06	0.99999
1203	9620	3.12E+13	1.50E-06	1.50E-06	0.99999
1204	9660	3.10E+13	1.49E-06	1.49E-06	0.99999
1205	9700	3.09E+13	1.48E-06	1.48E-06	0.99999
1206	9740	3.08E+13	1.47E-06	1.47E-06	0.99999
1207	9780	3.07E+13	1.45E-06	1.45E-06	0.99999
1208	9820	3.05E+13	1.44E-06	1.44E-06	0.99998
1209	9860	3.04E+13	1.43E-06	1.43E-06	0.99998
1210	9900	3.03E+13	1.42E-06	1.42E-06	0.99999
1211	9940	3.02E+13	1.41E-06	1.41E-06	0.99999
1212	9980	3.00E+13	1.40E-06	1.40E-06	0.99999
1213	10020	2.99E+13	1.39E-06	1.39E-06	0.99999
1214	20000	1.50E+13	3.42E-07	3.42E-07	1
1215	40000	7.49E+12	8.33E-08	8.33E-08	1
1216	60000	5.00E+12	3.64E-08	3.64E-08	1
1217	80000	3.75E+12	2.02E-08	2.02E-08	1
1218	100000	3.00E+12	1.28E-08	1.28E-08	1	
1219	120000	2.50E+12	8.84E-09	8.84E-09	1	
1220	140000	2.14E+12	6.45E-09	6.45E-09	1	
1221	160000	1.87E+12	4.91E-09	4.91E-09	1	
