TEFF   4250.  GRAVITY 4.50000 LTE 
TITLE  [ 0.0] VTURB=0  L/H=1.25 NOVER NEW ODF                                   
FLUX    1     9.09        3.298047E+16   2.5000E-39   2.5000E-39   1.00000
FLUX    2     9.35        3.206337E+16   2.5000E-39   2.5000E-39   1.00000
FLUX    3     9.61        3.119589E+16   2.5000E-39   2.5000E-39   1.00000
FLUX    4     9.77        3.068500E+16   2.5000E-39   2.5000E-39   1.00000
FLUX    5     9.96        3.009965E+16   2.5000E-39   2.5000E-39   1.00000
FLUX    6    10.20        2.939142E+16   2.5000E-39   2.5000E-39   1.00000
FLUX    7    10.38        2.888174E+16   2.5000E-39   2.5000E-39   1.00000
FLUX    8    10.56        2.838944E+16   2.5000E-39   2.5000E-39   1.00000
FLUX    9    10.77        2.783589E+16   2.5000E-39   2.5000E-39   1.00000
FLUX   10    11.04        2.715512E+16   2.5000E-39   2.5000E-39   1.00000
FLUX   11    11.40        2.629759E+16   2.5000E-39   2.5000E-39   1.00000
FLUX   12    11.78        2.544928E+16   2.5000E-39   2.5000E-39   1.00000
FLUX   13    12.13        2.471496E+16   2.5000E-39   2.5000E-39   1.00000
FLUX   14    12.48        2.402184E+16   2.5000E-39   2.5000E-39   1.00000
FLUX   15    12.71        2.358714E+16   2.5000E-39   2.5000E-39   1.00000
FLUX   16    12.84        2.334833E+16   2.5000E-39   2.5000E-39   1.00000
FLUX   17    13.05        2.297260E+16   2.5000E-39   2.5000E-39   1.00000
FLUX   18    13.24        2.264294E+16   3.4031-174   3.4031-174   0.99998
FLUX   19    13.39        2.238928E+16   2.8720-172   2.8720-172   0.99998
FLUX   20    13.66        2.194674E+16   6.5791-169   6.5792-169   0.99998
FLUX   21    13.98        2.144439E+16   4.2783-165   4.2784-165   0.99998
FLUX   22    14.33        2.092062E+16   4.0259-161   4.0260-161   0.99998
FLUX   23    14.72        2.036634E+16   6.4338-157   6.4339-157   0.99998
FLUX   24    15.10        1.985381E+16   4.9425-153   4.9426-153   0.99998
FLUX   25    15.52        1.931653E+16   5.8260-149   5.8261-149   0.99998
FLUX   26    15.88        1.887862E+16   1.2075-145   1.2075-145   0.99998
FLUX   27    16.20        1.850571E+16   8.0390-143   8.0392-143   0.99998
FLUX   28    16.60        1.805979E+16   1.9056-139   1.9056-139   0.99998
FLUX   29    17.03        1.760379E+16   5.3658-136   5.3659-136   0.99998
FLUX   30    17.34        1.728907E+16   1.2861-133   1.2862-133   0.99998
FLUX   31    17.68        1.695659E+16   4.1921-131   4.1922-131   0.99998
FLUX   32    18.02        1.663665E+16   1.0962-128   1.0962-128   0.99998
FLUX   33    18.17        1.649931E+16   1.1949-127   1.1949-127   0.99998
FLUX   34    18.61        1.610921E+16   1.0554-124   1.0554-124   0.99998
FLUX   35    19.10        1.569594E+16   1.3890-121   1.3891-121   0.99998
FLUX   36    19.39        1.546119E+16   8.1835-120   8.1836-120   0.99998
FLUX   37    19.84        1.511051E+16   3.6018-117   3.6018-117   0.99998
FLUX   38    20.18        1.485592E+16   2.9899-115   2.9900-115   0.99998
FLUX   39    20.50        1.462402E+16   1.6739-113   1.6740-113   0.99998
FLUX   40    21.05        1.424192E+16   1.2615-110   1.2615-110   0.99998
FLUX   41    21.62        1.386644E+16   8.4455-108   8.4456-108   0.99998
FLUX   42    21.98        1.363933E+16   4.3150-106   4.3151-106   0.99998
FLUX   43    22.30        1.344361E+16   1.2759-104   1.2759-104   0.99998
FLUX   44    22.68        1.321836E+16   6.2866-103   6.2867-103   0.99998
FLUX   45    23.00        1.303446E+16   1.5148-101   1.5148-101   0.99998
FLUX   46    23.40        1.281165E+16   7.1272-100   7.1273-100   0.99998
FLUX   47    24.00        1.249135E+16   1.8032E-97   1.8032E-97   0.99998
FLUX   48    24.65        1.216197E+16   5.3215E-95   5.3215E-95   0.99998
FLUX   49    25.24        1.187767E+16   7.1870E-93   7.1872E-93   0.99998
FLUX   50    25.68        1.167416E+16   2.4036E-91   2.4036E-91   0.99998
FLUX   51    26.00        1.153048E+16   2.8615E-90   2.8615E-90   0.99998
FLUX   52    26.40        1.135578E+16   5.8088E-89   5.8089E-89   0.99998
FLUX   53    26.85        1.116546E+16   1.5386E-87   1.5387E-87   0.99998
FLUX   54    27.35        1.096133E+16   5.1572E-86   5.1573E-86   0.99998
FLUX   55    27.85        1.076454E+16   1.5232E-84   1.5232E-84   0.99998
FLUX   56    28.40        1.055607E+16   5.4832E-83   5.4833E-83   0.99998
FLUX   57    29.00        1.033767E+16   2.3345E-81   2.3345E-81   0.99998
FLUX   58    29.60        1.012812E+16   8.5021E-80   8.5022E-80   0.99998
FLUX   59    30.10        9.959883E+15   1.5238E-78   1.5240E-78   0.99991
FLUX   60    30.80        9.733523E+15   7.3799E-77   7.3800E-77   0.99998
FLUX   61    31.80        9.427437E+15   1.3936E-74   1.3936E-74   0.99998
FLUX   62    32.80        9.140015E+15   1.9007E-72   1.9007E-72   0.99998
FLUX   63    33.80        8.869601E+15   1.9256E-70   1.9256E-70   0.99998
FLUX   64    34.80        8.614727E+15   1.4891E-68   1.4891E-68   0.99998
FLUX   65    35.70        8.397549E+15   6.0209E-67   6.0210E-67   0.99998
FLUX   66    36.60        8.191052E+15   2.0250E-65   2.0251E-65   0.99998
FLUX   67    37.50        7.994467E+15   5.7266E-64   5.7267E-64   0.99998
FLUX   68    38.50        7.786818E+15   1.9470E-62   1.9470E-62   0.99998
FLUX   69    39.50        7.589683E+15   5.5106E-61   5.5107E-61   0.99998
FLUX   70    40.50        7.402284E+15   1.3174E-59   1.3175E-59   0.99998
FLUX   71    41.40        7.241364E+15   2.0057E-58   2.0058E-58   0.99998
FLUX   72    42.20        7.104087E+15   2.0409E-57   2.0409E-57   0.99998
FLUX   73    43.00        6.971919E+15   1.9008E-56   1.9009E-56   0.99998
FLUX   74    44.10        6.798016E+15   3.5698E-55   3.5699E-55   0.99998
FLUX   75    45.10        6.647284E+15   4.5183E-54   4.5184E-54   0.99998
FLUX   76    46.00        6.517228E+15   4.0278E-53   4.0278E-53   0.99998
FLUX   77    47.00        6.378564E+15   4.1400E-52   4.1401E-52   0.99998
FLUX   78    48.00        6.245677E+15   3.8493E-51   3.8493E-51   0.99998
FLUX   79    49.00        6.118214E+15   3.2607E-50   3.2608E-50   0.99998
FLUX   80    50.00        5.995850E+15   2.5271E-49   2.5271E-49   0.99998
FLUX   81    50.60        5.924753E+15   1.1199E-48   1.2648E-48   0.88540
FLUX   82    51.20        5.855322E+15   3.9795E-48   4.0174E-48   0.99057
FLUX   83    52.00        5.765240E+15   1.7830E-47   1.7969E-47   0.99226
FLUX   84    53.00        5.656462E+15   1.0944E-46   1.0944E-46   0.99998
FLUX   85    54.00        5.551713E+15   6.1902E-46   6.2201E-46   0.99519
FLUX   86    55.00        5.450773E+15   3.3132E-45   3.3133E-45   0.99998
FLUX   87    56.00        5.353437E+15   1.6589E-44   1.6589E-44   0.99998
FLUX   88    57.00        5.259517E+15   7.8328E-44   7.8329E-44   0.99998
FLUX   89    58.00        5.168836E+15   3.4645E-43   3.4998E-43   0.98991
FLUX   90    59.00        5.081229E+15   1.4827E-42   1.4829E-42   0.99985
FLUX   91    60.00        4.996542E+15   5.9761E-42   5.9767E-42   0.99989
FLUX   92    61.00        4.914631E+15   2.2970E-41   2.2970E-41   0.99998
FLUX   93    62.00        4.835363E+15   8.4370E-41   8.4377E-41   0.99992
FLUX   94    63.00        4.758611E+15   2.9687E-40   2.9689E-40   0.99993
FLUX   95    64.00        4.684258E+15   1.0033E-39   1.0033E-39   0.99998
FLUX   96    65.00        4.612192E+15   3.2605E-39   3.2606E-39   0.99998
FLUX   97    65.80        4.556117E+15   8.1489E-39   8.1491E-39   0.99998
FLUX   98    66.50        4.508158E+15   1.7816E-38   1.7823E-38   0.99957
FLUX   99    67.50        4.441370E+15   5.2920E-38   5.2937E-38   0.99968
FLUX  100    68.50        4.376533E+15   1.5208E-37   1.5209E-37   0.99998
FLUX  101    69.50        4.313561E+15   4.2327E-37   4.2328E-37   0.99998
FLUX  102    70.50        4.252376E+15   1.1411E-36   1.1428E-36   0.99854
FLUX  103    71.60        4.187046E+15   3.2948E-36   3.2948E-36   0.99998
FLUX  104    72.60        4.129373E+15   8.3794E-36   8.3795E-36   0.99998
FLUX  105    73.50        4.078809E+15   1.8978E-35   1.8980E-35   0.99993
FLUX  106    74.50        4.024060E+15   4.5945E-35   4.5953E-35   0.99982
FLUX  107    75.50        3.970762E+15   1.0853E-34   1.0856E-34   0.99971
FLUX  108    76.50        3.918856E+15   2.5044E-34   2.5046E-34   0.99993
FLUX  109    77.50        3.868290E+15   5.6472E-34   5.6488E-34   0.99972
FLUX  110    78.50        3.819013E+15   1.2465E-33   1.2465E-33   0.99998
FLUX  111    79.50        3.770975E+15   2.6869E-33   2.6936E-33   0.99754
FLUX  112    80.50        3.724130E+15   5.6949E-33   5.7041E-33   0.99838
FLUX  113    81.50        3.678436E+15   1.1845E-32   1.1847E-32   0.99986
FLUX  114    82.50        3.633848E+15   2.4152E-32   2.4153E-32   0.99997
FLUX  115    83.50        3.590329E+15   4.8369E-32   4.8370E-32   0.99997
FLUX  116    84.50        3.547840E+15   9.5167E-32   9.5199E-32   0.99966
FLUX  117    85.50        3.506345E+15   1.8396E-31   1.8425E-31   0.99842
FLUX  118    86.50        3.465809E+15   3.4982E-31   3.5089E-31   0.99696
FLUX  119    87.50        3.426200E+15   6.5412E-31   6.5789E-31   0.99427
FLUX  120    88.50        3.387486E+15   1.2070E-30   1.2152E-30   0.99330
FLUX  121    89.50        3.349637E+15   2.1944E-30   2.2121E-30   0.99199
FLUX  122    90.50        3.312624E+15   3.9247E-30   3.9708E-30   0.98838
FLUX  123    91.50        3.276421E+15   1.2911E-25   3.2109E-24   0.04021
FLUX  124    92.50        3.241000E+15   6.3230E-25   5.0071E-24   0.12628
FLUX  125    93.50        3.206337E+15   9.8590E-25   7.7165E-24   0.12777
FLUX  126    94.50        3.172407E+15   1.2599E-24   1.1734E-23   0.10737
FLUX  127    95.50        3.139188E+15   1.8734E-24   1.7789E-23   0.10531
FLUX  128    96.50        3.106658E+15   3.3953E-24   2.5596E-23   0.13265
FLUX  129    97.50        3.074795E+15   3.3969E-24   3.5214E-23   0.09646
FLUX  130    98.50        3.043579E+15   7.0985E-24   5.4839E-23   0.12944
FLUX  131    99.50        3.012990E+15   1.1325E-23   7.7616E-23   0.14591
FLUX  132   100.50        2.983010E+15   1.3671E-23   1.0841E-22   0.12610
FLUX  133   101.50        2.953621E+15   1.8275E-23   1.4583E-22   0.12532
FLUX  134   102.50        2.924805E+15   2.3595E-23   2.1814E-22   0.10816
FLUX  135   103.50        2.896546E+15   5.1620E-23   3.0370E-22   0.16997
FLUX  136   104.50        2.868828E+15   7.2835E-23   4.3387E-22   0.16787
FLUX  137   105.50        2.841635E+15   8.8576E-23   6.1677E-22   0.14361
FLUX  138   106.50        2.814953E+15   1.9152E-22   8.7588E-22   0.21866
FLUX  139   107.50        2.788767E+15   2.4695E-22   1.2422E-21   0.19881
FLUX  140   108.50        2.763064E+15   4.4248E-22   1.7563E-21   0.25194
FLUX  141   109.50        2.737831E+15   5.7900E-22   2.4695E-21   0.23446
FLUX  142   110.50        2.713054E+15   8.2802E-22   3.4501E-21   0.24000
FLUX  143   111.50        2.688722E+15   1.0548E-21   4.7805E-21   0.22065
FLUX  144   112.50        2.664822E+15   2.0754E-21   6.5676E-21   0.31600
FLUX  145   113.50        2.641344E+15   3.2209E-21   8.9431E-21   0.36016
FLUX  146   114.50        2.618275E+15   4.9226E-21   1.2069E-20   0.40786
FLUX  147   115.50        2.595606E+15   6.8040E-21   1.6125E-20   0.42196
FLUX  148   116.50        2.573326E+15   8.5251E-21   2.1283E-20   0.40055
FLUX  149   117.50        2.551426E+15   1.2660E-20   2.7630E-20   0.45819
FLUX  150   118.50        2.529894E+15   1.6082E-20   3.8980E-20   0.41256
FLUX  151   119.50        2.508724E+15   1.7732E-20   5.1221E-20   0.34618
FLUX  152   120.50        2.487905E+15   1.4235E-20   6.6954E-20   0.21261
FLUX  153   121.50        2.467428E+15   3.4223E-21   8.7081E-20   0.03930
FLUX  154   122.50        2.447286E+15   2.2175E-20   1.1281E-19   0.19656
FLUX  155   123.50        2.427470E+15   6.2960E-20   1.4548E-19   0.43278
FLUX  156   124.50        2.407972E+15   9.9575E-20   1.6407E-19   0.60691
FLUX  157   125.50        2.388785E+15   1.3336E-19   2.2337E-19   0.59705
FLUX  158   126.50        2.369901E+15   1.7749E-19   2.9316E-19   0.60543
FLUX  159   127.50        2.351314E+15   2.3401E-19   3.7766E-19   0.61963
FLUX  160   128.50        2.333016E+15   2.7323E-19   4.8333E-19   0.56531
FLUX  161   129.50        2.315000E+15   3.4837E-19   6.1399E-19   0.56739
FLUX  162   130.50        2.297261E+15   4.4184E-19   7.7614E-19   0.56928
FLUX  163   131.50        2.279791E+15   5.6608E-19   9.7591E-19   0.58006
FLUX  164   132.50        2.262585E+15   6.7186E-19   1.2209E-18   0.55029
FLUX  165   133.50        2.245637E+15   7.8719E-19   1.5196E-18   0.51803
FLUX  166   134.50        2.228940E+15   1.0387E-18   1.8816E-18   0.55201
FLUX  167   135.50        2.212491E+15   1.3354E-18   2.3334E-18   0.57231
FLUX  168   136.50        2.196282E+15   1.5949E-18   2.9081E-18   0.54843
FLUX  169   137.50        2.180309E+15   1.9049E-18   3.6068E-18   0.52814
FLUX  170   138.50        2.164567E+15   2.3793E-18   4.4554E-18   0.53403
FLUX  171   139.50        2.149050E+15   2.7925E-18   5.4879E-18   0.50885
FLUX  172   140.50        2.133754E+15   3.6987E-18   6.7452E-18   0.54835
FLUX  173   141.50        2.118675E+15   4.7985E-18   8.2800E-18   0.57954
FLUX  174   142.50        2.103807E+15   5.6979E-18   1.0156E-17   0.56105
FLUX  175   143.50        2.089146E+15   7.4070E-18   1.2445E-17   0.59516
FLUX  176   144.20        2.079005E+15   9.6923E-18   1.4340E-17   0.67588
FLUX  177   144.70        2.071821E+15   9.4253E-18   1.5861E-17   0.59424
FLUX  178   145.50        2.060430E+15   1.1141E-17   1.8621E-17   0.59831
FLUX  179   146.50        2.046365E+15   1.4986E-17   2.2716E-17   0.65973
FLUX  180   147.50        2.032492E+15   1.6027E-17   2.7645E-17   0.57972
FLUX  181   148.50        2.018805E+15   2.0629E-17   3.3557E-17   0.61472
FLUX  182   149.50        2.005301E+15   2.8200E-17   4.0620E-17   0.69425
FLUX  183   150.50        1.991977E+15   3.6917E-17   4.9033E-17   0.75289
FLUX  184   151.20        1.982755E+15   3.0259E-17   5.5844E-17   0.54185
FLUX  185   151.70        1.976220E+15   4.1416E-17   8.0808E-17   0.51253
FLUX  186   152.50        1.965852E+15   6.9313E-17   2.6360E-16   0.26295
FLUX  187   153.50        1.953046E+15   2.1972E-16   6.4184E-16   0.34233
FLUX  188   154.50        1.940405E+15   2.1669E-16   7.4601E-16   0.29047
FLUX  189   155.50        1.927926E+15   3.3024E-16   8.7141E-16   0.37897
FLUX  190   156.50        1.915607E+15   3.2090E-16   1.0251E-15   0.31303
FLUX  191   157.50        1.903444E+15   6.8303E-16   2.5725E-15   0.26551
FLUX  192   158.50        1.891435E+15   7.1084E-16   2.9386E-15   0.24190
FLUX  193   159.50        1.879577E+15   6.8184E-16   3.3545E-15   0.20326
FLUX  194   160.50        1.867866E+15   7.3639E-16   3.8231E-15   0.19261
FLUX  195   161.50        1.856300E+15   7.7635E-16   4.3492E-15   0.17850
FLUX  196   162.50        1.844877E+15   8.0069E-16   8.5600E-15   0.09354
FLUX  197   163.50        1.833593E+15   1.1421E-15   1.0043E-14   0.11372
FLUX  198   164.50        1.822447E+15   1.5477E-15   1.1780E-14   0.13138
FLUX  199   165.50        1.811435E+15   1.2627E-15   1.3777E-14   0.09165
FLUX  200   166.50        1.800556E+15   2.0551E-15   1.6104E-14   0.12761
FLUX  201   167.20        1.793017E+15   1.7128E-15   1.7922E-14   0.09557
FLUX  202   167.70        1.787671E+15   2.8770E-15   2.2672E-14   0.12690
FLUX  203   168.50        1.779184E+15   3.7641E-15   2.8125E-14   0.13384
FLUX  204   169.50        1.768687E+15   5.1402E-15   3.2627E-14   0.15754
FLUX  205   170.50        1.758314E+15   5.9805E-15   3.7740E-14   0.15847
FLUX  206   171.50        1.748061E+15   6.5394E-15   4.7485E-14   0.13771
FLUX  207   172.50        1.737928E+15   8.8620E-15   5.4388E-14   0.16294
FLUX  208   173.50        1.727911E+15   9.6488E-15   6.2047E-14   0.15551
FLUX  209   174.50        1.718009E+15   1.2956E-14   7.0514E-14   0.18374
FLUX  210   175.50        1.708219E+15   1.4308E-14   7.9813E-14   0.17927
FLUX  211   176.50        1.698541E+15   1.6756E-14   9.0041E-14   0.18609
FLUX  212   177.50        1.688972E+15   1.6768E-14   1.0125E-13   0.16560
FLUX  213   178.50        1.679510E+15   2.9126E-14   1.1352E-13   0.25658
FLUX  214   179.50        1.670153E+15   2.4731E-14   1.2695E-13   0.19481
FLUX  215   180.50        1.660900E+15   3.9522E-14   1.4161E-13   0.27909
FLUX  216   181.50        1.651749E+15   3.0779E-14   1.5762E-13   0.19527
FLUX  217   182.50        1.642699E+15   4.6830E-14   1.7509E-13   0.26746
FLUX  218   183.50        1.633747E+15   4.2771E-14   1.9412E-13   0.22033
FLUX  219   184.50        1.624892E+15   5.9988E-14   2.1484E-13   0.27922
FLUX  220   185.50        1.616132E+15   5.2393E-14   2.3738E-13   0.22071
FLUX  221   186.50        1.607466E+15   8.3443E-14   2.6189E-13   0.31862
FLUX  222   187.50        1.598893E+15   7.9728E-14   2.8964E-13   0.27527
FLUX  223   188.50        1.590411E+15   9.7162E-14   3.1851E-13   0.30505
FLUX  224   189.50        1.582018E+15   1.1315E-13   3.4978E-13   0.32350
FLUX  225   190.50        1.573714E+15   1.2605E-13   3.8357E-13   0.32863
FLUX  226   191.50        1.565496E+15   1.5794E-13   4.2012E-13   0.37594
FLUX  227   192.50        1.557364E+15   1.4374E-13   4.5956E-13   0.31277
FLUX  228   193.50        1.549315E+15   9.1388E-14   5.0208E-13   0.18202
FLUX  229   194.50        1.541350E+15   2.0125E-13   5.4791E-13   0.36731
FLUX  230   195.50        1.533465E+15   2.7399E-13   5.9724E-13   0.45877
FLUX  231   196.70        1.524110E+15   2.9124E-13   6.6135E-13   0.44038
FLUX  232   197.60        1.517168E+15   3.3948E-13   7.1341E-13   0.47586
FLUX  233   198.40        1.511051E+15   3.9715E-13   7.6239E-13   0.52093
FLUX  234   199.50        1.502719E+15   3.8921E-13   8.3448E-13   0.46641
FLUX  235   200.50        1.495224E+15   4.4604E-13   9.0492E-13   0.49290
FLUX  236   201.50        1.487804E+15   4.9366E-13   9.8040E-13   0.50353
FLUX  237   202.50        1.480457E+15   4.8948E-13   1.0612E-12   0.46126
FLUX  238   203.50        1.473182E+15   5.7824E-13   1.1476E-12   0.50388
FLUX  239   204.50        1.465978E+15   6.0998E-13   1.2399E-12   0.49196
FLUX  240   205.50        1.458844E+15   7.1828E-13   1.3385E-12   0.53663
FLUX  241   206.50        1.451780E+15   7.0451E-13   1.4438E-12   0.48797
FLUX  242   207.40        1.445480E+15   6.2578E-13   1.5445E-12   0.40518
FLUX  243   207.80        1.442697E+15   8.7936E-13   3.5803E-11   0.02456
FLUX  244   208.50        1.437854E+15   1.1135E-12   3.9463E-11   0.02822
FLUX  245   209.50        1.430990E+15   1.7356E-12   4.5272E-11   0.03834
FLUX  246   210.50        1.424192E+15   2.0237E-12   5.1844E-11   0.03903
FLUX  247   211.50        1.417459E+15   2.1066E-12   5.9267E-11   0.03555
FLUX  248   212.50        1.410788E+15   2.4708E-12   6.7505E-11   0.03660
FLUX  249   213.50        1.404180E+15   3.0495E-12   7.6552E-11   0.03984
FLUX  250   214.50        1.397634E+15   2.5376E-12   8.6556E-11   0.02932
FLUX  251   215.50        1.391148E+15   3.2506E-12   9.7473E-11   0.03335
FLUX  252   216.50        1.384723E+15   3.0773E-12   1.0924E-10   0.02817
FLUX  253   217.50        1.378356E+15   3.4853E-12   1.2184E-10   0.02861
FLUX  254   218.50        1.372048E+15   3.3221E-12   1.3546E-10   0.02452
FLUX  255   219.50        1.365797E+15   5.0173E-12   1.4999E-10   0.03345
FLUX  256   220.50        1.359603E+15   4.5928E-12   1.6543E-10   0.02776
FLUX  257   221.50        1.353465E+15   5.6883E-12   1.8184E-10   0.03128
FLUX  258   222.50        1.347382E+15   5.4843E-12   2.0342E-10   0.02696
FLUX  259   223.50        1.341353E+15   8.3002E-12   2.2223E-10   0.03735
FLUX  260   224.50        1.335379E+15   9.2998E-12   2.4196E-10   0.03843
FLUX  261   225.50        1.329457E+15   1.0119E-11   3.0246E-10   0.03345
FLUX  262   226.50        1.323587E+15   7.3964E-12   3.2548E-10   0.02272
FLUX  263   227.50        1.317769E+15   1.1102E-11   3.4898E-10   0.03181
FLUX  264   228.50        1.312002E+15   1.1638E-11   3.7294E-10   0.03121
FLUX  265   229.50        1.306285E+15   1.6582E-11   3.9736E-10   0.04173
FLUX  266   230.50        1.300618E+15   9.8409E-12   4.2235E-10   0.02330
FLUX  267   231.50        1.295000E+15   1.9192E-11   4.4786E-10   0.04285
FLUX  268   232.50        1.289430E+15   1.6379E-11   4.7388E-10   0.03456
FLUX  269   233.50        1.283908E+15   2.4205E-11   5.1327E-10   0.04716
FLUX  270   234.50        1.278433E+15   1.6751E-11   5.4023E-10   0.03101
FLUX  271   235.50        1.273004E+15   1.7287E-11   5.6775E-10   0.03045
FLUX  272   236.50        1.267622E+15   2.1357E-11   5.9584E-10   0.03584
FLUX  273   237.50        1.262284E+15   2.3120E-11   6.2454E-10   0.03702
FLUX  274   238.50        1.256992E+15   3.3084E-11   6.5395E-10   0.05059
FLUX  275   239.50        1.251743E+15   3.1686E-11   6.8408E-10   0.04632
FLUX  276   240.50        1.246538E+15   5.1576E-11   7.1497E-10   0.07214
FLUX  277   241.50        1.241377E+15   3.4573E-11   7.4668E-10   0.04630
FLUX  278   242.50        1.236258E+15   4.4745E-11   7.7927E-10   0.05742
FLUX  279   243.50        1.231181E+15   5.6126E-11   8.1279E-10   0.06905
FLUX  280   244.50        1.226145E+15   7.0570E-11   8.6647E-10   0.08145
FLUX  281   245.50        1.221151E+15   7.9583E-11   9.0118E-10   0.08831
FLUX  282   246.50        1.216197E+15   6.0592E-11   9.3683E-10   0.06468
FLUX  283   247.50        1.211283E+15   8.9118E-11   9.7345E-10   0.09155
FLUX  284   248.50        1.206408E+15   3.7986E-11   1.0111E-09   0.03757
FLUX  285   249.50        1.201573E+15   5.5850E-11   1.0498E-09   0.05320
FLUX  286   250.50        1.196776E+15   8.8491E-11   1.1039E-09   0.08016
FLUX  287   251.30        1.192967E+15   6.8215E-11   1.1360E-09   0.06005
FLUX  288   251.80        1.190598E+15   7.2343E-11   7.8170E-08   0.00093
FLUX  289   252.50        1.187297E+15   7.8066E-11   7.9828E-08   0.00098
FLUX  290   253.50        1.182613E+15   1.4908E-10   8.2170E-08   0.00181
FLUX  291   254.50        1.177967E+15   1.7821E-10   8.4489E-08   0.00211
FLUX  292   255.50        1.173356E+15   2.0827E-10   8.6826E-08   0.00240
FLUX  293   256.50        1.168782E+15   1.4229E-10   8.9187E-08   0.00160
FLUX  294   257.50        1.164243E+15   2.0337E-10   9.1576E-08   0.00222
FLUX  295   258.50        1.159739E+15   1.6066E-10   9.3993E-08   0.00171
FLUX  296   259.50        1.155270E+15   2.0047E-10   9.6431E-08   0.00208
FLUX  297   260.50        1.150835E+15   2.5808E-10   9.8909E-08   0.00261
FLUX  298   261.50        1.146434E+15   2.3228E-10   1.0142E-07   0.00229
FLUX  299   262.50        1.142067E+15   3.4272E-10   1.0398E-07   0.00330
FLUX  300   263.50        1.137732E+15   5.2669E-10   1.1079E-07   0.00475
FLUX  301   264.50        1.133431E+15   4.4269E-10   1.1333E-07   0.00391
FLUX  302   265.50        1.129162E+15   6.6635E-10   1.1592E-07   0.00575
FLUX  303   266.50        1.124925E+15   4.9480E-10   1.1855E-07   0.00417
FLUX  304   267.50        1.120720E+15   5.1192E-10   1.2121E-07   0.00422
FLUX  305   268.50        1.116546E+15   6.3613E-10   1.2391E-07   0.00513
FLUX  306   269.50        1.112403E+15   4.3980E-10   1.2663E-07   0.00347
FLUX  307   270.50        1.108290E+15   7.2414E-10   1.3434E-07   0.00539
FLUX  308   271.50        1.104208E+15   6.0901E-10   1.3689E-07   0.00445
FLUX  309   272.50        1.100156E+15   5.2651E-10   1.3946E-07   0.00378
FLUX  310   273.50        1.096133E+15   5.7947E-10   1.4205E-07   0.00408
FLUX  311   274.50        1.092140E+15   7.3377E-10   1.4467E-07   0.00507
FLUX  312   275.50        1.088176E+15   7.4481E-10   1.4731E-07   0.00506
FLUX  313   276.50        1.084240E+15   1.0454E-09   1.4993E-07   0.00697
FLUX  314   277.50        1.080333E+15   1.1952E-09   1.5257E-07   0.00783
FLUX  315   278.50        1.076454E+15   8.9382E-10   1.5525E-07   0.00576
FLUX  316   279.50        1.072603E+15   9.3651E-10   1.5796E-07   0.00593
FLUX  317   280.50        1.068779E+15   9.7014E-10   1.6071E-07   0.00604
FLUX  318   281.50        1.064982E+15   1.1195E-09   1.6350E-07   0.00685
FLUX  319   282.50        1.061212E+15   1.1228E-09   1.6636E-07   0.00675
FLUX  320   283.50        1.057469E+15   9.9197E-10   1.6927E-07   0.00586
FLUX  321   284.50        1.053752E+15   7.7680E-10   1.7221E-07   0.00451
FLUX  322   285.50        1.050061E+15   4.1022E-10   1.7519E-07   0.00234
FLUX  323   286.50        1.046396E+15   1.1053E-09   1.7820E-07   0.00620
FLUX  324   287.50        1.042757E+15   1.2731E-09   1.8125E-07   0.00702
FLUX  325   288.50        1.039142E+15   1.7271E-09   1.8432E-07   0.00937
FLUX  326   289.50        1.035553E+15   2.0767E-09   1.8738E-07   0.01108
FLUX  327   291.00        1.030215E+15   2.6626E-09   1.9525E-07   0.01364
FLUX  328   293.00        1.023183E+15   3.0564E-09   2.0123E-07   0.01519
FLUX  329   295.00        1.016246E+15   2.8925E-09   2.0794E-07   0.01391
FLUX  330   297.00        1.009402E+15   3.0187E-09   2.1395E-07   0.01411
FLUX  331   299.00        1.002650E+15   3.3554E-09   2.2005E-07   0.01525
FLUX  332   301.00        9.959884E+14   3.4625E-09   2.2628E-07   0.01530
FLUX  333   303.00        9.894142E+14   4.4275E-09   2.3257E-07   0.01904
FLUX  334   305.00        9.829262E+14   5.0333E-09   2.3882E-07   0.02108
FLUX  335   307.00        9.765228E+14   6.8153E-09   2.4510E-07   0.02781
FLUX  336   309.00        9.702023E+14   5.9329E-09   2.5400E-07   0.02336
FLUX  337   311.00        9.639630E+14   1.1510E-08   2.5995E-07   0.04428
FLUX  338   313.00        9.578035E+14   1.1628E-08   2.6653E-07   0.04363
FLUX  339   315.00        9.517222E+14   1.7666E-08   2.7225E-07   0.06489
FLUX  340   317.00        9.457177E+14   2.5434E-08   2.7788E-07   0.09153
FLUX  341   319.00        9.397884E+14   1.9398E-08   2.8359E-07   0.06840
FLUX  342   321.00        9.339330E+14   2.3187E-08   2.8941E-07   0.08012
FLUX  343   323.00        9.281501E+14   2.1438E-08   2.9583E-07   0.07247
FLUX  344   325.00        9.224385E+14   3.5505E-08   3.0144E-07   0.11778
FLUX  345   327.00        9.167966E+14   5.3101E-08   3.0709E-07   0.17292
FLUX  346   329.00        9.112234E+14   6.0986E-08   3.1321E-07   0.19471
FLUX  347   331.00        9.057175E+14   4.7530E-08   3.1894E-07   0.14903
FLUX  348   333.00        9.002778E+14   4.9565E-08   3.2461E-07   0.15269
FLUX  349   335.00        8.949030E+14   4.3813E-08   3.3023E-07   0.13268
FLUX  350   337.00        8.895920E+14   2.4440E-08   3.3619E-07   0.07270
FLUX  351   339.00        8.843436E+14   3.2785E-08   3.4238E-07   0.09575
FLUX  352   341.00        8.791569E+14   3.7290E-08   3.4830E-07   0.10706
FLUX  353   343.00        8.740306E+14   4.3704E-08   3.5419E-07   0.12339
FLUX  354   345.00        8.689638E+14   3.7421E-08   3.6042E-07   0.10383
FLUX  355   347.00        8.639553E+14   3.7544E-08   3.6692E-07   0.10232
FLUX  356   349.00        8.590043E+14   5.4970E-08   3.7346E-07   0.14719
FLUX  357   351.00        8.541097E+14   7.3936E-08   3.8005E-07   0.19454
FLUX  358   353.00        8.492705E+14   7.3858E-08   3.8669E-07   0.19100
FLUX  359   355.00        8.444859E+14   1.0526E-07   3.9372E-07   0.26735
FLUX  360   357.00        8.397549E+14   4.3902E-08   4.0139E-07   0.10937
FLUX  361   359.00        8.350766E+14   4.1219E-08   4.0913E-07   0.10075
FLUX  362   361.00        8.304501E+14   6.4296E-08   4.1694E-07   0.15421
FLUX  363   363.00        8.258746E+14   8.4076E-08   4.2482E-07   0.19791
FLUX  364   364.00        8.236058E+14   9.4573E-08   4.2884E-07   0.22053
FLUX  365   365.00        8.213493E+14   1.1507E-07   4.3682E-07   0.26343
FLUX  366   367.00        8.168733E+14   1.5410E-07   4.4576E-07   0.34571
FLUX  367   369.00        8.124458E+14   1.1629E-07   4.5476E-07   0.25572
FLUX  368   371.00        8.080660E+14   8.5905E-08   4.6391E-07   0.18518
FLUX  369   373.00        8.037332E+14   3.7186E-08   4.7302E-07   0.07861
FLUX  370   375.00        7.994467E+14   4.6956E-08   4.8218E-07   0.09738
FLUX  371   377.00        7.952056E+14   1.1811E-07   4.9856E-07   0.23690
FLUX  372   379.00        7.910092E+14   1.3332E-07   5.0861E-07   0.26213
FLUX  373   381.00        7.868569E+14   1.1520E-07   5.1867E-07   0.22211
FLUX  374   383.00        7.827480E+14   4.9369E-08   5.2876E-07   0.09337
FLUX  375   385.00        7.786818E+14   8.2418E-08   5.3901E-07   0.15291
FLUX  376   387.00        7.746576E+14   7.9187E-08   5.4916E-07   0.14420
FLUX  377   389.00        7.706748E+14   9.0809E-08   5.5982E-07   0.16221
FLUX  378   391.00        7.667327E+14   1.3124E-07   5.7061E-07   0.23000
FLUX  379   393.00        7.628308E+14   4.7908E-08   5.8138E-07   0.08240
FLUX  380   395.00        7.589683E+14   9.3740E-08   5.9214E-07   0.15831
FLUX  381   397.00        7.551448E+14   6.7473E-08   6.0287E-07   0.11192
FLUX  382   399.00        7.513596E+14   2.2514E-07   6.1359E-07   0.36692
FLUX  383   401.00        7.476122E+14   3.0753E-07   6.2477E-07   0.49223
FLUX  384   403.00        7.439020E+14   2.4064E-07   6.3609E-07   0.37831
FLUX  385   405.00        7.402284E+14   2.6142E-07   6.4732E-07   0.40384
FLUX  386   407.00        7.365909E+14   2.3504E-07   6.5849E-07   0.35694
FLUX  387   409.00        7.329890E+14   3.5024E-07   6.6960E-07   0.52307
FLUX  388   411.00        7.294221E+14   2.5362E-07   6.8064E-07   0.37262
FLUX  389   413.00        7.258898E+14   2.8277E-07   6.9164E-07   0.40884
FLUX  390   415.00        7.223916E+14   2.6228E-07   7.0294E-07   0.37313
FLUX  391   417.00        7.189269E+14   2.6804E-07   7.1425E-07   0.37528
FLUX  392   419.00        7.154952E+14   2.7652E-07   7.2541E-07   0.38119
FLUX  393   421.00        7.120962E+14   2.4297E-07   7.3648E-07   0.32990
FLUX  394   423.00        7.087293E+14   1.4257E-07   7.4749E-07   0.19073
FLUX  395   425.00        7.053941E+14   2.6386E-07   7.5844E-07   0.34790
FLUX  396   427.00        7.020902E+14   2.5591E-07   7.6933E-07   0.33264
FLUX  397   429.00        6.988170E+14   2.5503E-07   7.8023E-07   0.32687
FLUX  398   431.00        6.955742E+14   2.7563E-07   7.9110E-07   0.34841
FLUX  399   433.00        6.923614E+14   4.0642E-07   8.0193E-07   0.50680
FLUX  400   435.00        6.891782E+14   4.3719E-07   8.1278E-07   0.53789
FLUX  401   437.00        6.860240E+14   4.7095E-07   8.2354E-07   0.57186
FLUX  402   439.00        6.828986E+14   3.9269E-07   8.3428E-07   0.47069
FLUX  403   441.00        6.798016E+14   4.2244E-07   8.4501E-07   0.49993
FLUX  404   443.00        6.767325E+14   4.6698E-07   8.5572E-07   0.54571
FLUX  405   445.00        6.736910E+14   4.9238E-07   8.6646E-07   0.56827
FLUX  406   447.00        6.706767E+14   5.6126E-07   8.7718E-07   0.63985
FLUX  407   449.00        6.676893E+14   5.8594E-07   8.8790E-07   0.65992
FLUX  408   451.00        6.647284E+14   6.9009E-07   8.9862E-07   0.76795
FLUX  409   453.00        6.617936E+14   5.5571E-07   9.0934E-07   0.61111
FLUX  410   455.00        6.588846E+14   6.4119E-07   9.2007E-07   0.69689
FLUX  411   457.00        6.560011E+14   6.9825E-07   9.3080E-07   0.75016
FLUX  412   459.00        6.531427E+14   6.7126E-07   9.4154E-07   0.71294
FLUX  413   461.00        6.503091E+14   7.0065E-07   9.5229E-07   0.73575
FLUX  414   463.00        6.475000E+14   7.1652E-07   9.6306E-07   0.74401
FLUX  415   465.00        6.447150E+14   6.8970E-07   9.7384E-07   0.70823
FLUX  416   467.00        6.419540E+14   7.5239E-07   9.8462E-07   0.76414
FLUX  417   469.00        6.392164E+14   7.3671E-07   9.9542E-07   0.74010
FLUX  418   471.00        6.365021E+14   6.9077E-07   1.0062E-06   0.68650
FLUX  419   473.00        6.338108E+14   6.9576E-07   1.0171E-06   0.68410
FLUX  420   475.00        6.311421E+14   6.8808E-07   1.0279E-06   0.66941
FLUX  421   477.00        6.284958E+14   5.9768E-07   1.0388E-06   0.57538
FLUX  422   479.00        6.258716E+14   6.4006E-07   1.0496E-06   0.60980
FLUX  423   481.00        6.232692E+14   7.5390E-07   1.0605E-06   0.71090
FLUX  424   483.00        6.206884E+14   7.6098E-07   1.0714E-06   0.71029
FLUX  425   485.00        6.181289E+14   8.0511E-07   1.0829E-06   0.74347
FLUX  426   487.00        6.155903E+14   7.7223E-07   1.0938E-06   0.70599
FLUX  427   489.00        6.130726E+14   8.0613E-07   1.1047E-06   0.72970
FLUX  428   491.00        6.105753E+14   8.2012E-07   1.1157E-06   0.73508
FLUX  429   493.00        6.080984E+14   7.6767E-07   1.1266E-06   0.68138
FLUX  430   495.00        6.056414E+14   7.6208E-07   1.1376E-06   0.66990
FLUX  431   497.00        6.032042E+14   7.2091E-07   1.1486E-06   0.62765
FLUX  432   499.00        6.007866E+14   6.5395E-07   1.1596E-06   0.56396
FLUX  433   501.00        5.983882E+14   5.7396E-07   1.1706E-06   0.49033
FLUX  434   503.00        5.960089E+14   6.3528E-07   1.1816E-06   0.53766
FLUX  435   505.00        5.936485E+14   5.9717E-07   1.1926E-06   0.50073
FLUX  436   507.00        5.913067E+14   5.8402E-07   1.2036E-06   0.48522
FLUX  437   509.00        5.889833E+14   5.6943E-07   1.2146E-06   0.46881
FLUX  438   511.00        5.866781E+14   5.7909E-07   1.2257E-06   0.47247
FLUX  439   513.00        5.843908E+14   5.5793E-07   1.2367E-06   0.45115
FLUX  440   515.00        5.821214E+14   5.2862E-07   1.2477E-06   0.42366
FLUX  441   517.00        5.798694E+14   4.7878E-07   1.2588E-06   0.38035
FLUX  442   519.00        5.776349E+14   5.2535E-07   1.2698E-06   0.41372
FLUX  443   521.00        5.754175E+14   6.3299E-07   1.2809E-06   0.49418
FLUX  444   523.00        5.732170E+14   9.5040E-07   1.2919E-06   0.73564
FLUX  445   525.00        5.710333E+14   1.0342E-06   1.3030E-06   0.79371
FLUX  446   527.00        5.688662E+14   8.5669E-07   1.3140E-06   0.65196
FLUX  447   529.00        5.667155E+14   1.0681E-06   1.3251E-06   0.80605
FLUX  448   531.00        5.645810E+14   1.1631E-06   1.3361E-06   0.87052
FLUX  449   533.00        5.624625E+14   1.0089E-06   1.3472E-06   0.74889
FLUX  450   535.00        5.603598E+14   1.1021E-06   1.3582E-06   0.81145
FLUX  451   537.00        5.582728E+14   1.1068E-06   1.3693E-06   0.80828
FLUX  452   539.00        5.562013E+14   1.0959E-06   1.3806E-06   0.79379
FLUX  453   541.00        5.541451E+14   1.0769E-06   1.3916E-06   0.77386
FLUX  454   543.00        5.521040E+14   1.0925E-06   1.4027E-06   0.77885
FLUX  455   545.00        5.500780E+14   1.0936E-06   1.4137E-06   0.77360
FLUX  456   547.00        5.480667E+14   1.1446E-06   1.4247E-06   0.80339
FLUX  457   549.00        5.460701E+14   1.1685E-06   1.4357E-06   0.81387
FLUX  458   551.00        5.440880E+14   1.1313E-06   1.4468E-06   0.78198
FLUX  459   553.00        5.421202E+14   1.2308E-06   1.4578E-06   0.84429
FLUX  460   555.00        5.401667E+14   1.2678E-06   1.4689E-06   0.86315
FLUX  461   557.00        5.382271E+14   1.2380E-06   1.4799E-06   0.83653
FLUX  462   559.00        5.363014E+14   1.1491E-06   1.4909E-06   0.77077
FLUX  463   561.00        5.343895E+14   1.2269E-06   1.5019E-06   0.81687
FLUX  464   563.00        5.324911E+14   1.2992E-06   1.5132E-06   0.85861
FLUX  465   565.00        5.306062E+14   1.3537E-06   1.5242E-06   0.88814
FLUX  466   567.00        5.287346E+14   1.3329E-06   1.5351E-06   0.86827
FLUX  467   569.00        5.268761E+14   1.3629E-06   1.5461E-06   0.88149
FLUX  468   571.00        5.250306E+14   1.3354E-06   1.5571E-06   0.85765
FLUX  469   573.00        5.231981E+14   1.4471E-06   1.5680E-06   0.92285
FLUX  470   575.00        5.213783E+14   1.4525E-06   1.5790E-06   0.91989
FLUX  471   577.00        5.195711E+14   1.4625E-06   1.5899E-06   0.91992
FLUX  472   579.00        5.177763E+14   1.4200E-06   1.6008E-06   0.88709
FLUX  473   581.00        5.159940E+14   1.4844E-06   1.6116E-06   0.92104
FLUX  474   583.00        5.142238E+14   1.5289E-06   1.6225E-06   0.94229
FLUX  475   585.00        5.124658E+14   1.4705E-06   1.6334E-06   0.90029
FLUX  476   587.00        5.107198E+14   1.4402E-06   1.6442E-06   0.87594
FLUX  477   589.00        5.089856E+14   8.0007E-07   1.6550E-06   0.48342
FLUX  478   591.00        5.072631E+14   1.3445E-06   1.6658E-06   0.80712
FLUX  479   593.00        5.055523E+14   1.4891E-06   1.6766E-06   0.88814
FLUX  480   595.00        5.038529E+14   1.5152E-06   1.6875E-06   0.89789
FLUX  481   597.00        5.021650E+14   1.5496E-06   1.6982E-06   0.91248
FLUX  482   599.00        5.004883E+14   1.5609E-06   1.7089E-06   0.91339
FLUX  483   601.00        4.988228E+14   1.5605E-06   1.7196E-06   0.90745
FLUX  484   603.00        4.971683E+14   1.6097E-06   1.7303E-06   0.93025
FLUX  485   605.00        4.955248E+14   1.6449E-06   1.7411E-06   0.94475
FLUX  486   607.00        4.938921E+14   1.6480E-06   1.7517E-06   0.94081
FLUX  487   609.00        4.922701E+14   1.6362E-06   1.7624E-06   0.92838
FLUX  488   611.00        4.906588E+14   1.6295E-06   1.7730E-06   0.91906
FLUX  489   613.00        4.890579E+14   1.5417E-06   1.7836E-06   0.86437
FLUX  490   615.00        4.874675E+14   1.6468E-06   1.7942E-06   0.91781
FLUX  491   617.00        4.858874E+14   1.4267E-06   1.8048E-06   0.79051
FLUX  492   619.00        4.843174E+14   1.6320E-06   1.8154E-06   0.89900
FLUX  493   621.00        4.827576E+14   1.6301E-06   1.8259E-06   0.89277
FLUX  494   623.00        4.812079E+14   1.5824E-06   1.8364E-06   0.86170
FLUX  495   625.00        4.796680E+14   1.5704E-06   1.8469E-06   0.85030
FLUX  496   627.00        4.781380E+14   1.6454E-06   1.8578E-06   0.88570
FLUX  497   629.00        4.766176E+14   1.7036E-06   1.8682E-06   0.91185
FLUX  498   631.00        4.751070E+14   1.6867E-06   1.8787E-06   0.89781
FLUX  499   633.00        4.736058E+14   1.7190E-06   1.8891E-06   0.90999
FLUX  500   635.00        4.721142E+14   1.7454E-06   1.8995E-06   0.91889
FLUX  501   637.00        4.706319E+14   1.7459E-06   1.9098E-06   0.91417
FLUX  502   639.00        4.691588E+14   1.7938E-06   1.9202E-06   0.93419
FLUX  503   641.00        4.676950E+14   1.7739E-06   1.9305E-06   0.91891
FLUX  504   643.00        4.662403E+14   1.7668E-06   1.9407E-06   0.91035
FLUX  505   645.00        4.647946E+14   1.7237E-06   1.9510E-06   0.88350
FLUX  506   647.00        4.633578E+14   1.7448E-06   1.9612E-06   0.88964
FLUX  507   649.00        4.619299E+14   1.7518E-06   1.9714E-06   0.88862
FLUX  508   651.00        4.605107E+14   1.8380E-06   1.9817E-06   0.92748
FLUX  509   653.00        4.591003E+14   1.8928E-06   1.9918E-06   0.95029
FLUX  510   655.00        4.576985E+14   1.8743E-06   2.0035E-06   0.93553
FLUX  511   657.00        4.563052E+14   1.8677E-06   2.0136E-06   0.92756
FLUX  512   659.00        4.549203E+14   1.9040E-06   2.0236E-06   0.94088
FLUX  513   661.00        4.535439E+14   1.9249E-06   2.0337E-06   0.94649
FLUX  514   663.00        4.521757E+14   1.9304E-06   2.0437E-06   0.94455
FLUX  515   665.00        4.508158E+14   1.9246E-06   2.0537E-06   0.93716
FLUX  516   667.00        4.494640E+14   1.9021E-06   2.0636E-06   0.92173
FLUX  517   669.00        4.481203E+14   1.8998E-06   2.0736E-06   0.91619
FLUX  518   671.00        4.467846E+14   1.8744E-06   2.0835E-06   0.89965
FLUX  519   673.00        4.454569E+14   1.8996E-06   2.0933E-06   0.90745
FLUX  520   675.00        4.441370E+14   1.8929E-06   2.1032E-06   0.90001
FLUX  521   677.00        4.428250E+14   1.9416E-06   2.1130E-06   0.91887
FLUX  522   679.00        4.415206E+14   1.9179E-06   2.1228E-06   0.90346
FLUX  523   681.00        4.402239E+14   1.9508E-06   2.1326E-06   0.91477
FLUX  524   683.00        4.389348E+14   1.9949E-06   2.1423E-06   0.93122
FLUX  525   685.00        4.376533E+14   1.9909E-06   2.1520E-06   0.92514
FLUX  526   687.00        4.363792E+14   2.0077E-06   2.1617E-06   0.92878
FLUX  527   689.00        4.351125E+14   2.0386E-06   2.1713E-06   0.93889
FLUX  528   691.00        4.338531E+14   2.0643E-06   2.1809E-06   0.94651
FLUX  529   693.00        4.326010E+14   2.0633E-06   2.1905E-06   0.94195
FLUX  530   695.00        4.313561E+14   2.0818E-06   2.2001E-06   0.94627
FLUX  531   697.00        4.301184E+14   2.1205E-06   2.2096E-06   0.95969
FLUX  532   699.00        4.288877E+14   2.1090E-06   2.2191E-06   0.95038
FLUX  533   701.00        4.276640E+14   2.1193E-06   2.2285E-06   0.95100
FLUX  534   703.00        4.264474E+14   2.1506E-06   2.2380E-06   0.96097
FLUX  535   705.00        4.252376E+14   2.1496E-06   2.2474E-06   0.95649
FLUX  536   707.00        4.240346E+14   2.0727E-06   2.2567E-06   0.91844
FLUX  537   709.00        4.228385E+14   2.0441E-06   2.2660E-06   0.90207
FLUX  538   711.00        4.216491E+14   2.0634E-06   2.2753E-06   0.90683
FLUX  539   713.00        4.204663E+14   1.9984E-06   2.2846E-06   0.87472
FLUX  540   715.00        4.192902E+14   1.9659E-06   2.2938E-06   0.85704
FLUX  541   717.00        4.181206E+14   2.0612E-06   2.3030E-06   0.89498
FLUX  542   719.00        4.169576E+14   2.0748E-06   2.3122E-06   0.89735
FLUX  543   721.00        4.158010E+14   2.0777E-06   2.3213E-06   0.89505
FLUX  544   723.00        4.146508E+14   2.1711E-06   2.3304E-06   0.93162
FLUX  545   725.00        4.135069E+14   2.1821E-06   2.3404E-06   0.93237
FLUX  546   727.00        4.123693E+14   2.2266E-06   2.3494E-06   0.94773
FLUX  547   729.00        4.112380E+14   2.2339E-06   2.3584E-06   0.94722
FLUX  548   731.00        4.101129E+14   2.2603E-06   2.3693E-06   0.95401
FLUX  549   733.00        4.089939E+14   2.2412E-06   2.3782E-06   0.94239
FLUX  550   735.00        4.078809E+14   2.2690E-06   2.3871E-06   0.95051
FLUX  551   737.00        4.067741E+14   2.3103E-06   2.3960E-06   0.96427
FLUX  552   739.00        4.056732E+14   2.3070E-06   2.4048E-06   0.95933
FLUX  553   741.00        4.045783E+14   2.3056E-06   2.4136E-06   0.95526
FLUX  554   743.00        4.034892E+14   2.3384E-06   2.4223E-06   0.96536
FLUX  555   745.00        4.024060E+14   2.3383E-06   2.4310E-06   0.96185
FLUX  556   747.00        4.013286E+14   2.3647E-06   2.4397E-06   0.96923
FLUX  557   749.00        4.002570E+14   2.3701E-06   2.4484E-06   0.96803
FLUX  558   751.00        3.991911E+14   2.3911E-06   2.4570E-06   0.97319
FLUX  559   753.00        3.981308E+14   2.4171E-06   2.4656E-06   0.98033
FLUX  560   755.00        3.970762E+14   2.4290E-06   2.4742E-06   0.98174
FLUX  561   757.00        3.960271E+14   2.4312E-06   2.4827E-06   0.97926
FLUX  562   759.00        3.949835E+14   2.4221E-06   2.4912E-06   0.97228
FLUX  563   761.00        3.939455E+14   2.4227E-06   2.4996E-06   0.96920
FLUX  564   763.00        3.929128E+14   2.4416E-06   2.5081E-06   0.97350
FLUX  565   765.00        3.918856E+14   2.4423E-06   2.5165E-06   0.97054
FLUX  566   767.00        3.908638E+14   2.3194E-06   2.5248E-06   0.91862
FLUX  567   769.00        3.898472E+14   2.4289E-06   2.5332E-06   0.95882
FLUX  568   771.00        3.888359E+14   2.3847E-06   2.5415E-06   0.93831
FLUX  569   773.00        3.878299E+14   2.4542E-06   2.5497E-06   0.96254
FLUX  570   775.00        3.868290E+14   2.4370E-06   2.5580E-06   0.95273
FLUX  571   777.00        3.858333E+14   2.4878E-06   2.5662E-06   0.96947
FLUX  572   779.00        3.848427E+14   2.4941E-06   2.5743E-06   0.96884
FLUX  573   781.00        3.838572E+14   2.5115E-06   2.5825E-06   0.97250
FLUX  574   783.00        3.828768E+14   2.4900E-06   2.5906E-06   0.96119
FLUX  575   785.00        3.819013E+14   2.5093E-06   2.5987E-06   0.96561
FLUX  576   787.00        3.809307E+14   2.5496E-06   2.6067E-06   0.97810
FLUX  577   789.00        3.799651E+14   2.5496E-06   2.6147E-06   0.97509
FLUX  578   791.00        3.790044E+14   2.5379E-06   2.6227E-06   0.96767
FLUX  579   793.00        3.780485E+14   2.5302E-06   2.6306E-06   0.96184
FLUX  580   795.00        3.770975E+14   2.5218E-06   2.6385E-06   0.95577
FLUX  581   797.00        3.761512E+14   2.5932E-06   2.6464E-06   0.97990
FLUX  582   799.00        3.752096E+14   2.5891E-06   2.6542E-06   0.97546
FLUX  583   801.00        3.742728E+14   2.5931E-06   2.6620E-06   0.97412
FLUX  584   803.00        3.733406E+14   2.6099E-06   2.6698E-06   0.97757
FLUX  585   805.00        3.724130E+14   2.6056E-06   2.6775E-06   0.97314
FLUX  586   807.00        3.714901E+14   2.6184E-06   2.6852E-06   0.97512
FLUX  587   809.00        3.705717E+14   2.6140E-06   2.6928E-06   0.97071
FLUX  588   811.00        3.696578E+14   2.6337E-06   2.7005E-06   0.97528
FLUX  589   813.00        3.687485E+14   2.6646E-06   2.7080E-06   0.98397
FLUX  590   815.00        3.678436E+14   2.6718E-06   2.7156E-06   0.98388
FLUX  591   817.00        3.669431E+14   2.6761E-06   2.7231E-06   0.98273
FLUX  592   819.00        3.660470E+14   2.5124E-06   2.7306E-06   0.92011
FLUX  593   821.00        3.651553E+14   2.6367E-06   2.7381E-06   0.96296
FLUX  594   823.00        3.642679E+14   2.6642E-06   2.7455E-06   0.97038
FLUX  595   825.00        3.633848E+14   2.6865E-06   2.7529E-06   0.97588
FLUX  596   827.00        3.625060E+14   2.7179E-06   2.7603E-06   0.98464
FLUX  597   829.00        3.616315E+14   2.7140E-06   2.7676E-06   0.98062
FLUX  598   831.00        3.607611E+14   2.6829E-06   2.7749E-06   0.96684
FLUX  599   833.00        3.598950E+14   2.6471E-06   2.7822E-06   0.95145
FLUX  600   835.00        3.590329E+14   2.6986E-06   2.7894E-06   0.96744
FLUX  601   837.00        3.581750E+14   2.7127E-06   2.7966E-06   0.97000
FLUX  602   839.00        3.573212E+14   2.5984E-06   2.8038E-06   0.92676
FLUX  603   841.00        3.564715E+14   2.7313E-06   2.8109E-06   0.97169
FLUX  604   843.00        3.556257E+14   2.6538E-06   2.8180E-06   0.94174
FLUX  605   845.00        3.547840E+14   2.7397E-06   2.8251E-06   0.96979
FLUX  606   847.00        3.539463E+14   2.7229E-06   2.8321E-06   0.96143
FLUX  607   849.00        3.531125E+14   2.7211E-06   2.8392E-06   0.95842
FLUX  608   851.00        3.522826E+14   2.6282E-06   2.8461E-06   0.92344
FLUX  609   853.00        3.514566E+14   2.7157E-06   2.8531E-06   0.95184
FLUX  610   855.00        3.506345E+14   2.3863E-06   2.8600E-06   0.83436
FLUX  611   857.00        3.498162E+14   2.8072E-06   2.8669E-06   0.97917
FLUX  612   859.00        3.490017E+14   2.8046E-06   2.8738E-06   0.97593
FLUX  613   861.00        3.481911E+14   2.8086E-06   2.8806E-06   0.97501
FLUX  614   863.00        3.473841E+14   2.8300E-06   2.8874E-06   0.98010
FLUX  615   865.00        3.465809E+14   2.8183E-06   2.8942E-06   0.97379
FLUX  616   867.00        3.457814E+14   2.4730E-06   2.9009E-06   0.85248
FLUX  617   869.00        3.449856E+14   2.7243E-06   2.9076E-06   0.93694
FLUX  618   871.00        3.441935E+14   2.8582E-06   2.9143E-06   0.98075
FLUX  619   873.00        3.434049E+14   2.8584E-06   2.9210E-06   0.97857
FLUX  620   875.00        3.426200E+14   2.8750E-06   2.9276E-06   0.98204
FLUX  621   877.00        3.418387E+14   2.8722E-06   2.9342E-06   0.97887
FLUX  622   879.00        3.410609E+14   2.8964E-06   2.9408E-06   0.98492
FLUX  623   881.00        3.402866E+14   2.8039E-06   2.9473E-06   0.95133
FLUX  624   883.00        3.395159E+14   2.8493E-06   2.9538E-06   0.96460
FLUX  625   885.00        3.387486E+14   2.9123E-06   2.9603E-06   0.98378
FLUX  626   887.00        3.379848E+14   2.8728E-06   2.9667E-06   0.96834
FLUX  627   889.00        3.372244E+14   2.9171E-06   2.9732E-06   0.98116
FLUX  628   891.00        3.364674E+14   2.9307E-06   2.9796E-06   0.98361
FLUX  629   893.00        3.357139E+14   2.9121E-06   2.9859E-06   0.97528
FLUX  630   895.00        3.349637E+14   2.9101E-06   2.9923E-06   0.97254
FLUX  631   897.00        3.342168E+14   2.9280E-06   2.9986E-06   0.97645
FLUX  632   899.00        3.334733E+14   2.9506E-06   3.0048E-06   0.98194
FLUX  633   901.00        3.327331E+14   2.8682E-06   3.0111E-06   0.95254
FLUX  634   903.00        3.319961E+14   2.9492E-06   3.0173E-06   0.97745
FLUX  635   905.00        3.312624E+14   2.9957E-06   3.0235E-06   0.99081
FLUX  636   907.00        3.305320E+14   3.0021E-06   3.0296E-06   0.99091
FLUX  637   909.00        3.298047E+14   2.9450E-06   3.0357E-06   0.97011
FLUX  638   911.00        3.290807E+14   2.9624E-06   3.0418E-06   0.97388
FLUX  639   913.00        3.283598E+14   3.0108E-06   3.0479E-06   0.98783
FLUX  640   915.00        3.276421E+14   2.9939E-06   3.0539E-06   0.98035
FLUX  641   917.00        3.269275E+14   2.9904E-06   3.0599E-06   0.97727
FLUX  642   919.00        3.262160E+14   3.0108E-06   3.0659E-06   0.98202
FLUX  643   921.00        3.255076E+14   2.9859E-06   3.0719E-06   0.97201
FLUX  644   923.00        3.248023E+14   3.0101E-06   3.0778E-06   0.97800
FLUX  645   925.00        3.241000E+14   2.9828E-06   3.0837E-06   0.96728
FLUX  646   927.00        3.234008E+14   3.0174E-06   3.0897E-06   0.97662
FLUX  647   929.00        3.227045E+14   3.0115E-06   3.0955E-06   0.97285
FLUX  648   931.00        3.220113E+14   3.0516E-06   3.1014E-06   0.98393
FLUX  649   933.00        3.213210E+14   3.0582E-06   3.1072E-06   0.98421
FLUX  650   935.00        3.206337E+14   3.0558E-06   3.1130E-06   0.98160
FLUX  651   937.00        3.199493E+14   3.0458E-06   3.1188E-06   0.97658
FLUX  652   939.00        3.192678E+14   3.0663E-06   3.1246E-06   0.98135
FLUX  653   941.00        3.185893E+14   3.0199E-06   3.1303E-06   0.96471
FLUX  654   943.00        3.179136E+14   3.0696E-06   3.1361E-06   0.97880
FLUX  655   945.00        3.172407E+14   3.0363E-06   3.1418E-06   0.96645
FLUX  656   947.00        3.165707E+14   3.0916E-06   3.1474E-06   0.98226
FLUX  657   949.00        3.159036E+14   3.1065E-06   3.1531E-06   0.98523
FLUX  658   951.00        3.152392E+14   3.1106E-06   3.1587E-06   0.98476
FLUX  659   953.00        3.145776E+14   3.1035E-06   3.1643E-06   0.98078
FLUX  660   955.00        3.139188E+14   3.0822E-06   3.1698E-06   0.97235
FLUX  661   957.00        3.132628E+14   3.1073E-06   3.1754E-06   0.97857
FLUX  662   959.00        3.126095E+14   3.1445E-06   3.1809E-06   0.98857
FLUX  663   961.00        3.119589E+14   3.1142E-06   3.1864E-06   0.97734
FLUX  664   963.00        3.113110E+14   3.1404E-06   3.1919E-06   0.98387
FLUX  665   965.00        3.106658E+14   3.0547E-06   3.1973E-06   0.95539
FLUX  666   967.00        3.100233E+14   3.0791E-06   3.2027E-06   0.96140
FLUX  667   969.00        3.093834E+14   3.1438E-06   3.2081E-06   0.97995
FLUX  668   971.00        3.087461E+14   3.1232E-06   3.2135E-06   0.97191
FLUX  669   973.00        3.081115E+14   3.1197E-06   3.2188E-06   0.96920
FLUX  670   975.00        3.074795E+14   3.1290E-06   3.2242E-06   0.97048
FLUX  671   977.00        3.068500E+14   3.1592E-06   3.2295E-06   0.97825
FLUX  672   979.00        3.062232E+14   3.1050E-06   3.2348E-06   0.95989
FLUX  673   981.00        3.055989E+14   3.2003E-06   3.2400E-06   0.98772
FLUX  674   983.00        3.049771E+14   3.1791E-06   3.2453E-06   0.97960
FLUX  675   985.00        3.043579E+14   3.2186E-06   3.2505E-06   0.99019
FLUX  676   987.00        3.037411E+14   3.2166E-06   3.2557E-06   0.98798
FLUX  677   989.00        3.031269E+14   3.2256E-06   3.2609E-06   0.98919
FLUX  678   991.00        3.025151E+14   3.2257E-06   3.2660E-06   0.98765
FLUX  679   993.00        3.019058E+14   3.2397E-06   3.2712E-06   0.99038
FLUX  680   995.00        3.012990E+14   3.2422E-06   3.2763E-06   0.98959
FLUX  681   997.00        3.006946E+14   3.2518E-06   3.2814E-06   0.99098
FLUX  682   999.00        3.000926E+14   3.2601E-06   3.2865E-06   0.99197
FLUX  683  1002.50        2.990449E+14   3.2605E-06   3.2954E-06   0.98940
FLUX  684  1007.50        2.975608E+14   3.2686E-06   3.3080E-06   0.98809
FLUX  685  1012.50        2.960914E+14   3.2931E-06   3.3205E-06   0.99175
FLUX  686  1017.50        2.946364E+14   3.2947E-06   3.3329E-06   0.98856
FLUX  687  1022.50        2.931956E+14   3.3098E-06   3.3452E-06   0.98940
FLUX  688  1027.50        2.917689E+14   3.3385E-06   3.3575E-06   0.99435
FLUX  689  1032.50        2.903559E+14   3.3200E-06   3.3697E-06   0.98525
FLUX  690  1037.50        2.889566E+14   3.3403E-06   3.3818E-06   0.98773
FLUX  691  1042.50        2.875707E+14   3.3755E-06   3.3938E-06   0.99461
FLUX  692  1047.50        2.861981E+14   3.3717E-06   3.4057E-06   0.99003
FLUX  693  1052.50        2.848385E+14   3.4018E-06   3.4175E-06   0.99542
FLUX  694  1057.50        2.834917E+14   3.3922E-06   3.4291E-06   0.98924
FLUX  695  1062.50        2.821576E+14   3.4125E-06   3.4407E-06   0.99180
FLUX  696  1067.50        2.808361E+14   3.4015E-06   3.4522E-06   0.98532
FLUX  697  1072.50        2.795268E+14   3.4235E-06   3.4636E-06   0.98842
FLUX  698  1077.50        2.782297E+14   3.4285E-06   3.4751E-06   0.98660
FLUX  699  1082.50        2.769446E+14   3.3857E-06   3.4865E-06   0.97110
FLUX  700  1087.50        2.756713E+14   3.4367E-06   3.4979E-06   0.98250
FLUX  701  1092.50        2.744096E+14   3.4638E-06   3.5092E-06   0.98705
FLUX  702  1097.50        2.731595E+14   3.4100E-06   3.5205E-06   0.96862
FLUX  703  1102.50        2.719206E+14   3.4328E-06   3.5317E-06   0.97201
FLUX  704  1107.50        2.706930E+14   3.4655E-06   3.5428E-06   0.97817
FLUX  705  1112.50        2.694764E+14   3.4737E-06   3.5539E-06   0.97743
FLUX  706  1117.50        2.682707E+14   3.4894E-06   3.5650E-06   0.97879
FLUX  707  1122.50        2.670757E+14   3.5130E-06   3.5761E-06   0.98235
FLUX  708  1127.50        2.658913E+14   3.4784E-06   3.5872E-06   0.96968
FLUX  709  1132.50        2.647174E+14   3.5302E-06   3.5983E-06   0.98109
FLUX  710  1137.50        2.635538E+14   3.5009E-06   3.6094E-06   0.96995
FLUX  711  1142.50        2.624004E+14   3.4962E-06   3.6204E-06   0.96567
FLUX  712  1147.50        2.612571E+14   3.5808E-06   3.6315E-06   0.98604
FLUX  713  1152.50        2.601236E+14   3.6051E-06   3.6426E-06   0.98971
FLUX  714  1157.50        2.590000E+14   3.5963E-06   3.6536E-06   0.98431
FLUX  715  1162.50        2.578860E+14   3.5634E-06   3.6647E-06   0.97236
FLUX  716  1167.50        2.567816E+14   3.6038E-06   3.6758E-06   0.98042
FLUX  717  1172.50        2.556866E+14   3.6608E-06   3.6869E-06   0.99293
FLUX  718  1177.50        2.546008E+14   3.6183E-06   3.6981E-06   0.97843
FLUX  719  1182.50        2.535243E+14   3.6014E-06   3.7093E-06   0.97092
FLUX  720  1187.50        2.524568E+14   3.6147E-06   3.7205E-06   0.97156
FLUX  721  1192.50        2.513983E+14   3.7098E-06   3.7318E-06   0.99411
FLUX  722  1197.50        2.503486E+14   3.5874E-06   3.7431E-06   0.95840
FLUX  723  1202.50        2.493077E+14   3.6942E-06   3.7544E-06   0.98396
FLUX  724  1207.50        2.482754E+14   3.6738E-06   3.7657E-06   0.97559
FLUX  725  1212.50        2.472515E+14   3.7403E-06   3.7771E-06   0.99026
FLUX  726  1217.50        2.462361E+14   3.7709E-06   3.7886E-06   0.99533
FLUX  727  1222.50        2.452290E+14   3.7813E-06   3.8001E-06   0.99503
FLUX  728  1227.50        2.442301E+14   3.7807E-06   3.8118E-06   0.99184
FLUX  729  1232.50        2.432393E+14   3.7945E-06   3.8235E-06   0.99242
FLUX  730  1237.50        2.422566E+14   3.8134E-06   3.8354E-06   0.99427
FLUX  731  1242.50        2.412817E+14   3.8043E-06   3.8473E-06   0.98881
FLUX  732  1247.50        2.403146E+14   3.8415E-06   3.8594E-06   0.99535
FLUX  733  1252.50        2.393553E+14   3.8355E-06   3.8716E-06   0.99067
FLUX  734  1257.50        2.384036E+14   3.8650E-06   3.8839E-06   0.99515
FLUX  735  1262.50        2.374594E+14   3.8712E-06   3.8963E-06   0.99356
FLUX  736  1267.50        2.365227E+14   3.8608E-06   3.9089E-06   0.98769
FLUX  737  1272.50        2.355933E+14   3.9000E-06   3.9216E-06   0.99448
FLUX  738  1277.50        2.346712E+14   3.9215E-06   3.9346E-06   0.99669
FLUX  739  1282.50        2.337563E+14   3.8529E-06   3.9477E-06   0.97599
FLUX  740  1287.50        2.328485E+14   3.9231E-06   3.9610E-06   0.99044
FLUX  741  1292.50        2.319478E+14   3.9004E-06   3.9744E-06   0.98136
FLUX  742  1297.50        2.310539E+14   3.9655E-06   3.9880E-06   0.99436
FLUX  743  1302.50        2.301670E+14   3.9610E-06   4.0018E-06   0.98980
FLUX  744  1307.50        2.292868E+14   3.9959E-06   4.0157E-06   0.99506
FLUX  745  1312.50        2.284133E+14   3.8979E-06   4.0299E-06   0.96725
FLUX  746  1317.50        2.275465E+14   3.9505E-06   4.0442E-06   0.97684
FLUX  747  1322.50        2.266862E+14   4.0300E-06   4.0587E-06   0.99294
FLUX  748  1327.50        2.258324E+14   4.0041E-06   4.0733E-06   0.98299
FLUX  749  1332.50        2.249850E+14   4.0148E-06   4.0882E-06   0.98204
FLUX  750  1337.50        2.241439E+14   4.0351E-06   4.1033E-06   0.98337
FLUX  751  1342.50        2.233091E+14   4.0620E-06   4.1187E-06   0.98622
FLUX  752  1347.50        2.224805E+14   4.0812E-06   4.1343E-06   0.98714
FLUX  753  1352.50        2.216580E+14   4.0937E-06   4.1503E-06   0.98635
FLUX  754  1357.50        2.208416E+14   4.0806E-06   4.1666E-06   0.97936
FLUX  755  1362.50        2.200312E+14   4.0853E-06   4.1832E-06   0.97660
FLUX  756  1367.50        2.192267E+14   4.1379E-06   4.2000E-06   0.98521
FLUX  757  1372.50        2.184280E+14   4.1714E-06   4.2171E-06   0.98918
FLUX  758  1377.50        2.176352E+14   4.1761E-06   4.2344E-06   0.98624
FLUX  759  1382.50        2.168481E+14   4.2027E-06   4.2520E-06   0.98842
FLUX  760  1387.50        2.160667E+14   4.1866E-06   4.2698E-06   0.98051
FLUX  761  1392.50        2.152908E+14   4.1252E-06   4.2880E-06   0.96205
FLUX  762  1397.50        2.145206E+14   4.1847E-06   4.3065E-06   0.97171
FLUX  763  1402.50        2.137558E+14   4.1899E-06   4.3254E-06   0.96868
FLUX  764  1407.50        2.129964E+14   4.2337E-06   4.3446E-06   0.97448
FLUX  765  1412.50        2.122425E+14   4.1958E-06   4.3642E-06   0.96143
FLUX  766  1417.50        2.114938E+14   4.2490E-06   4.3840E-06   0.96920
FLUX  767  1422.50        2.107504E+14   4.2264E-06   4.4043E-06   0.95960
FLUX  768  1427.50        2.100123E+14   4.1296E-06   4.4248E-06   0.93327
FLUX  769  1432.50        2.092792E+14   4.2881E-06   4.4456E-06   0.96458
FLUX  770  1437.50        2.085513E+14   4.3187E-06   4.4667E-06   0.96688
FLUX  771  1442.50        2.078284E+14   4.2715E-06   4.4881E-06   0.95175
FLUX  772  1447.50        2.071105E+14   4.3701E-06   4.5098E-06   0.96903
FLUX  773  1452.50        2.063976E+14   4.3307E-06   4.5319E-06   0.95559
FLUX  774  1457.00        2.057601E+14   4.3494E-06   4.5521E-06   0.95547
FLUX  775  1462.00        2.050564E+14   4.3253E-06   4.5756E-06   0.94529
FLUX  776  1467.50        2.042879E+14   4.3553E-06   4.6014E-06   0.94652
FLUX  777  1472.50        2.035942E+14   4.3605E-06   4.6250E-06   0.94281
FLUX  778  1477.50        2.029052E+14   4.3894E-06   4.6490E-06   0.94416
FLUX  779  1482.50        2.022209E+14   4.4406E-06   4.6732E-06   0.95023
FLUX  780  1487.50        2.015412E+14   4.2987E-06   4.6976E-06   0.91508
FLUX  781  1492.50        2.008660E+14   4.5385E-06   4.7223E-06   0.96108
FLUX  782  1497.50        2.001953E+14   4.5445E-06   4.7472E-06   0.95732
FLUX  783  1502.50        1.995291E+14   4.2069E-06   4.7722E-06   0.88153
FLUX  784  1507.50        1.988673E+14   4.4247E-06   4.7975E-06   0.92230
FLUX  785  1512.50        1.982099E+14   4.5857E-06   4.8229E-06   0.95081
FLUX  786  1517.50        1.975568E+14   4.6285E-06   4.8486E-06   0.95460
FLUX  787  1522.50        1.969080E+14   4.6368E-06   4.8743E-06   0.95127
FLUX  788  1527.50        1.962635E+14   4.6571E-06   4.9002E-06   0.95040
FLUX  789  1532.50        1.956232E+14   4.7089E-06   4.9260E-06   0.95593
FLUX  790  1537.50        1.949870E+14   4.7085E-06   4.9516E-06   0.95091
FLUX  791  1542.50        1.943549E+14   4.7127E-06   4.9771E-06   0.94689
FLUX  792  1547.50        1.937270E+14   4.8194E-06   5.0024E-06   0.96341
FLUX  793  1552.50        1.931031E+14   4.7563E-06   5.0276E-06   0.94604
FLUX  794  1557.50        1.924831E+14   4.7823E-06   5.0524E-06   0.94654
FLUX  795  1562.50        1.918672E+14   4.8733E-06   5.0767E-06   0.95995
FLUX  796  1567.50        1.912552E+14   4.8181E-06   5.1005E-06   0.94463
FLUX  797  1572.50        1.906471E+14   4.8146E-06   5.1237E-06   0.93968
FLUX  798  1577.50        1.900428E+14   4.5756E-06   5.1462E-06   0.88913
FLUX  799  1582.50        1.894423E+14   4.8632E-06   5.1676E-06   0.94108
FLUX  800  1587.50        1.888457E+14   4.7525E-06   5.1880E-06   0.91607
FLUX  801  1592.50        1.882527E+14   4.8955E-06   5.2071E-06   0.94017
FLUX  802  1597.50        1.876635E+14   4.9377E-06   5.2250E-06   0.94503
FLUX  803  1605.00        1.867866E+14   4.9691E-06   5.2487E-06   0.94672
FLUX  804  1615.00        1.856300E+14   4.9477E-06   5.2730E-06   0.93831
FLUX  805  1625.00        1.844877E+14   4.9816E-06   5.2866E-06   0.94230
FLUX  806  1635.00        1.833593E+14   5.0176E-06   5.2827E-06   0.94982
FLUX  807  1645.00        1.822447E+14   4.9988E-06   5.2545E-06   0.95134
FLUX  808  1655.00        1.811435E+14   5.0414E-06   5.2097E-06   0.96771
FLUX  809  1665.00        1.800556E+14   4.9823E-06   5.1653E-06   0.96457
FLUX  810  1675.00        1.789806E+14   4.8600E-06   5.1216E-06   0.94892
FLUX  811  1685.00        1.779184E+14   4.8951E-06   5.0783E-06   0.96393
FLUX  812  1695.00        1.768687E+14   4.9210E-06   5.0355E-06   0.97727
FLUX  813  1705.00        1.758314E+14   4.8181E-06   4.9931E-06   0.96496
FLUX  814  1715.00        1.748061E+14   4.7083E-06   4.9513E-06   0.95092
FLUX  815  1725.00        1.737928E+14   4.7160E-06   4.9099E-06   0.96050
FLUX  816  1735.00        1.727911E+14   4.6603E-06   4.8691E-06   0.95712
FLUX  817  1745.00        1.718009E+14   4.6447E-06   4.8287E-06   0.96190
FLUX  818  1755.00        1.708219E+14   4.6105E-06   4.7887E-06   0.96278
FLUX  819  1765.00        1.698541E+14   4.5811E-06   4.7492E-06   0.96461
FLUX  820  1775.00        1.688972E+14   4.5148E-06   4.7101E-06   0.95852
FLUX  821  1785.00        1.679510E+14   4.4951E-06   4.6715E-06   0.96224
FLUX  822  1795.00        1.670153E+14   4.4724E-06   4.6334E-06   0.96527
FLUX  823  1805.00        1.660900E+14   4.3797E-06   4.5956E-06   0.95301
FLUX  824  1815.00        1.651749E+14   4.3755E-06   4.5583E-06   0.95990
FLUX  825  1825.00        1.642699E+14   4.3050E-06   4.5214E-06   0.95213
FLUX  826  1835.00        1.633747E+14   4.2767E-06   4.4848E-06   0.95360
FLUX  827  1845.00        1.624892E+14   4.1491E-06   4.4486E-06   0.93268
FLUX  828  1855.00        1.616132E+14   4.1828E-06   4.4128E-06   0.94787
FLUX  829  1865.00        1.607466E+14   4.1368E-06   4.3774E-06   0.94502
FLUX  830  1875.00        1.598893E+14   4.0760E-06   4.3424E-06   0.93864
FLUX  831  1885.00        1.590411E+14   4.1039E-06   4.3078E-06   0.95267
FLUX  832  1895.00        1.582018E+14   3.9726E-06   4.2735E-06   0.92958
FLUX  833  1905.00        1.573714E+14   4.0568E-06   4.2396E-06   0.95687
FLUX  834  1915.00        1.565496E+14   4.0200E-06   4.2061E-06   0.95575
FLUX  835  1925.00        1.557364E+14   4.0047E-06   4.1729E-06   0.95968
FLUX  836  1935.00        1.549315E+14   3.8932E-06   4.1402E-06   0.94034
FLUX  837  1945.00        1.541350E+14   3.8368E-06   4.1078E-06   0.93403
FLUX  838  1955.00        1.533465E+14   3.8855E-06   4.0757E-06   0.95333
FLUX  839  1965.00        1.525662E+14   3.8714E-06   4.0440E-06   0.95731
FLUX  840  1975.00        1.517937E+14   3.7174E-06   4.0126E-06   0.92641
FLUX  841  1985.00        1.510290E+14   3.7369E-06   3.9816E-06   0.93854
FLUX  842  1995.00        1.502719E+14   3.7356E-06   3.9509E-06   0.94549
FLUX  843  2005.00        1.495224E+14   3.7838E-06   3.9206E-06   0.96511
FLUX  844  2015.00        1.487804E+14   3.7613E-06   3.8906E-06   0.96677
FLUX  845  2025.00        1.480457E+14   3.6911E-06   3.8608E-06   0.95604
FLUX  846  2035.00        1.473182E+14   3.6702E-06   3.8315E-06   0.95792
FLUX  847  2045.00        1.465978E+14   3.6818E-06   3.8024E-06   0.96828
FLUX  848  2055.00        1.458844E+14   3.6376E-06   3.7736E-06   0.96396
FLUX  849  2065.00        1.451780E+14   3.5763E-06   3.7451E-06   0.95492
FLUX  850  2075.00        1.444783E+14   3.5939E-06   3.7170E-06   0.96688
FLUX  851  2085.00        1.437854E+14   3.5562E-06   3.6891E-06   0.96396
FLUX  852  2095.00        1.430990E+14   3.5004E-06   3.6616E-06   0.95597
FLUX  853  2105.00        1.424192E+14   3.5197E-06   3.6343E-06   0.96846
FLUX  854  2115.00        1.417459E+14   3.4841E-06   3.6074E-06   0.96583
FLUX  855  2125.00        1.410788E+14   3.4759E-06   3.5807E-06   0.97072
FLUX  856  2135.00        1.404180E+14   3.4668E-06   3.5543E-06   0.97538
FLUX  857  2145.00        1.397634E+14   3.4471E-06   3.5282E-06   0.97699
FLUX  858  2155.00        1.391148E+14   3.4285E-06   3.5024E-06   0.97889
FLUX  859  2165.00        1.384723E+14   3.3979E-06   3.4768E-06   0.97729
FLUX  860  2175.00        1.378356E+14   3.3560E-06   3.4516E-06   0.97231
FLUX  861  2185.00        1.372048E+14   3.3469E-06   3.4265E-06   0.97677
FLUX  862  2195.00        1.365797E+14   3.3419E-06   3.4017E-06   0.98239
FLUX  863  2205.00        1.359603E+14   3.2363E-06   3.3772E-06   0.95828
FLUX  864  2215.00        1.353465E+14   3.3151E-06   3.3530E-06   0.98870
FLUX  865  2225.00        1.347382E+14   3.2465E-06   3.3289E-06   0.97524
FLUX  866  2235.00        1.341353E+14   3.2410E-06   3.3052E-06   0.98060
FLUX  867  2245.00        1.335379E+14   3.2281E-06   3.2816E-06   0.98368
FLUX  868  2255.00        1.329457E+14   3.2189E-06   3.2583E-06   0.98792
FLUX  869  2265.00        1.323587E+14   3.1553E-06   3.2352E-06   0.97529
FLUX  870  2275.00        1.317769E+14   3.1807E-06   3.2124E-06   0.99015
FLUX  871  2285.00        1.312002E+14   3.1172E-06   3.1900E-06   0.97719
FLUX  872  2295.00        1.306285E+14   2.9281E-06   3.1677E-06   0.92438
FLUX  873  2305.00        1.300618E+14   3.0152E-06   3.1456E-06   0.95855
FLUX  874  2315.00        1.295000E+14   3.0099E-06   3.1237E-06   0.96355
FLUX  875  2325.00        1.289430E+14   2.8032E-06   3.1021E-06   0.90366
FLUX  876  2335.00        1.283908E+14   2.8633E-06   3.0806E-06   0.92946
FLUX  877  2345.00        1.278433E+14   2.9171E-06   3.0594E-06   0.95349
FLUX  878  2355.00        1.273004E+14   2.7104E-06   3.0384E-06   0.89207
FLUX  879  2365.00        1.267622E+14   2.8275E-06   3.0176E-06   0.93701
FLUX  880  2375.00        1.262284E+14   2.8155E-06   2.9970E-06   0.93945
FLUX  881  2385.00        1.256992E+14   2.6334E-06   2.9766E-06   0.88472
FLUX  882  2395.00        1.251743E+14   2.7394E-06   2.9564E-06   0.92659
FLUX  883  2405.00        1.246538E+14   2.7393E-06   2.9364E-06   0.93286
FLUX  884  2415.00        1.241377E+14   2.5914E-06   2.9166E-06   0.88850
FLUX  885  2425.00        1.236258E+14   2.6448E-06   2.8970E-06   0.91296
FLUX  886  2435.00        1.231181E+14   2.6508E-06   2.8776E-06   0.92120
FLUX  887  2445.00        1.226145E+14   2.5513E-06   2.8584E-06   0.89257
FLUX  888  2455.00        1.221151E+14   2.5149E-06   2.8393E-06   0.88575
FLUX  889  2465.00        1.216197E+14   2.5634E-06   2.8205E-06   0.90885
FLUX  890  2475.00        1.211283E+14   2.5005E-06   2.8018E-06   0.89245
FLUX  891  2485.00        1.206408E+14   2.4207E-06   2.7833E-06   0.86971
FLUX  892  2495.00        1.201573E+14   2.4827E-06   2.7650E-06   0.89791
FLUX  893  2505.00        1.196776E+14   2.4699E-06   2.7468E-06   0.89917
FLUX  894  2515.00        1.192018E+14   2.3911E-06   2.7289E-06   0.87623
FLUX  895  2525.00        1.187297E+14   2.3687E-06   2.7111E-06   0.87371
FLUX  896  2535.00        1.182613E+14   2.3883E-06   2.6934E-06   0.88670
FLUX  897  2545.00        1.177967E+14   2.3703E-06   2.6760E-06   0.88576
FLUX  898  2555.00        1.173356E+14   2.3749E-06   2.6587E-06   0.89327
FLUX  899  2565.00        1.168782E+14   2.3443E-06   2.6415E-06   0.88746
FLUX  900  2575.00        1.164243E+14   2.3774E-06   2.6245E-06   0.90584
FLUX  901  2585.00        1.159739E+14   2.3257E-06   2.6077E-06   0.89185
FLUX  902  2595.00        1.155270E+14   2.3463E-06   2.5911E-06   0.90552
FLUX  903  2605.00        1.150835E+14   2.3504E-06   2.5746E-06   0.91294
FLUX  904  2615.00        1.146434E+14   2.3722E-06   2.5582E-06   0.92728
FLUX  905  2625.00        1.142067E+14   2.3259E-06   2.5420E-06   0.91499
FLUX  906  2635.00        1.137732E+14   2.3323E-06   2.5260E-06   0.92334
FLUX  907  2645.00        1.133431E+14   2.3147E-06   2.5101E-06   0.92216
FLUX  908  2655.00        1.129162E+14   2.2763E-06   2.4943E-06   0.91260
FLUX  909  2665.00        1.124925E+14   2.2744E-06   2.4787E-06   0.91759
FLUX  910  2675.00        1.120720E+14   2.2819E-06   2.4632E-06   0.92639
FLUX  911  2685.00        1.116546E+14   2.2739E-06   2.4479E-06   0.92892
FLUX  912  2695.00        1.112403E+14   2.2305E-06   2.4327E-06   0.91688
FLUX  913  2705.00        1.108290E+14   2.2317E-06   2.4176E-06   0.92310
FLUX  914  2715.00        1.104208E+14   2.2063E-06   2.4027E-06   0.91827
FLUX  915  2725.00        1.100156E+14   2.1858E-06   2.3879E-06   0.91538
FLUX  916  2735.00        1.096133E+14   2.1785E-06   2.3732E-06   0.91796
FLUX  917  2745.00        1.092140E+14   2.1865E-06   2.3587E-06   0.92700
FLUX  918  2755.00        1.088176E+14   2.1460E-06   2.3442E-06   0.91542
FLUX  919  2765.00        1.084240E+14   2.1410E-06   2.3300E-06   0.91888
FLUX  920  2775.00        1.080333E+14   2.1388E-06   2.3158E-06   0.92354
FLUX  921  2785.00        1.076454E+14   2.1061E-06   2.3018E-06   0.91499
FLUX  922  2795.00        1.072603E+14   2.1098E-06   2.2879E-06   0.92214
FLUX  923  2805.00        1.068779E+14   2.0311E-06   2.2741E-06   0.89312
FLUX  924  2815.00        1.064982E+14   2.0596E-06   2.2605E-06   0.91114
FLUX  925  2825.00        1.061212E+14   2.0541E-06   2.2469E-06   0.91420
FLUX  926  2835.00        1.057469E+14   2.0365E-06   2.2335E-06   0.91180
FLUX  927  2845.00        1.053752E+14   2.0576E-06   2.2202E-06   0.92676
FLUX  928  2855.00        1.050061E+14   2.0045E-06   2.2070E-06   0.90823
FLUX  929  2865.00        1.046396E+14   2.0300E-06   2.1940E-06   0.92526
FLUX  930  2875.00        1.042757E+14   2.0046E-06   2.1810E-06   0.91912
FLUX  931  2885.00        1.039142E+14   1.9870E-06   2.1682E-06   0.91644
FLUX  932  2895.00        1.035553E+14   1.9923E-06   2.1554E-06   0.92429
FLUX  933  2905.00        1.031988E+14   1.9416E-06   2.1428E-06   0.90611
FLUX  934  2915.00        1.028448E+14   1.9911E-06   2.1303E-06   0.93466
FLUX  935  2925.00        1.024932E+14   1.8796E-06   2.1179E-06   0.88751
FLUX  936  2935.00        1.021440E+14   1.9574E-06   2.1056E-06   0.92963
FLUX  937  2945.00        1.017971E+14   1.8622E-06   2.0934E-06   0.88955
FLUX  938  2955.00        1.014526E+14   1.9278E-06   2.0813E-06   0.92625
FLUX  939  2965.00        1.011105E+14   1.8590E-06   2.0693E-06   0.89837
FLUX  940  2975.00        1.007706E+14   1.9073E-06   2.0574E-06   0.92705
FLUX  941  2985.00        1.004330E+14   1.8471E-06   2.0456E-06   0.90294
FLUX  942  2995.00        1.000977E+14   1.8940E-06   2.0339E-06   0.93119
FLUX  943  3005.00        9.976456E+13   1.8191E-06   2.0224E-06   0.89950
FLUX  944  3015.00        9.943366E+13   1.8820E-06   2.0109E-06   0.93590
FLUX  945  3025.00        9.910496E+13   1.8175E-06   1.9995E-06   0.90899
FLUX  946  3035.00        9.877842E+13   1.8506E-06   1.9882E-06   0.93082
FLUX  947  3045.00        9.845402E+13   1.7929E-06   1.9769E-06   0.90689
FLUX  948  3055.00        9.813175E+13   1.8265E-06   1.9658E-06   0.92917
FLUX  949  3065.00        9.781158E+13   1.8122E-06   1.9547E-06   0.92707
FLUX  950  3075.00        9.749349E+13   1.7948E-06   1.9437E-06   0.92336
FLUX  951  3085.00        9.717747E+13   1.7806E-06   1.9329E-06   0.92121
FLUX  952  3095.00        9.686349E+13   1.7603E-06   1.9221E-06   0.91582
FLUX  953  3105.00        9.655153E+13   1.7928E-06   1.9114E-06   0.93795
FLUX  954  3115.00        9.624157E+13   1.7420E-06   1.9007E-06   0.91648
FLUX  955  3125.00        9.593360E+13   1.7738E-06   1.8902E-06   0.93842
FLUX  956  3135.00        9.562759E+13   1.7231E-06   1.8798E-06   0.91664
FLUX  957  3145.00        9.532353E+13   1.7456E-06   1.8694E-06   0.93375
FLUX  958  3155.00        9.502139E+13   1.7330E-06   1.8591E-06   0.93216
FLUX  959  3165.00        9.472117E+13   1.7411E-06   1.8489E-06   0.94168
FLUX  960  3175.00        9.442283E+13   1.7167E-06   1.8388E-06   0.93359
FLUX  961  3185.00        9.412637E+13   1.7153E-06   1.8288E-06   0.93794
FLUX  962  3195.00        9.383177E+13   1.7066E-06   1.8189E-06   0.93828
FLUX  963  3210.00        9.339330E+13   1.7120E-06   1.8041E-06   0.94896
FLUX  964  3230.00        9.281501E+13   1.6772E-06   1.7847E-06   0.93980
FLUX  965  3250.00        9.224385E+13   1.6817E-06   1.7655E-06   0.95250
FLUX  966  3270.00        9.167966E+13   1.6636E-06   1.7467E-06   0.95240
FLUX  967  3290.00        9.112234E+13   1.6386E-06   1.7282E-06   0.94818
FLUX  968  3310.00        9.057175E+13   1.6388E-06   1.7099E-06   0.95840
FLUX  969  3330.00        9.002778E+13   1.6117E-06   1.6920E-06   0.95254
FLUX  970  3350.00        8.949030E+13   1.6087E-06   1.6743E-06   0.96080
FLUX  971  3370.00        8.895920E+13   1.6034E-06   1.6569E-06   0.96772
FLUX  972  3390.00        8.843436E+13   1.5668E-06   1.6397E-06   0.95554
FLUX  973  3410.00        8.791569E+13   1.5663E-06   1.6229E-06   0.96513
FLUX  974  3430.00        8.740306E+13   1.5690E-06   1.6062E-06   0.97685
FLUX  975  3450.00        8.689638E+13   1.5301E-06   1.5899E-06   0.96240
FLUX  976  3470.00        8.639553E+13   1.5364E-06   1.5737E-06   0.97627
FLUX  977  3490.00        8.590043E+13   1.5247E-06   1.5578E-06   0.97873
FLUX  978  3510.00        8.541097E+13   1.4999E-06   1.5422E-06   0.97259
FLUX  979  3530.00        8.492705E+13   1.4862E-06   1.5268E-06   0.97341
FLUX  980  3550.00        8.444859E+13   1.4851E-06   1.5116E-06   0.98247
FLUX  981  3570.00        8.397549E+13   1.4573E-06   1.4966E-06   0.97373
FLUX  982  3590.00        8.350766E+13   1.4466E-06   1.4819E-06   0.97617
FLUX  983  3610.00        8.304501E+13   1.4482E-06   1.4673E-06   0.98699
FLUX  984  3630.00        8.258746E+13   1.4231E-06   1.4530E-06   0.97943
FLUX  985  3650.00        8.213493E+13   1.4104E-06   1.4389E-06   0.98020
FLUX  986  3670.00        8.168733E+13   1.3977E-06   1.4250E-06   0.98084
FLUX  987  3690.00        8.124458E+13   1.3829E-06   1.4113E-06   0.97993
FLUX  988  3710.00        8.080660E+13   1.3645E-06   1.3977E-06   0.97623
FLUX  989  3730.00        8.037332E+13   1.3595E-06   1.3844E-06   0.98200
FLUX  990  3750.00        7.994467E+13   1.3515E-06   1.3713E-06   0.98559
FLUX  991  3770.00        7.952056E+13   1.3308E-06   1.3583E-06   0.97973
FLUX  992  3790.00        7.910092E+13   1.3314E-06   1.3455E-06   0.98948
FLUX  993  3810.00        7.868569E+13   1.3117E-06   1.3329E-06   0.98405
FLUX  994  3830.00        7.827480E+13   1.3038E-06   1.3205E-06   0.98738
FLUX  995  3850.00        7.786818E+13   1.2917E-06   1.3083E-06   0.98732
FLUX  996  3870.00        7.746576E+13   1.2805E-06   1.2962E-06   0.98791
FLUX  997  3890.00        7.706748E+13   1.2654E-06   1.2842E-06   0.98536
FLUX  998  3910.00        7.667327E+13   1.2585E-06   1.2725E-06   0.98902
FLUX  999  3930.00        7.628308E+13   1.2465E-06   1.2609E-06   0.98857
FLUX 1000  3950.00        7.589683E+13   1.2360E-06   1.2494E-06   0.98925
FLUX 1001  3970.00        7.551448E+13   1.2264E-06   1.2381E-06   0.99052
FLUX 1002  3990.00        7.513596E+13   1.1982E-06   1.2270E-06   0.97651
FLUX 1003  4010.00        7.476122E+13   1.1998E-06   1.2160E-06   0.98666
FLUX 1004  4030.00        7.439020E+13   1.1912E-06   1.2051E-06   0.98840
FLUX 1005  4050.00        7.402284E+13   1.1695E-06   1.1944E-06   0.97917
FLUX 1006  4070.00        7.365909E+13   1.1588E-06   1.1839E-06   0.97880
FLUX 1007  4090.00        7.329890E+13   1.1537E-06   1.1734E-06   0.98322
FLUX 1008  4110.00        7.294221E+13   1.1431E-06   1.1631E-06   0.98277
FLUX 1009  4130.00        7.258898E+13   1.1324E-06   1.1530E-06   0.98212
FLUX 1010  4150.00        7.223916E+13   1.1242E-06   1.1430E-06   0.98360
FLUX 1011  4170.00        7.189269E+13   1.1076E-06   1.1331E-06   0.97753
FLUX 1012  4190.00        7.154952E+13   1.1029E-06   1.1233E-06   0.98188
FLUX 1013  4210.00        7.120962E+13   1.0818E-06   1.1137E-06   0.97141
FLUX 1014  4230.00        7.087293E+13   1.0886E-06   1.1041E-06   0.98594
FLUX 1015  4250.00        7.053941E+13   1.0721E-06   1.0947E-06   0.97937
FLUX 1016  4270.00        7.020902E+13   1.0661E-06   1.0854E-06   0.98221
FLUX 1017  4290.00        6.988170E+13   1.0280E-06   1.0763E-06   0.95511
FLUX 1018  4310.00        6.955742E+13   9.8370E-07   1.0672E-06   0.92174
FLUX 1019  4330.00        6.923614E+13   9.9105E-07   1.0583E-06   0.93647
FLUX 1020  4350.00        6.891782E+13   9.4929E-07   1.0495E-06   0.90455
FLUX 1021  4370.00        6.860240E+13   9.2834E-07   1.0407E-06   0.89200
FLUX 1022  4390.00        6.828986E+13   9.1851E-07   1.0321E-06   0.88992
FLUX 1023  4410.00        6.798016E+13   8.8687E-07   1.0236E-06   0.86641
FLUX 1024  4430.00        6.767325E+13   8.7792E-07   1.0152E-06   0.86476
FLUX 1025  4450.00        6.736910E+13   8.7051E-07   1.0069E-06   0.86454
FLUX 1026  4470.00        6.706767E+13   8.4481E-07   9.9871E-07   0.84590
FLUX 1027  4490.00        6.676893E+13   8.4733E-07   9.9061E-07   0.85536
FLUX 1028  4510.00        6.647284E+13   8.3047E-07   9.8260E-07   0.84518
FLUX 1029  4530.00        6.617936E+13   8.1833E-07   9.7469E-07   0.83957
FLUX 1030  4550.00        6.588846E+13   8.2047E-07   9.6688E-07   0.84858
FLUX 1031  4570.00        6.560011E+13   8.2008E-07   9.5915E-07   0.85500
FLUX 1032  4590.00        6.531427E+13   8.0001E-07   9.5152E-07   0.84077
FLUX 1033  4610.00        6.503091E+13   8.0720E-07   9.4397E-07   0.85511
FLUX 1034  4630.00        6.475000E+13   7.9921E-07   9.3651E-07   0.85338
FLUX 1035  4650.00        6.447150E+13   8.0218E-07   9.2915E-07   0.86335
FLUX 1036  4670.00        6.419540E+13   8.0361E-07   9.2186E-07   0.87173
FLUX 1037  4690.00        6.392164E+13   7.9560E-07   9.1466E-07   0.86982
FLUX 1038  4710.00        6.365021E+13   7.8971E-07   9.0755E-07   0.87015
FLUX 1039  4730.00        6.338108E+13   7.9652E-07   9.0052E-07   0.88451
FLUX 1040  4750.00        6.311421E+13   7.8391E-07   8.9356E-07   0.87728
FLUX 1041  4770.00        6.284958E+13   7.7876E-07   8.8669E-07   0.87827
FLUX 1042  4790.00        6.258716E+13   7.7926E-07   8.7990E-07   0.88563
FLUX 1043  4810.00        6.232692E+13   7.6329E-07   8.7318E-07   0.87415
FLUX 1044  4830.00        6.206884E+13   7.7490E-07   8.6654E-07   0.89425
FLUX 1045  4850.00        6.181289E+13   7.6394E-07   8.5998E-07   0.88832
FLUX 1046  4870.00        6.155903E+13   7.5306E-07   8.5349E-07   0.88233
FLUX 1047  4890.00        6.130726E+13   7.4735E-07   8.4707E-07   0.88228
FLUX 1048  4910.00        6.105753E+13   7.5014E-07   8.4073E-07   0.89225
FLUX 1049  4930.00        6.080984E+13   7.3761E-07   8.3445E-07   0.88395
FLUX 1050  4950.00        6.056414E+13   7.3316E-07   8.2824E-07   0.88520
FLUX 1051  4970.00        6.032042E+13   7.3166E-07   8.2211E-07   0.88998
FLUX 1052  4990.00        6.007866E+13   7.2935E-07   8.1604E-07   0.89377
FLUX 1053  5010.00        5.983882E+13   7.1300E-07   8.1004E-07   0.88021
FLUX 1054  5030.00        5.960089E+13   7.1771E-07   8.0410E-07   0.89257
FLUX 1055  5050.00        5.936485E+13   7.0877E-07   7.9823E-07   0.88793
FLUX 1056  5070.00        5.913067E+13   7.0926E-07   7.9242E-07   0.89506
FLUX 1057  5090.00        5.889833E+13   7.0416E-07   7.8667E-07   0.89511
FLUX 1058  5110.00        5.866781E+13   6.9750E-07   7.8098E-07   0.89311
FLUX 1059  5130.00        5.843908E+13   6.9872E-07   7.7536E-07   0.90115
FLUX 1060  5150.00        5.821214E+13   6.9286E-07   7.6979E-07   0.90006
FLUX 1061  5170.00        5.798694E+13   6.8966E-07   7.6429E-07   0.90236
FLUX 1062  5190.00        5.776349E+13   6.8437E-07   7.5884E-07   0.90187
FLUX 1063  5210.00        5.754175E+13   6.8296E-07   7.5345E-07   0.90644
FLUX 1064  5230.00        5.732170E+13   6.7679E-07   7.4812E-07   0.90465
FLUX 1065  5250.00        5.710333E+13   6.7332E-07   7.4284E-07   0.90641
FLUX 1066  5270.00        5.688662E+13   6.7590E-07   7.3762E-07   0.91633
FLUX 1067  5290.00        5.667155E+13   6.6281E-07   7.3245E-07   0.90492
FLUX 1068  5310.00        5.645810E+13   6.6441E-07   7.2734E-07   0.91348
FLUX 1069  5330.00        5.624625E+13   6.5752E-07   7.2228E-07   0.91034
FLUX 1070  5350.00        5.603598E+13   6.5739E-07   7.1727E-07   0.91651
FLUX 1071  5370.00        5.582728E+13   6.5248E-07   7.1232E-07   0.91600
FLUX 1072  5390.00        5.562013E+13   6.5358E-07   7.0741E-07   0.92390
FLUX 1073  5410.00        5.541451E+13   6.4825E-07   7.0255E-07   0.92270
FLUX 1074  5430.00        5.521040E+13   6.3568E-07   6.9775E-07   0.91105
FLUX 1075  5450.00        5.500780E+13   6.4218E-07   6.9299E-07   0.92668
FLUX 1076  5470.00        5.480667E+13   6.3731E-07   6.8828E-07   0.92595
FLUX 1077  5490.00        5.460701E+13   6.3504E-07   6.8362E-07   0.92894
FLUX 1078  5510.00        5.440880E+13   6.3088E-07   6.7900E-07   0.92913
FLUX 1079  5530.00        5.421202E+13   6.3387E-07   6.7443E-07   0.93986
FLUX 1080  5550.00        5.401667E+13   6.2105E-07   6.6991E-07   0.92707
FLUX 1081  5570.00        5.382271E+13   6.2327E-07   6.6543E-07   0.93664
FLUX 1082  5590.00        5.363014E+13   6.2034E-07   6.6100E-07   0.93850
FLUX 1083  5610.00        5.343895E+13   6.1578E-07   6.5661E-07   0.93782
FLUX 1084  5630.00        5.324911E+13   6.1070E-07   6.5226E-07   0.93629
FLUX 1085  5650.00        5.306062E+13   6.1176E-07   6.4796E-07   0.94413
FLUX 1086  5670.00        5.287346E+13   6.0788E-07   6.4369E-07   0.94436
FLUX 1087  5690.00        5.268761E+13   6.0043E-07   6.3947E-07   0.93894
FLUX 1088  5710.00        5.250306E+13   6.0311E-07   6.3529E-07   0.94933
FLUX 1089  5730.00        5.231981E+13   5.9604E-07   6.3116E-07   0.94436
FLUX 1090  5750.00        5.213783E+13   5.9893E-07   6.2706E-07   0.95514
FLUX 1091  5770.00        5.195711E+13   5.9150E-07   6.2300E-07   0.94944
FLUX 1092  5790.00        5.177763E+13   5.8970E-07   6.1898E-07   0.95270
FLUX 1093  5810.00        5.159940E+13   5.8789E-07   6.1500E-07   0.95592
FLUX 1094  5830.00        5.142238E+13   5.8188E-07   6.1106E-07   0.95225
FLUX 1095  5850.00        5.124658E+13   5.8132E-07   6.0716E-07   0.95745
FLUX 1096  5870.00        5.107198E+13   5.7725E-07   6.0329E-07   0.95685
FLUX 1097  5890.00        5.089856E+13   5.7461E-07   5.9946E-07   0.95854
FLUX 1098  5910.00        5.072631E+13   5.7192E-07   5.9567E-07   0.96013
FLUX 1099  5930.00        5.055523E+13   5.7013E-07   5.9191E-07   0.96321
FLUX 1100  5950.00        5.038529E+13   5.6638E-07   5.8818E-07   0.96293
FLUX 1101  5970.00        5.021650E+13   5.6351E-07   5.8450E-07   0.96409
FLUX 1102  5990.00        5.004883E+13   5.6216E-07   5.8084E-07   0.96784
FLUX 1103  6010.00        4.988228E+13   5.6071E-07   5.7722E-07   0.97138
FLUX 1104  6030.00        4.971683E+13   5.5429E-07   5.7364E-07   0.96627
FLUX 1105  6050.00        4.955248E+13   5.4977E-07   5.7009E-07   0.96437
FLUX 1106  6070.00        4.938921E+13   5.4983E-07   5.6657E-07   0.97047
FLUX 1107  6090.00        4.922701E+13   5.4708E-07   5.6308E-07   0.97158
FLUX 1108  6110.00        4.906588E+13   5.4132E-07   5.5962E-07   0.96730
FLUX 1109  6130.00        4.890579E+13   5.4333E-07   5.5620E-07   0.97687
FLUX 1110  6150.00        4.874675E+13   5.3806E-07   5.5280E-07   0.97334
FLUX 1111  6170.00        4.858874E+13   5.3611E-07   5.4944E-07   0.97574
FLUX 1112  6190.00        4.843174E+13   5.3359E-07   5.4611E-07   0.97708
FLUX 1113  6210.00        4.827576E+13   5.3077E-07   5.4280E-07   0.97783
FLUX 1114  6230.00        4.812079E+13   5.2843E-07   5.3953E-07   0.97943
FLUX 1115  6250.00        4.796680E+13   5.2352E-07   5.3629E-07   0.97620
FLUX 1116  6270.00        4.781380E+13   5.2016E-07   5.3307E-07   0.97579
FLUX 1117  6290.00        4.766176E+13   5.1961E-07   5.2988E-07   0.98061
FLUX 1118  6310.00        4.751070E+13   5.1513E-07   5.2673E-07   0.97798
FLUX 1119  6330.00        4.736058E+13   5.1438E-07   5.2360E-07   0.98240
FLUX 1120  6350.00        4.721142E+13   5.0863E-07   5.2049E-07   0.97720
FLUX 1121  6370.00        4.706319E+13   5.0812E-07   5.1742E-07   0.98203
FLUX 1122  6390.00        4.691588E+13   5.0349E-07   5.1437E-07   0.97885
FLUX 1123  6420.00        4.669665E+13   4.9817E-07   5.0985E-07   0.97710
FLUX 1124  6460.00        4.640751E+13   4.8661E-07   5.0391E-07   0.96567
FLUX 1125  6500.00        4.612192E+13   4.7911E-07   4.9807E-07   0.96192
FLUX 1126  6540.00        4.583983E+13   4.7333E-07   4.9234E-07   0.96139
FLUX 1127  6580.00        4.556117E+13   4.6303E-07   4.8670E-07   0.95136
FLUX 1128  6620.00        4.528588E+13   4.5646E-07   4.8116E-07   0.94867
FLUX 1129  6660.00        4.501389E+13   4.5400E-07   4.7571E-07   0.95437
FLUX 1130  6700.00        4.474515E+13   4.4720E-07   4.7035E-07   0.95078
FLUX 1131  6740.00        4.447960E+13   4.4424E-07   4.6509E-07   0.95517
FLUX 1132  6780.00        4.421718E+13   4.3647E-07   4.5991E-07   0.94905
FLUX 1133  6820.00        4.395784E+13   4.3047E-07   4.5481E-07   0.94646
FLUX 1134  6860.00        4.370153E+13   4.3030E-07   4.4981E-07   0.95664
FLUX 1135  6900.00        4.344819E+13   4.2484E-07   4.4488E-07   0.95495
FLUX 1136  6940.00        4.319777E+13   4.1905E-07   4.4003E-07   0.95231
FLUX 1137  6980.00        4.295021E+13   4.1841E-07   4.3526E-07   0.96128
FLUX 1138  7020.00        4.270548E+13   4.1064E-07   4.3057E-07   0.95370
FLUX 1139  7060.00        4.246353E+13   4.0741E-07   4.2596E-07   0.95646
FLUX 1140  7100.00        4.222430E+13   4.0339E-07   4.2141E-07   0.95722
FLUX 1141  7140.00        4.198774E+13   4.0018E-07   4.1694E-07   0.95978
FLUX 1142  7180.00        4.175383E+13   3.9734E-07   4.1254E-07   0.96314
FLUX 1143  7220.00        4.152251E+13   3.9050E-07   4.0821E-07   0.95660
FLUX 1144  7260.00        4.129373E+13   3.8729E-07   4.0395E-07   0.95875
FLUX 1145  7300.00        4.106747E+13   3.8568E-07   3.9975E-07   0.96479
FLUX 1146  7340.00        4.084366E+13   3.7961E-07   3.9562E-07   0.95954
FLUX 1147  7380.00        4.062229E+13   3.7757E-07   3.9155E-07   0.96429
FLUX 1148  7420.00        4.040330E+13   3.7202E-07   3.8754E-07   0.95994
FLUX 1149  7460.00        4.018666E+13   3.6972E-07   3.8359E-07   0.96383
FLUX 1150  7500.00        3.997233E+13   3.6655E-07   3.7970E-07   0.96536
FLUX 1151  7540.00        3.976028E+13   3.6215E-07   3.7587E-07   0.96349
FLUX 1152  7580.00        3.955046E+13   3.5520E-07   3.7210E-07   0.95456
FLUX 1153  7620.00        3.934285E+13   3.5105E-07   3.6839E-07   0.95295
FLUX 1154  7660.00        3.913740E+13   3.4672E-07   3.6473E-07   0.95062
FLUX 1155  7700.00        3.893409E+13   3.4387E-07   3.6112E-07   0.95224
FLUX 1156  7740.00        3.873288E+13   3.3700E-07   3.5757E-07   0.94247
FLUX 1157  7780.00        3.853374E+13   3.3474E-07   3.5407E-07   0.94542
FLUX 1158  7820.00        3.833664E+13   3.3021E-07   3.5062E-07   0.94179
FLUX 1159  7860.00        3.814154E+13   3.2653E-07   3.4722E-07   0.94041
FLUX 1160  7900.00        3.794842E+13   3.2203E-07   3.4387E-07   0.93650
FLUX 1161  7940.00        3.775724E+13   3.2028E-07   3.4056E-07   0.94045
FLUX 1162  7980.00        3.756798E+13   3.1564E-07   3.3731E-07   0.93577
FLUX 1163  8020.00        3.738061E+13   3.1406E-07   3.3410E-07   0.94003
FLUX 1164  8060.00        3.719510E+13   3.1048E-07   3.3094E-07   0.93819
FLUX 1165  8100.00        3.701142E+13   3.0759E-07   3.2782E-07   0.93830
FLUX 1166  8140.00        3.682955E+13   3.0580E-07   3.2474E-07   0.94166
FLUX 1167  8180.00        3.664945E+13   3.0335E-07   3.2171E-07   0.94294
FLUX 1168  8220.00        3.647111E+13   3.0018E-07   3.1872E-07   0.94183
FLUX 1169  8260.00        3.629449E+13   2.9935E-07   3.1577E-07   0.94799
FLUX 1170  8300.00        3.611958E+13   2.9558E-07   3.1287E-07   0.94474
FLUX 1171  8340.00        3.594634E+13   2.9255E-07   3.1000E-07   0.94373
FLUX 1172  8380.00        3.577476E+13   2.8949E-07   3.0717E-07   0.94244
FLUX 1173  8420.00        3.560481E+13   2.8930E-07   3.0438E-07   0.95047
FLUX 1174  8460.00        3.543647E+13   2.8595E-07   3.0162E-07   0.94802
FLUX 1175  8500.00        3.526971E+13   2.8271E-07   2.9891E-07   0.94581
FLUX 1176  8540.00        3.510451E+13   2.8167E-07   2.9623E-07   0.95084
FLUX 1177  8580.00        3.494085E+13   2.7896E-07   2.9359E-07   0.95017
FLUX 1178  8620.00        3.477871E+13   2.7726E-07   2.9098E-07   0.95284
FLUX 1179  8660.00        3.461807E+13   2.7448E-07   2.8840E-07   0.95172
FLUX 1180  8700.00        3.445891E+13   2.7322E-07   2.8586E-07   0.95578
FLUX 1181  8740.00        3.430120E+13   2.6996E-07   2.8335E-07   0.95273
FLUX 1182  8780.00        3.414493E+13   2.6775E-07   2.8088E-07   0.95326
FLUX 1183  8820.00        3.399008E+13   2.6550E-07   2.7843E-07   0.95356
FLUX 1184  8860.00        3.383662E+13   2.6375E-07   2.7602E-07   0.95554
FLUX 1185  8900.00        3.368455E+13   2.6205E-07   2.7364E-07   0.95765
FLUX 1186  8940.00        3.353384E+13   2.5985E-07   2.7129E-07   0.95784
FLUX 1187  8980.00        3.338447E+13   2.5728E-07   2.6897E-07   0.95654
FLUX 1188  9020.00        3.323642E+13   2.5627E-07   2.6668E-07   0.96094
FLUX 1189  9060.00        3.308968E+13   2.5445E-07   2.6442E-07   0.96229
FLUX 1190  9100.00        3.294423E+13   2.5204E-07   2.6219E-07   0.96130
FLUX 1191  9140.00        3.280005E+13   2.4968E-07   2.5999E-07   0.96035
FLUX 1192  9180.00        3.265713E+13   2.4821E-07   2.5781E-07   0.96277
FLUX 1193  9220.00        3.251546E+13   2.4620E-07   2.5566E-07   0.96298
FLUX 1194  9260.00        3.237500E+13   2.4415E-07   2.5354E-07   0.96296
FLUX 1195  9300.00        3.223575E+13   2.4288E-07   2.5144E-07   0.96594
FLUX 1196  9340.00        3.209770E+13   2.4072E-07   2.4937E-07   0.96529
FLUX 1197  9380.00        3.196082E+13   2.3856E-07   2.4733E-07   0.96455
FLUX 1198  9420.00        3.182511E+13   2.3689E-07   2.4531E-07   0.96568
FLUX 1199  9460.00        3.169054E+13   2.3450E-07   2.4331E-07   0.96378
FLUX 1200  9500.00        3.155710E+13   2.3344E-07   2.4134E-07   0.96725
FLUX 1201  9540.00        3.142479E+13   2.3271E-07   2.3940E-07   0.97206
FLUX 1202  9580.00        3.129358E+13   2.2931E-07   2.3747E-07   0.96564
FLUX 1203  9620.00        3.116346E+13   2.2820E-07   2.3557E-07   0.96869
FLUX 1204  9660.00        3.103442E+13   2.2591E-07   2.3370E-07   0.96669
FLUX 1205  9700.00        3.090644E+13   2.2483E-07   2.3184E-07   0.96976
FLUX 1206  9740.00        3.077952E+13   2.2322E-07   2.3001E-07   0.97048
FLUX 1207  9780.00        3.065363E+13   2.2116E-07   2.2819E-07   0.96916
FLUX 1208  9820.00        3.052877E+13   2.1993E-07   2.2640E-07   0.97139
FLUX 1209  9860.00        3.040492E+13   2.1840E-07   2.2464E-07   0.97222
FLUX 1210  9900.00        3.028207E+13   2.1463E-07   2.2289E-07   0.96297
FLUX 1211  9940.00        3.016021E+13   2.1444E-07   2.2116E-07   0.96963
FLUX 1212  9980.00        3.003933E+13   2.1300E-07   2.1945E-07   0.97059
FLUX 1213 10020.00        2.991941E+13   2.1140E-07   2.1776E-07   0.97077
FLUX 1214 20000.00        1.498962E+13   5.5877E-08   5.6417E-08   0.99042
FLUX 1215 40000.00        7.494812E+12   1.4261E-08   1.4306E-08   0.99690
FLUX 1216 60000.00        4.996542E+12   6.3552E-09   6.3646E-09   0.99852
FLUX 1217 80000.00        3.747406E+12   3.5695E-09   3.5727E-09   0.99909
FLUX 1218100000.00        2.997925E+12   2.2786E-09   2.2801E-09   0.99931
FLUX 1219120000.00        2.498271E+12   1.5779E-09   1.5788E-09   0.99944
FLUX 1220140000.00        2.141375E+12   1.1562E-09   1.1566E-09   0.99962
FLUX 1221160000.00        1.873703E+12   8.8278E-10   8.8307E-10   0.99967
FLUX
