TEFF   7250.  GRAVITY 4.00000 LTE 
TITLE  [ 0.0] VTURB=0  L/H=1.25 NOVER NEW ODF                                   
FLUX    1     9.09        3.298047E+16   2.5000E-39   2.5000E-39   1.00000
FLUX    2     9.35        3.206337E+16   2.5000E-39   2.5000E-39   1.00000
FLUX    3     9.61        3.119589E+16   2.5000E-39   2.5000E-39   1.00000
FLUX    4     9.77        3.068500E+16   2.5000E-39   2.5000E-39   1.00000
FLUX    5     9.96        3.009965E+16   2.5000E-39   2.5000E-39   1.00000
FLUX    6    10.20        2.939142E+16   2.5000E-39   2.5000E-39   1.00000
FLUX    7    10.38        2.888174E+16   2.5000E-39   2.5000E-39   1.00000
FLUX    8    10.56        2.838944E+16   2.5000E-39   2.5000E-39   1.00000
FLUX    9    10.77        2.783589E+16   2.5000E-39   2.5000E-39   1.00000
FLUX   10    11.04        2.715512E+16   2.5000E-39   2.5000E-39   1.00000
FLUX   11    11.40        2.629759E+16   2.5000E-39   2.5000E-39   1.00000
FLUX   12    11.78        2.544928E+16   2.5000E-39   2.5000E-39   1.00000
FLUX   13    12.13        2.471496E+16   2.5000E-39   2.5000E-39   1.00000
FLUX   14    12.48        2.402184E+16   2.5000E-39   2.5000E-39   1.00000
FLUX   15    12.71        2.358714E+16   2.5000E-39   2.5000E-39   1.00000
FLUX   16    12.84        2.334833E+16   2.5000E-39   2.5000E-39   1.00000
FLUX   17    13.05        2.297260E+16   2.5000E-39   2.5000E-39   1.00000
FLUX   18    13.24        2.264294E+16   2.5000E-39   2.5000E-39   1.00000
FLUX   19    13.39        2.238928E+16   2.5000E-39   2.5000E-39   1.00000
FLUX   20    13.66        2.194674E+16   2.5000E-39   2.5000E-39   1.00000
FLUX   21    13.98        2.144439E+16   2.5000E-39   2.5000E-39   1.00000
FLUX   22    14.33        2.092062E+16   2.5000E-39   2.5000E-39   1.00000
FLUX   23    14.72        2.036634E+16   2.5000E-39   2.5000E-39   1.00000
FLUX   24    15.10        1.985381E+16   2.5000E-39   2.5000E-39   1.00000
FLUX   25    15.52        1.931653E+16   2.5000E-39   2.5000E-39   1.00000
FLUX   26    15.88        1.887862E+16   2.5000E-39   2.5000E-39   1.00000
FLUX   27    16.20        1.850571E+16   2.5000E-39   2.5000E-39   1.00000
FLUX   28    16.60        1.805979E+16   2.5000E-39   2.5000E-39   1.00000
FLUX   29    17.03        1.760379E+16   2.5000E-39   2.5000E-39   1.00000
FLUX   30    17.34        1.728907E+16   2.5000E-39   2.5000E-39   1.00000
FLUX   31    17.68        1.695659E+16   2.5000E-39   2.5000E-39   1.00000
FLUX   32    18.02        1.663665E+16   2.5000E-39   2.5000E-39   1.00000
FLUX   33    18.17        1.649931E+16   2.5000E-39   2.5000E-39   1.00000
FLUX   34    18.61        1.610921E+16   2.5000E-39   2.5000E-39   1.00000
FLUX   35    19.10        1.569594E+16   2.5000E-39   2.5000E-39   1.00000
FLUX   36    19.39        1.546119E+16   1.9311E-69   1.9311E-69   0.99998
FLUX   37    19.84        1.511051E+16   6.0931E-68   6.0932E-68   0.99998
FLUX   38    20.18        1.485592E+16   7.4650E-67   7.4651E-67   0.99998
FLUX   39    20.50        1.462402E+16   7.3141E-66   7.3142E-66   0.99998
FLUX   40    21.05        1.424192E+16   3.1190E-64   3.1190E-64   0.99998
FLUX   41    21.62        1.386644E+16   1.2416E-62   1.2416E-62   0.99998
FLUX   42    21.98        1.363933E+16   1.1504E-61   1.1505E-61   0.99998
FLUX   43    22.30        1.344361E+16   7.8109E-61   7.8110E-61   0.99998
FLUX   44    22.68        1.321836E+16   7.0771E-60   7.0773E-60   0.99998
FLUX   45    23.00        1.303446E+16   4.2785E-59   4.2786E-59   0.99998
FLUX   46    23.40        1.281165E+16   3.7698E-58   3.7698E-58   0.99998
FLUX   47    24.00        1.249135E+16   8.5808E-57   8.5809E-57   0.99998
FLUX   48    24.65        1.216197E+16   2.1273E-55   2.1273E-55   0.99998
FLUX   49    25.24        1.187767E+16   3.3872E-54   3.3873E-54   0.99998
FLUX   50    25.68        1.167416E+16   2.4516E-53   2.4516E-53   0.99998
FLUX   51    26.00        1.153048E+16   9.9055E-53   9.9057E-53   0.99998
FLUX   52    26.40        1.135578E+16   5.4040E-52   5.4041E-52   0.99998
FLUX   53    26.85        1.116546E+16   3.4204E-51   3.4205E-51   0.99998
FLUX   54    27.35        1.096133E+16   2.4693E-50   2.4693E-50   0.99998
FLUX   55    27.85        1.076454E+16   1.6597E-49   1.6597E-49   0.99998
FLUX   56    28.40        1.055607E+16   1.2452E-48   1.2452E-48   0.99998
FLUX   57    29.00        1.033767E+16   1.0253E-47   1.0253E-47   0.99998
FLUX   58    29.60        1.012812E+16   7.7186E-47   7.7187E-47   0.99998
FLUX   59    30.10        9.959883E+15   3.9015E-46   3.9019E-46   0.99989
FLUX   60    30.80        9.733523E+15   3.4410E-45   3.4411E-45   0.99998
FLUX   61    31.80        9.427437E+15   6.4945E-44   6.4946E-44   0.99998
FLUX   62    32.80        9.140015E+15   1.0187E-42   1.0187E-42   0.99998
FLUX   63    33.80        8.869601E+15   1.3487E-41   1.3487E-41   0.99998
FLUX   64    34.80        8.614727E+15   1.5318E-40   1.5319E-40   0.99998
FLUX   65    35.70        8.397549E+15   1.2080E-39   1.2081E-39   0.99998
FLUX   66    36.60        8.191052E+15   8.5873E-39   8.5875E-39   0.99998
FLUX   67    37.50        7.994467E+15   5.5296E-38   5.5297E-38   0.99998
FLUX   68    38.50        7.786818E+15   3.9384E-37   3.9385E-37   0.99998
FLUX   69    39.50        7.589683E+15   2.5274E-36   2.5275E-36   0.99998
FLUX   70    40.50        7.402284E+15   1.4741E-35   1.4741E-35   0.99998
FLUX   71    41.40        7.241364E+15   6.6822E-35   6.6823E-35   0.99998
FLUX   72    42.20        7.104087E+15   2.4188E-34   2.4189E-34   0.99998
FLUX   73    43.00        6.971919E+15   8.3286E-34   8.3288E-34   0.99998
FLUX   74    44.10        6.798016E+15   4.2230E-33   4.2231E-33   0.99997
FLUX   75    45.10        6.647284E+15   1.7181E-32   1.7181E-32   0.99998
FLUX   76    46.00        6.517228E+15   5.7521E-32   5.7522E-32   0.99998
FLUX   77    47.00        6.378564E+15   2.0810E-31   2.0811E-31   0.99992
FLUX   78    48.00        6.245677E+15   7.1133E-31   7.1135E-31   0.99998
FLUX   79    49.00        6.118214E+15   2.3075E-30   2.3075E-30   0.99998
FLUX   80    50.00        5.995850E+15   7.1159E-30   7.1161E-30   0.99998
FLUX   81    50.60        5.924753E+15   1.8193E-29   2.0739E-29   0.87723
FLUX   82    51.20        5.855322E+15   3.8584E-29   3.9059E-29   0.98783
FLUX   83    52.00        5.765240E+15   8.7798E-29   8.8654E-29   0.99035
FLUX   84    53.00        5.656462E+15   2.3798E-28   2.3800E-28   0.99991
FLUX   85    54.00        5.551713E+15   6.1068E-28   6.1461E-28   0.99361
FLUX   86    55.00        5.450773E+15   1.5305E-27   1.5308E-27   0.99984
FLUX   87    56.00        5.353437E+15   3.6819E-27   3.6822E-27   0.99992
FLUX   88    57.00        5.259517E+15   8.5703E-27   8.5704E-27   0.99998
FLUX   89    58.00        5.168836E+15   1.9121E-26   1.9342E-26   0.98859
FLUX   90    59.00        5.081229E+15   4.2347E-26   4.2365E-26   0.99958
FLUX   91    60.00        4.996542E+15   9.0173E-26   9.0225E-26   0.99942
FLUX   92    61.00        4.914631E+15   1.8710E-25   1.8710E-25   0.99998
FLUX   93    62.00        4.835363E+15   3.7826E-25   3.7830E-25   0.99990
FLUX   94    63.00        4.758611E+15   7.4660E-25   7.4666E-25   0.99992
FLUX   95    64.00        4.684258E+15   1.4409E-24   1.4411E-24   0.99982
FLUX   96    65.00        4.612192E+15   2.7215E-24   2.7216E-24   0.99997
FLUX   97    65.80        4.556117E+15   4.4581E-24   4.4584E-24   0.99993
FLUX   98    66.50        4.508158E+15   6.7870E-24   6.7945E-24   0.99889
FLUX   99    67.50        4.441370E+15   1.2193E-23   1.2202E-23   0.99928
FLUX  100    68.50        4.376533E+15   2.1505E-23   2.1510E-23   0.99980
FLUX  101    69.50        4.313561E+15   3.7250E-23   3.7251E-23   0.99997
FLUX  102    70.50        4.252376E+15   6.3218E-23   6.3428E-23   0.99669
FLUX  103    71.60        4.187046E+15   1.1178E-22   1.1179E-22   0.99990
FLUX  104    72.60        4.129373E+15   1.8412E-22   1.8412E-22   0.99998
FLUX  105    73.50        4.078809E+15   2.8488E-22   2.8492E-22   0.99987
FLUX  106    74.50        4.024060E+15   4.5641E-22   4.5668E-22   0.99939
FLUX  107    75.50        3.970762E+15   7.2140E-22   7.2204E-22   0.99912
FLUX  108    76.50        3.918856E+15   1.1262E-21   1.1267E-21   0.99954
FLUX  109    77.50        3.868290E+15   1.7348E-21   1.7361E-21   0.99924
FLUX  110    78.50        3.819013E+15   2.6428E-21   2.6428E-21   0.99998
FLUX  111    79.50        3.770975E+15   3.9497E-21   3.9766E-21   0.99324
FLUX  112    80.50        3.724130E+15   5.8968E-21   5.9168E-21   0.99661
FLUX  113    81.50        3.678436E+15   8.7054E-21   8.7093E-21   0.99954
FLUX  114    82.50        3.633848E+15   1.2685E-20   1.2689E-20   0.99969
FLUX  115    83.50        3.590329E+15   1.8305E-20   1.8308E-20   0.99984
FLUX  116    84.50        3.547840E+15   2.6158E-20   2.6161E-20   0.99989
FLUX  117    85.50        3.506345E+15   3.7040E-20   3.7044E-20   0.99990
FLUX  118    86.50        3.465809E+15   5.1974E-20   5.1978E-20   0.99993
FLUX  119    87.50        3.426200E+15   7.2131E-20   7.2306E-20   0.99758
FLUX  120    88.50        3.387486E+15   9.9746E-20   9.9762E-20   0.99985
FLUX  121    89.50        3.349637E+15   1.3653E-19   1.3654E-19   0.99993
FLUX  122    90.50        3.312624E+15   1.8512E-19   1.8544E-19   0.99825
FLUX  123    91.50        3.276421E+15   1.4862E-16   3.8161E-16   0.38946
FLUX  124    92.50        3.241000E+15   4.9373E-16   5.3123E-16   0.92942
FLUX  125    93.50        3.206337E+15   6.8008E-16   7.3166E-16   0.92951
FLUX  126    94.50        3.172407E+15   9.5609E-16   9.9934E-16   0.95672
FLUX  127    95.50        3.139188E+15   1.3181E-15   1.3552E-15   0.97265
FLUX  128    96.50        3.106658E+15   1.8048E-15   1.8239E-15   0.98951
FLUX  129    97.50        3.074795E+15   2.3660E-15   2.4373E-15   0.97072
FLUX  130    98.50        3.043579E+15   3.1605E-15   3.2442E-15   0.97419
FLUX  131    99.50        3.012990E+15   4.1557E-15   4.2853E-15   0.96976
FLUX  132   100.50        2.983010E+15   5.5946E-15   5.6261E-15   0.99441
FLUX  133   101.50        2.953621E+15   7.3109E-15   7.3388E-15   0.99619
FLUX  134   102.50        2.924805E+15   9.2946E-15   9.5451E-15   0.97376
FLUX  135   103.50        2.896546E+15   1.2277E-14   1.2334E-14   0.99541
FLUX  136   104.50        2.868828E+15   1.5825E-14   1.5870E-14   0.99720
FLUX  137   105.50        2.841635E+15   2.0286E-14   2.0331E-14   0.99781
FLUX  138   106.50        2.814953E+15   2.5809E-14   2.5944E-14   0.99478
FLUX  139   107.50        2.788767E+15   3.2854E-14   3.2973E-14   0.99638
FLUX  140   108.50        2.763064E+15   4.1600E-14   4.1722E-14   0.99708
FLUX  141   109.50        2.737831E+15   5.2182E-14   5.2542E-14   0.99314
FLUX  142   110.50        2.713054E+15   1.3715E-13   4.9482E-13   0.27718
FLUX  143   111.50        2.688722E+15   4.4243E-13   6.7804E-13   0.65252
FLUX  144   112.50        2.664822E+15   6.5458E-13   9.0258E-13   0.72523
FLUX  145   113.50        2.641344E+15   9.3684E-13   1.1677E-12   0.80233
FLUX  146   114.50        2.618275E+15   1.2072E-12   1.4690E-12   0.82181
FLUX  147   115.50        2.595606E+15   1.3800E-12   1.8011E-12   0.76620
FLUX  148   116.50        2.573326E+15   1.8750E-12   2.1513E-12   0.87157
FLUX  149   117.50        2.551426E+15   2.2591E-12   2.4896E-12   0.90740
FLUX  150   118.50        2.529894E+15   2.4789E-12   3.3557E-12   0.73869
FLUX  151   119.50        2.508724E+15   1.4966E-12   3.9871E-12   0.37534
FLUX  152   120.50        2.487905E+15   1.4550E-12   4.7061E-12   0.30918
FLUX  153   121.50        2.467428E+15   5.5340E-13   5.5245E-12   0.10017
FLUX  154   122.50        2.447286E+15   1.8010E-12   6.5959E-12   0.27305
FLUX  155   123.50        2.427470E+15   4.1000E-12   7.6754E-12   0.53417
FLUX  156   124.50        2.407972E+15   8.9591E-12   1.6074E-11   0.55738
FLUX  157   125.50        2.388785E+15   1.8741E-11   2.4989E-11   0.74997
FLUX  158   126.50        2.369901E+15   1.9262E-11   3.4008E-11   0.56640
FLUX  159   127.50        2.351314E+15   2.8945E-11   4.2116E-11   0.68726
FLUX  160   128.50        2.333016E+15   3.9716E-11   5.1104E-11   0.77716
FLUX  161   129.50        2.315000E+15   4.8768E-11   6.0062E-11   0.81196
FLUX  162   130.50        2.297261E+15   4.5638E-11   6.9899E-11   0.65292
FLUX  163   131.50        2.279791E+15   6.4946E-11   8.0334E-11   0.80844
FLUX  164   132.50        2.262585E+15   7.6026E-11   9.1727E-11   0.82883
FLUX  165   133.50        2.245637E+15   8.7083E-11   1.0405E-10   0.83693
FLUX  166   134.50        2.228940E+15   1.0457E-10   1.1747E-10   0.89015
FLUX  167   135.50        2.212491E+15   1.1250E-10   1.3244E-10   0.84942
FLUX  168   136.50        2.196282E+15   1.3052E-10   1.4948E-10   0.87320
FLUX  169   137.50        2.180309E+15   1.4473E-10   1.6814E-10   0.86072
FLUX  170   138.50        2.164567E+15   1.5913E-10   1.8861E-10   0.84372
FLUX  171   139.50        2.149050E+15   1.8279E-10   2.1098E-10   0.86639
FLUX  172   140.50        2.133754E+15   2.0718E-10   2.3546E-10   0.87990
FLUX  173   141.50        2.118675E+15   2.2652E-10   2.6217E-10   0.86401
FLUX  174   142.50        2.103807E+15   2.5309E-10   2.9151E-10   0.86821
FLUX  175   143.50        2.089146E+15   2.7208E-10   3.2328E-10   0.84163
FLUX  176   144.20        2.079005E+15   3.1320E-10   3.4720E-10   0.90208
FLUX  177   144.70        2.071821E+15   3.2626E-10   3.7403E-10   0.87229
FLUX  178   145.50        2.060430E+15   3.6251E-10   4.0500E-10   0.89509
FLUX  179   146.50        2.046365E+15   3.8536E-10   4.4666E-10   0.86276
FLUX  180   147.50        2.032492E+15   4.2947E-10   4.9176E-10   0.87333
FLUX  181   148.50        2.018805E+15   4.7845E-10   5.4050E-10   0.88520
FLUX  182   149.50        2.005301E+15   5.4450E-10   5.9315E-10   0.91798
FLUX  183   150.50        1.991977E+15   6.1087E-10   6.4989E-10   0.93997
FLUX  184   151.20        1.982755E+15   6.2993E-10   6.9222E-10   0.91002
FLUX  185   151.70        1.976220E+15   6.8398E-10   8.4971E-10   0.80495
FLUX  186   152.50        1.965852E+15   8.1877E-10   1.7592E-09   0.46542
FLUX  187   153.50        1.953046E+15   1.4297E-09   5.1379E-09   0.27826
FLUX  188   154.50        1.940405E+15   2.0436E-09   5.6608E-09   0.36100
FLUX  189   155.50        1.927926E+15   2.2863E-09   6.2202E-09   0.36756
FLUX  190   156.50        1.915607E+15   2.1469E-09   6.8160E-09   0.31498
FLUX  191   157.50        1.903444E+15   2.9224E-09   8.7737E-09   0.33308
FLUX  192   158.50        1.891435E+15   3.2583E-09   9.5143E-09   0.34246
FLUX  193   159.50        1.879577E+15   3.7743E-09   1.0292E-08   0.36671
FLUX  194   160.50        1.867866E+15   3.8816E-09   1.1095E-08   0.34985
FLUX  195   161.50        1.856300E+15   4.1772E-09   1.1910E-08   0.35074
FLUX  196   162.50        1.844877E+15   4.4528E-09   1.3555E-08   0.32849
FLUX  197   163.50        1.833593E+15   5.4810E-09   1.4519E-08   0.37749
FLUX  198   164.50        1.822447E+15   6.9861E-09   1.5504E-08   0.45061
FLUX  199   165.50        1.811435E+15   4.9525E-09   1.6520E-08   0.29978
FLUX  200   166.50        1.800556E+15   8.4313E-09   1.7571E-08   0.47984
FLUX  201   167.20        1.793017E+15   5.8239E-09   1.8326E-08   0.31780
FLUX  202   167.70        1.787671E+15   1.2196E-08   1.3567E-07   0.08990
FLUX  203   168.50        1.779184E+15   2.2843E-08   6.2798E-07   0.03637
FLUX  204   169.50        1.768687E+15   2.8011E-08   6.4530E-07   0.04341
FLUX  205   170.50        1.758314E+15   6.7347E-08   6.6335E-07   0.10153
FLUX  206   171.50        1.748061E+15   1.6814E-07   7.8506E-07   0.21418
FLUX  207   172.50        1.737928E+15   1.9899E-07   8.0650E-07   0.24673
FLUX  208   173.50        1.727911E+15   2.9259E-07   8.2343E-07   0.35533
FLUX  209   174.50        1.718009E+15   2.5920E-07   8.4356E-07   0.30727
FLUX  210   175.50        1.708219E+15   3.6607E-07   8.5962E-07   0.42585
FLUX  211   176.50        1.698541E+15   2.2617E-07   8.7511E-07   0.25845
FLUX  212   177.50        1.688972E+15   3.4486E-07   8.9030E-07   0.38735
FLUX  213   178.50        1.679510E+15   3.5699E-07   9.0513E-07   0.39441
FLUX  214   179.50        1.670153E+15   5.0584E-07   9.1949E-07   0.55013
FLUX  215   180.50        1.660900E+15   3.5604E-07   9.3456E-07   0.38097
FLUX  216   181.50        1.651749E+15   4.0318E-07   9.4868E-07   0.42499
FLUX  217   182.50        1.642699E+15   3.6090E-07   9.6295E-07   0.37479
FLUX  218   183.50        1.633747E+15   3.7734E-07   9.7657E-07   0.38639
FLUX  219   184.50        1.624892E+15   3.0136E-07   9.8990E-07   0.30444
FLUX  220   185.50        1.616132E+15   4.2008E-07   1.0043E-06   0.41829
FLUX  221   186.50        1.607466E+15   5.5686E-07   1.0170E-06   0.54756
FLUX  222   187.50        1.598893E+15   5.1674E-07   1.0557E-06   0.48947
FLUX  223   188.50        1.590411E+15   5.5225E-07   1.0669E-06   0.51763
FLUX  224   189.50        1.582018E+15   6.1697E-07   1.0775E-06   0.57259
FLUX  225   190.50        1.573714E+15   5.7034E-07   1.0876E-06   0.52440
FLUX  226   191.50        1.565496E+15   6.2005E-07   1.0969E-06   0.56526
FLUX  227   192.50        1.557364E+15   5.2609E-07   1.1057E-06   0.47580
FLUX  228   193.50        1.549315E+15   2.4896E-07   1.1142E-06   0.22344
FLUX  229   194.50        1.541350E+15   6.6777E-07   1.1225E-06   0.59492
FLUX  230   195.50        1.533465E+15   7.1402E-07   1.1305E-06   0.63161
FLUX  231   196.70        1.524110E+15   8.1179E-07   1.1398E-06   0.71223
FLUX  232   197.60        1.517168E+15   7.6418E-07   1.2107E-06   0.63117
FLUX  233   198.40        1.511051E+15   7.2191E-07   1.2186E-06   0.59242
FLUX  234   199.50        1.502719E+15   7.6533E-07   1.2634E-06   0.60579
FLUX  235   200.50        1.495224E+15   7.0147E-07   1.2744E-06   0.55045
FLUX  236   201.50        1.487804E+15   7.0530E-07   1.2858E-06   0.54855
FLUX  237   202.50        1.480457E+15   6.5657E-07   1.2969E-06   0.50625
FLUX  238   203.50        1.473182E+15   8.3477E-07   1.3080E-06   0.63822
FLUX  239   204.50        1.465978E+15   9.0597E-07   1.3195E-06   0.68660
FLUX  240   205.50        1.458844E+15   8.4316E-07   1.3309E-06   0.63354
FLUX  241   206.50        1.451780E+15   8.2113E-07   1.3414E-06   0.61214
FLUX  242   207.40        1.445480E+15   9.6073E-07   1.3506E-06   0.71132
FLUX  243   207.80        1.442697E+15   1.1948E-06   2.0208E-06   0.59123
FLUX  244   208.50        1.437854E+15   1.1339E-06   2.0399E-06   0.55587
FLUX  245   209.50        1.430990E+15   1.0845E-06   2.0669E-06   0.52468
FLUX  246   210.50        1.424192E+15   1.1130E-06   2.0935E-06   0.53167
FLUX  247   211.50        1.417459E+15   1.2257E-06   2.1196E-06   0.57828
FLUX  248   212.50        1.410788E+15   1.2134E-06   2.1453E-06   0.56560
FLUX  249   213.50        1.404180E+15   1.0633E-06   2.1708E-06   0.48980
FLUX  250   214.50        1.397634E+15   1.3051E-06   2.1960E-06   0.59432
FLUX  251   215.50        1.391148E+15   1.3444E-06   2.2212E-06   0.60526
FLUX  252   216.50        1.384723E+15   1.2037E-06   2.2465E-06   0.53583
FLUX  253   217.50        1.378356E+15   1.2442E-06   2.2719E-06   0.54764
FLUX  254   218.50        1.372048E+15   1.3912E-06   2.2976E-06   0.60550
FLUX  255   219.50        1.365797E+15   1.4980E-06   2.3236E-06   0.64469
FLUX  256   220.50        1.359603E+15   1.3870E-06   2.3499E-06   0.59022
FLUX  257   221.50        1.353465E+15   1.1759E-06   2.3767E-06   0.49476
FLUX  258   222.50        1.347382E+15   1.2239E-06   2.4092E-06   0.50800
FLUX  259   223.50        1.341353E+15   1.5235E-06   2.4364E-06   0.62529
FLUX  260   224.50        1.335379E+15   1.4313E-06   2.4638E-06   0.58092
FLUX  261   225.50        1.329457E+15   1.1886E-06   2.5269E-06   0.47038
FLUX  262   226.50        1.323587E+15   1.1888E-06   2.5530E-06   0.46566
FLUX  263   227.50        1.317769E+15   1.3683E-06   2.5790E-06   0.53056
FLUX  264   228.50        1.312002E+15   1.5112E-06   2.6046E-06   0.58022
FLUX  265   229.50        1.306285E+15   1.3385E-06   2.6302E-06   0.50892
FLUX  266   230.50        1.300618E+15   1.5035E-06   2.6557E-06   0.56615
FLUX  267   231.50        1.295000E+15   1.3983E-06   2.6813E-06   0.52148
FLUX  268   232.50        1.289430E+15   1.3521E-06   2.7070E-06   0.49950
FLUX  269   233.50        1.283908E+15   9.9341E-07   2.7408E-06   0.36246
FLUX  270   234.50        1.278433E+15   7.0608E-07   2.7661E-06   0.25526
FLUX  271   235.50        1.273004E+15   1.2744E-06   2.7914E-06   0.45654
FLUX  272   236.50        1.267622E+15   7.5422E-07   2.8168E-06   0.26776
FLUX  273   237.50        1.262284E+15   1.0202E-06   2.8422E-06   0.35894
FLUX  274   238.50        1.256992E+15   5.6334E-07   2.8682E-06   0.19641
FLUX  275   239.50        1.251743E+15   8.0756E-07   2.8937E-06   0.27908
FLUX  276   240.50        1.246538E+15   7.7122E-07   2.9192E-06   0.26418
FLUX  277   241.50        1.241377E+15   9.2790E-07   2.9448E-06   0.31509
FLUX  278   242.50        1.236258E+15   1.4895E-06   2.9703E-06   0.50145
FLUX  279   243.50        1.231181E+15   1.4274E-06   2.9958E-06   0.47646
FLUX  280   244.50        1.226145E+15   1.5972E-06   3.0338E-06   0.52648
FLUX  281   245.50        1.221151E+15   1.6756E-06   3.0589E-06   0.54778
FLUX  282   246.50        1.216197E+15   1.5757E-06   3.0840E-06   0.51092
FLUX  283   247.50        1.211283E+15   1.4769E-06   3.1091E-06   0.47502
FLUX  284   248.50        1.206408E+15   1.3401E-06   3.1342E-06   0.42757
FLUX  285   249.50        1.201573E+15   1.3484E-06   3.1593E-06   0.42679
FLUX  286   250.50        1.196776E+15   1.7945E-06   3.1940E-06   0.56184
FLUX  287   251.30        1.192967E+15   1.3131E-06   3.2137E-06   0.40858
FLUX  288   251.80        1.190598E+15   1.2541E-06   3.6664E-06   0.34207
FLUX  289   252.50        1.187297E+15   1.0683E-06   3.6875E-06   0.28969
FLUX  290   253.50        1.182613E+15   9.8907E-07   3.7181E-06   0.26601
FLUX  291   254.50        1.177967E+15   1.0282E-06   3.7486E-06   0.27428
FLUX  292   255.50        1.173356E+15   1.4438E-06   3.7791E-06   0.38204
FLUX  293   256.50        1.168782E+15   1.3228E-06   3.8095E-06   0.34724
FLUX  294   257.50        1.164243E+15   1.6559E-06   3.8401E-06   0.43121
FLUX  295   258.50        1.159739E+15   1.5688E-06   3.8709E-06   0.40529
FLUX  296   259.50        1.155270E+15   1.4432E-06   3.9016E-06   0.36989
FLUX  297   260.50        1.150835E+15   1.2589E-06   3.9324E-06   0.32014
FLUX  298   261.50        1.146434E+15   1.1628E-06   3.9631E-06   0.29340
FLUX  299   262.50        1.142067E+15   1.5531E-06   3.9938E-06   0.38888
FLUX  300   263.50        1.137732E+15   1.9448E-06   4.0281E-06   0.48281
FLUX  301   264.50        1.133431E+15   2.6042E-06   4.0586E-06   0.64166
FLUX  302   265.50        1.129162E+15   2.8341E-06   4.0890E-06   0.69310
FLUX  303   266.50        1.124925E+15   2.2519E-06   4.1195E-06   0.54664
FLUX  304   267.50        1.120720E+15   2.5059E-06   4.1501E-06   0.60383
FLUX  305   268.50        1.116546E+15   2.6240E-06   4.1807E-06   0.62764
FLUX  306   269.50        1.112403E+15   2.3619E-06   4.2112E-06   0.56086
FLUX  307   270.50        1.108290E+15   2.6062E-06   4.2459E-06   0.61381
FLUX  308   271.50        1.104208E+15   2.2002E-06   4.2761E-06   0.51452
FLUX  309   272.50        1.100156E+15   2.2562E-06   4.3063E-06   0.52391
FLUX  310   273.50        1.096133E+15   2.4028E-06   4.3366E-06   0.55408
FLUX  311   274.50        1.092140E+15   1.4679E-06   4.3669E-06   0.33614
FLUX  312   275.50        1.088176E+15   1.7900E-06   4.3972E-06   0.40708
FLUX  313   276.50        1.084240E+15   2.1854E-06   4.4274E-06   0.49360
FLUX  314   277.50        1.080333E+15   2.5367E-06   4.4578E-06   0.56904
FLUX  315   278.50        1.076454E+15   1.8934E-06   4.4881E-06   0.42187
FLUX  316   279.50        1.072603E+15   6.1705E-07   4.5186E-06   0.13656
FLUX  317   280.50        1.068779E+15   8.4777E-07   4.5490E-06   0.18636
FLUX  318   281.50        1.064982E+15   2.5161E-06   4.5795E-06   0.54943
FLUX  319   282.50        1.061212E+15   3.1360E-06   4.6101E-06   0.68025
FLUX  320   283.50        1.057469E+15   3.0182E-06   4.6406E-06   0.65040
FLUX  321   284.50        1.053752E+15   2.9272E-06   4.6712E-06   0.62664
FLUX  322   285.50        1.050061E+15   2.2508E-06   4.7018E-06   0.47871
FLUX  323   286.50        1.046396E+15   3.1540E-06   4.7324E-06   0.66648
FLUX  324   287.50        1.042757E+15   3.2157E-06   4.7630E-06   0.67515
FLUX  325   288.50        1.039142E+15   3.1467E-06   4.7935E-06   0.65645
FLUX  326   289.50        1.035553E+15   3.1482E-06   4.8240E-06   0.65262
FLUX  327   291.00        1.030215E+15   3.7114E-06   4.8723E-06   0.76175
FLUX  328   293.00        1.023183E+15   3.5051E-06   4.9328E-06   0.71057
FLUX  329   295.00        1.016246E+15   3.5072E-06   4.9938E-06   0.70231
FLUX  330   297.00        1.009402E+15   3.8120E-06   5.0544E-06   0.75419
FLUX  331   299.00        1.002650E+15   3.8477E-06   5.1151E-06   0.75223
FLUX  332   301.00        9.959884E+14   4.0507E-06   5.1757E-06   0.78263
FLUX  333   303.00        9.894142E+14   4.0864E-06   5.2365E-06   0.78038
FLUX  334   305.00        9.829262E+14   4.1485E-06   5.2970E-06   0.78318
FLUX  335   307.00        9.765228E+14   4.2426E-06   5.3574E-06   0.79190
FLUX  336   309.00        9.702023E+14   4.3790E-06   5.4200E-06   0.80793
FLUX  337   311.00        9.639630E+14   4.3737E-06   5.4799E-06   0.79812
FLUX  338   313.00        9.578035E+14   4.3862E-06   5.5405E-06   0.79166
FLUX  339   315.00        9.517222E+14   4.4913E-06   5.6004E-06   0.80196
FLUX  340   317.00        9.457177E+14   4.5817E-06   5.6604E-06   0.80943
FLUX  341   319.00        9.397884E+14   4.2993E-06   5.7204E-06   0.75156
FLUX  342   321.00        9.339330E+14   4.5898E-06   5.7803E-06   0.79404
FLUX  343   323.00        9.281501E+14   4.3215E-06   5.8408E-06   0.73988
FLUX  344   325.00        9.224385E+14   4.7056E-06   5.9004E-06   0.79750
FLUX  345   327.00        9.167966E+14   4.9988E-06   5.9598E-06   0.83876
FLUX  346   329.00        9.112234E+14   5.0129E-06   6.0192E-06   0.83282
FLUX  347   331.00        9.057175E+14   5.1597E-06   6.0782E-06   0.84888
FLUX  348   333.00        9.002778E+14   5.1379E-06   6.1371E-06   0.83720
FLUX  349   335.00        8.949030E+14   5.1391E-06   6.1957E-06   0.82946
FLUX  350   337.00        8.895920E+14   5.0454E-06   6.2543E-06   0.80671
FLUX  351   339.00        8.843436E+14   5.2418E-06   6.3128E-06   0.83034
FLUX  352   341.00        8.791569E+14   5.3049E-06   6.3710E-06   0.83267
FLUX  353   343.00        8.740306E+14   5.3807E-06   6.4290E-06   0.83694
FLUX  354   345.00        8.689638E+14   5.5007E-06   6.4871E-06   0.84794
FLUX  355   347.00        8.639553E+14   5.4928E-06   6.5449E-06   0.83925
FLUX  356   349.00        8.590043E+14   5.6059E-06   6.6025E-06   0.84906
FLUX  357   351.00        8.541097E+14   5.7646E-06   6.6600E-06   0.86556
FLUX  358   353.00        8.492705E+14   5.7422E-06   6.7173E-06   0.85483
FLUX  359   355.00        8.444859E+14   6.0559E-06   6.7743E-06   0.89395
FLUX  360   357.00        8.397549E+14   5.7333E-06   6.8312E-06   0.83929
FLUX  361   359.00        8.350766E+14   5.7902E-06   6.8878E-06   0.84065
FLUX  362   361.00        8.304501E+14   5.8928E-06   6.9443E-06   0.84858
FLUX  363   363.00        8.258746E+14   5.9805E-06   7.0003E-06   0.85432
FLUX  364   364.00        8.236058E+14   5.9571E-06   7.0286E-06   0.84756
FLUX  365   365.00        8.213493E+14   6.3400E-06   1.7063E-05   0.37156
FLUX  366   367.00        8.168733E+14   6.3298E-06   1.7122E-05   0.36968
FLUX  367   369.00        8.124458E+14   6.1628E-06   1.7180E-05   0.35872
FLUX  368   371.00        8.080660E+14   6.5078E-06   1.7237E-05   0.37755
FLUX  369   373.00        8.037332E+14   6.5638E-06   1.7292E-05   0.37958
FLUX  370   375.00        7.994467E+14   7.9064E-06   1.7346E-05   0.45581
FLUX  371   377.00        7.952056E+14   8.5458E-06   1.7422E-05   0.49053
FLUX  372   379.00        7.910092E+14   9.9649E-06   1.7472E-05   0.57035
FLUX  373   381.00        7.868569E+14   1.1342E-05   1.7520E-05   0.64738
FLUX  374   383.00        7.827480E+14   9.1913E-06   1.7568E-05   0.52318
FLUX  375   385.00        7.786818E+14   1.2389E-05   1.7619E-05   0.70319
FLUX  376   387.00        7.746576E+14   1.3464E-05   1.7665E-05   0.76217
FLUX  377   389.00        7.706748E+14   9.3944E-06   1.7712E-05   0.53041
FLUX  378   391.00        7.667327E+14   1.3547E-05   1.7757E-05   0.76290
FLUX  379   393.00        7.628308E+14   9.9071E-06   1.7801E-05   0.55654
FLUX  380   395.00        7.589683E+14   1.3251E-05   1.7845E-05   0.74257
FLUX  381   397.00        7.551448E+14   8.2568E-06   1.7887E-05   0.46160
FLUX  382   399.00        7.513596E+14   1.4163E-05   1.7929E-05   0.78995
FLUX  383   401.00        7.476122E+14   1.5472E-05   1.7972E-05   0.86088
FLUX  384   403.00        7.439020E+14   1.5613E-05   1.8012E-05   0.86683
FLUX  385   405.00        7.402284E+14   1.5487E-05   1.8051E-05   0.85794
FLUX  386   407.00        7.365909E+14   1.5283E-05   1.8090E-05   0.84487
FLUX  387   409.00        7.329890E+14   1.3674E-05   1.8127E-05   0.75432
FLUX  388   411.00        7.294221E+14   1.1350E-05   1.8164E-05   0.62488
FLUX  389   413.00        7.258898E+14   1.5563E-05   1.8199E-05   0.85517
FLUX  390   415.00        7.223916E+14   1.6380E-05   1.8234E-05   0.89835
FLUX  391   417.00        7.189269E+14   1.6380E-05   1.8268E-05   0.89666
FLUX  392   419.00        7.154952E+14   1.6446E-05   1.8301E-05   0.89864
FLUX  393   421.00        7.120962E+14   1.6530E-05   1.8333E-05   0.90165
FLUX  394   423.00        7.087293E+14   1.6209E-05   1.8364E-05   0.88265
FLUX  395   425.00        7.053941E+14   1.6636E-05   1.8394E-05   0.90441
FLUX  396   427.00        7.020902E+14   1.6210E-05   1.8424E-05   0.87985
FLUX  397   429.00        6.988170E+14   1.6278E-05   1.8453E-05   0.88213
FLUX  398   431.00        6.955742E+14   1.5404E-05   1.8479E-05   0.83356
FLUX  399   433.00        6.923614E+14   1.3737E-05   1.8505E-05   0.74233
FLUX  400   435.00        6.891782E+14   1.2167E-05   1.8531E-05   0.65658
FLUX  401   437.00        6.860240E+14   1.6571E-05   1.8555E-05   0.89307
FLUX  402   439.00        6.828986E+14   1.6779E-05   1.8579E-05   0.90312
FLUX  403   441.00        6.798016E+14   1.6835E-05   1.8602E-05   0.90500
FLUX  404   443.00        6.767325E+14   1.6720E-05   1.8624E-05   0.89779
FLUX  405   445.00        6.736910E+14   1.7065E-05   1.8645E-05   0.91524
FLUX  406   447.00        6.706767E+14   1.7269E-05   1.8666E-05   0.92516
FLUX  407   449.00        6.676893E+14   1.7253E-05   1.8686E-05   0.92330
FLUX  408   451.00        6.647284E+14   1.7943E-05   1.8705E-05   0.95923
FLUX  409   453.00        6.617936E+14   1.7345E-05   1.8724E-05   0.92637
FLUX  410   455.00        6.588846E+14   1.7463E-05   1.8742E-05   0.93175
FLUX  411   457.00        6.560011E+14   1.8030E-05   1.8760E-05   0.96107
FLUX  412   459.00        6.531427E+14   1.7543E-05   1.8778E-05   0.93425
FLUX  413   461.00        6.503091E+14   1.7917E-05   1.8795E-05   0.95328
FLUX  414   463.00        6.475000E+14   1.7702E-05   1.8811E-05   0.94106
FLUX  415   465.00        6.447150E+14   1.7922E-05   1.8827E-05   0.95194
FLUX  416   467.00        6.419540E+14   1.8121E-05   1.8842E-05   0.96178
FLUX  417   469.00        6.392164E+14   1.7682E-05   1.8856E-05   0.93772
FLUX  418   471.00        6.365021E+14   1.7210E-05   1.8870E-05   0.91201
FLUX  419   473.00        6.338108E+14   1.8082E-05   1.8884E-05   0.95753
FLUX  420   475.00        6.311421E+14   1.8201E-05   1.8897E-05   0.96314
FLUX  421   477.00        6.284958E+14   1.8104E-05   1.8910E-05   0.95738
FLUX  422   479.00        6.258716E+14   1.8126E-05   1.8922E-05   0.95793
FLUX  423   481.00        6.232692E+14   1.7959E-05   1.8933E-05   0.94857
FLUX  424   483.00        6.206884E+14   1.7665E-05   1.8943E-05   0.93251
FLUX  425   485.00        6.181289E+14   1.5056E-05   1.8968E-05   0.79374
FLUX  426   487.00        6.155903E+14   1.2622E-05   1.8977E-05   0.66511
FLUX  427   489.00        6.130726E+14   1.7206E-05   1.8986E-05   0.90623
FLUX  428   491.00        6.105753E+14   1.7840E-05   1.8995E-05   0.93923
FLUX  429   493.00        6.080984E+14   1.7804E-05   1.9002E-05   0.93695
FLUX  430   495.00        6.056414E+14   1.8241E-05   1.9010E-05   0.95953
FLUX  431   497.00        6.032042E+14   1.8425E-05   1.9017E-05   0.96889
FLUX  432   499.00        6.007866E+14   1.7925E-05   1.9023E-05   0.94229
FLUX  433   501.00        5.983882E+14   1.7534E-05   1.9029E-05   0.92142
FLUX  434   503.00        5.960089E+14   1.8106E-05   1.9035E-05   0.95120
FLUX  435   505.00        5.936485E+14   1.8011E-05   1.9040E-05   0.94598
FLUX  436   507.00        5.913067E+14   1.8444E-05   1.9044E-05   0.96850
FLUX  437   509.00        5.889833E+14   1.8297E-05   1.9048E-05   0.96053
FLUX  438   511.00        5.866781E+14   1.8432E-05   1.9052E-05   0.96745
FLUX  439   513.00        5.843908E+14   1.8239E-05   1.9055E-05   0.95718
FLUX  440   515.00        5.821214E+14   1.8044E-05   1.9058E-05   0.94680
FLUX  441   517.00        5.798694E+14   1.7767E-05   1.9060E-05   0.93219
FLUX  442   519.00        5.776349E+14   1.7782E-05   1.9061E-05   0.93288
FLUX  443   521.00        5.754175E+14   1.8096E-05   1.9062E-05   0.94930
FLUX  444   523.00        5.732170E+14   1.8166E-05   1.9063E-05   0.95291
FLUX  445   525.00        5.710333E+14   1.8422E-05   1.9064E-05   0.96632
FLUX  446   527.00        5.688662E+14   1.7473E-05   1.9064E-05   0.91654
FLUX  447   529.00        5.667155E+14   1.8349E-05   1.9064E-05   0.96252
FLUX  448   531.00        5.645810E+14   1.8414E-05   1.9063E-05   0.96597
FLUX  449   533.00        5.624625E+14   1.7795E-05   1.9062E-05   0.93354
FLUX  450   535.00        5.603598E+14   1.8386E-05   1.9061E-05   0.96456
FLUX  451   537.00        5.582728E+14   1.8434E-05   1.9061E-05   0.96710
FLUX  452   539.00        5.562013E+14   1.8381E-05   1.9065E-05   0.96410
FLUX  453   541.00        5.541451E+14   1.8111E-05   1.9063E-05   0.95004
FLUX  454   543.00        5.521040E+14   1.8411E-05   1.9060E-05   0.96591
FLUX  455   545.00        5.500780E+14   1.8628E-05   1.9057E-05   0.97749
FLUX  456   547.00        5.480667E+14   1.8516E-05   1.9054E-05   0.97178
FLUX  457   549.00        5.460701E+14   1.8450E-05   1.9050E-05   0.96854
FLUX  458   551.00        5.440880E+14   1.8507E-05   1.9046E-05   0.97173
FLUX  459   553.00        5.421202E+14   1.8528E-05   1.9042E-05   0.97301
FLUX  460   555.00        5.401667E+14   1.8635E-05   1.9037E-05   0.97889
FLUX  461   557.00        5.382271E+14   1.8506E-05   1.9032E-05   0.97235
FLUX  462   559.00        5.363014E+14   1.8435E-05   1.9027E-05   0.96887
FLUX  463   561.00        5.343895E+14   1.8570E-05   1.9021E-05   0.97630
FLUX  464   563.00        5.324911E+14   1.8667E-05   1.9023E-05   0.98130
FLUX  465   565.00        5.306062E+14   1.8604E-05   1.9017E-05   0.97833
FLUX  466   567.00        5.287346E+14   1.8445E-05   1.9010E-05   0.97028
FLUX  467   569.00        5.268761E+14   1.8584E-05   1.9004E-05   0.97793
FLUX  468   571.00        5.250306E+14   1.8546E-05   1.8997E-05   0.97627
FLUX  469   573.00        5.231981E+14   1.8901E-05   1.8990E-05   0.99532
FLUX  470   575.00        5.213783E+14   1.8676E-05   1.8982E-05   0.98386
FLUX  471   577.00        5.195711E+14   1.8774E-05   1.8975E-05   0.98942
FLUX  472   579.00        5.177763E+14   1.8665E-05   1.8967E-05   0.98411
FLUX  473   581.00        5.159940E+14   1.8763E-05   1.8958E-05   0.98968
FLUX  474   583.00        5.142238E+14   1.8830E-05   1.8950E-05   0.99371
FLUX  475   585.00        5.124658E+14   1.8730E-05   1.8941E-05   0.98886
FLUX  476   587.00        5.107198E+14   1.8748E-05   1.8931E-05   0.99031
FLUX  477   589.00        5.089856E+14   1.8456E-05   1.8922E-05   0.97536
FLUX  478   591.00        5.072631E+14   1.8724E-05   1.8912E-05   0.99006
FLUX  479   593.00        5.055523E+14   1.8718E-05   1.8902E-05   0.99025
FLUX  480   595.00        5.038529E+14   1.8733E-05   1.8895E-05   0.99146
FLUX  481   597.00        5.021650E+14   1.8755E-05   1.8884E-05   0.99315
FLUX  482   599.00        5.004883E+14   1.8676E-05   1.8874E-05   0.98955
FLUX  483   601.00        4.988228E+14   1.8543E-05   1.8863E-05   0.98308
FLUX  484   603.00        4.971683E+14   1.8601E-05   1.8851E-05   0.98672
FLUX  485   605.00        4.955248E+14   1.8688E-05   1.8840E-05   0.99189
FLUX  486   607.00        4.938921E+14   1.8762E-05   1.8829E-05   0.99644
FLUX  487   609.00        4.922701E+14   1.8628E-05   1.8817E-05   0.98998
FLUX  488   611.00        4.906588E+14   1.8545E-05   1.8805E-05   0.98619
FLUX  489   613.00        4.890579E+14   1.8351E-05   1.8792E-05   0.97650
FLUX  490   615.00        4.874675E+14   1.8292E-05   1.8780E-05   0.97401
FLUX  491   617.00        4.858874E+14   1.8236E-05   1.8767E-05   0.97166
FLUX  492   619.00        4.843174E+14   1.8596E-05   1.8755E-05   0.99154
FLUX  493   621.00        4.827576E+14   1.8614E-05   1.8742E-05   0.99319
FLUX  494   623.00        4.812079E+14   1.8458E-05   1.8729E-05   0.98556
FLUX  495   625.00        4.796680E+14   1.8149E-05   1.8715E-05   0.96972
FLUX  496   627.00        4.781380E+14   1.8589E-05   1.8714E-05   0.99332
FLUX  497   629.00        4.766176E+14   1.8599E-05   1.8700E-05   0.99455
FLUX  498   631.00        4.751070E+14   1.8387E-05   1.8687E-05   0.98395
FLUX  499   633.00        4.736058E+14   1.8434E-05   1.8673E-05   0.98721
FLUX  500   635.00        4.721142E+14   1.8347E-05   1.8660E-05   0.98324
FLUX  501   637.00        4.706319E+14   1.8354E-05   1.8645E-05   0.98440
FLUX  502   639.00        4.691588E+14   1.8461E-05   1.8631E-05   0.99088
FLUX  503   641.00        4.676950E+14   1.8295E-05   1.8616E-05   0.98273
FLUX  504   643.00        4.662403E+14   1.8379E-05   1.8601E-05   0.98802
FLUX  505   645.00        4.647946E+14   1.8215E-05   1.8586E-05   0.97999
FLUX  506   647.00        4.633578E+14   1.8273E-05   1.8571E-05   0.98392
FLUX  507   649.00        4.619299E+14   1.8137E-05   1.8556E-05   0.97743
FLUX  508   651.00        4.605107E+14   1.8158E-05   1.8542E-05   0.97929
FLUX  509   653.00        4.591003E+14   1.7859E-05   1.8527E-05   0.96397
FLUX  510   655.00        4.576985E+14   1.6254E-05   1.8519E-05   0.87768
FLUX  511   657.00        4.563052E+14   1.3480E-05   1.8503E-05   0.72855
FLUX  512   659.00        4.549203E+14   1.7394E-05   1.8487E-05   0.94090
FLUX  513   661.00        4.535439E+14   1.8063E-05   1.8471E-05   0.97794
FLUX  514   663.00        4.521757E+14   1.8208E-05   1.8455E-05   0.98666
FLUX  515   665.00        4.508158E+14   1.8247E-05   1.8438E-05   0.98962
FLUX  516   667.00        4.494640E+14   1.8197E-05   1.8422E-05   0.98781
FLUX  517   669.00        4.481203E+14   1.8296E-05   1.8405E-05   0.99412
FLUX  518   671.00        4.467846E+14   1.8240E-05   1.8387E-05   0.99198
FLUX  519   673.00        4.454569E+14   1.8266E-05   1.8370E-05   0.99433
FLUX  520   675.00        4.441370E+14   1.8116E-05   1.8353E-05   0.98713
FLUX  521   677.00        4.428250E+14   1.8250E-05   1.8335E-05   0.99537
FLUX  522   679.00        4.415206E+14   1.8206E-05   1.8317E-05   0.99391
FLUX  523   681.00        4.402239E+14   1.8183E-05   1.8300E-05   0.99361
FLUX  524   683.00        4.389348E+14   1.8160E-05   1.8282E-05   0.99333
FLUX  525   685.00        4.376533E+14   1.8097E-05   1.8264E-05   0.99088
FLUX  526   687.00        4.363792E+14   1.8152E-05   1.8246E-05   0.99486
FLUX  527   689.00        4.351125E+14   1.8141E-05   1.8227E-05   0.99525
FLUX  528   691.00        4.338531E+14   1.8112E-05   1.8209E-05   0.99469
FLUX  529   693.00        4.326010E+14   1.8085E-05   1.8191E-05   0.99418
FLUX  530   695.00        4.313561E+14   1.8083E-05   1.8172E-05   0.99511
FLUX  531   697.00        4.301184E+14   1.8050E-05   1.8154E-05   0.99432
FLUX  532   699.00        4.288877E+14   1.8064E-05   1.8135E-05   0.99609
FLUX  533   701.00        4.276640E+14   1.7838E-05   1.8116E-05   0.98461
FLUX  534   703.00        4.264474E+14   1.7952E-05   1.8097E-05   0.99198
FLUX  535   705.00        4.252376E+14   1.7984E-05   1.8079E-05   0.99479
FLUX  536   707.00        4.240346E+14   1.7961E-05   1.8059E-05   0.99453
FLUX  537   709.00        4.228385E+14   1.7944E-05   1.8040E-05   0.99464
FLUX  538   711.00        4.216491E+14   1.7683E-05   1.8021E-05   0.98127
FLUX  539   713.00        4.204663E+14   1.7811E-05   1.8002E-05   0.98943
FLUX  540   715.00        4.192902E+14   1.7813E-05   1.7982E-05   0.99061
FLUX  541   717.00        4.181206E+14   1.7763E-05   1.7963E-05   0.98887
FLUX  542   719.00        4.169576E+14   1.7675E-05   1.7943E-05   0.98509
FLUX  543   721.00        4.158010E+14   1.7759E-05   1.7923E-05   0.99083
FLUX  544   723.00        4.146508E+14   1.7720E-05   1.7903E-05   0.98975
FLUX  545   725.00        4.135069E+14   1.7698E-05   1.7888E-05   0.98936
FLUX  546   727.00        4.123693E+14   1.7756E-05   1.7868E-05   0.99375
FLUX  547   729.00        4.112380E+14   1.7585E-05   1.7848E-05   0.98529
FLUX  548   731.00        4.101129E+14   1.7666E-05   1.7837E-05   0.99041
FLUX  549   733.00        4.089939E+14   1.7655E-05   1.7817E-05   0.99089
FLUX  550   735.00        4.078809E+14   1.7691E-05   1.7797E-05   0.99406
FLUX  551   737.00        4.067741E+14   1.7680E-05   1.7776E-05   0.99458
FLUX  552   739.00        4.056732E+14   1.7532E-05   1.7756E-05   0.98740
FLUX  553   741.00        4.045783E+14   1.7430E-05   1.7735E-05   0.98281
FLUX  554   743.00        4.034892E+14   1.7439E-05   1.7714E-05   0.98449
FLUX  555   745.00        4.024060E+14   1.7476E-05   1.7693E-05   0.98771
FLUX  556   747.00        4.013286E+14   1.7440E-05   1.7672E-05   0.98686
FLUX  557   749.00        4.002570E+14   1.7446E-05   1.7651E-05   0.98834
FLUX  558   751.00        3.991911E+14   1.7491E-05   1.7630E-05   0.99207
FLUX  559   753.00        3.981308E+14   1.7480E-05   1.7609E-05   0.99267
FLUX  560   755.00        3.970762E+14   1.7530E-05   1.7588E-05   0.99665
FLUX  561   757.00        3.960271E+14   1.7452E-05   1.7567E-05   0.99342
FLUX  562   759.00        3.949835E+14   1.7460E-05   1.7546E-05   0.99513
FLUX  563   761.00        3.939455E+14   1.7417E-05   1.7525E-05   0.99384
FLUX  564   763.00        3.929128E+14   1.7427E-05   1.7503E-05   0.99567
FLUX  565   765.00        3.918856E+14   1.7366E-05   1.7482E-05   0.99338
FLUX  566   767.00        3.908638E+14   1.7221E-05   1.7460E-05   0.98633
FLUX  567   769.00        3.898472E+14   1.7274E-05   1.7439E-05   0.99056
FLUX  568   771.00        3.888359E+14   1.7273E-05   1.7417E-05   0.99174
FLUX  569   773.00        3.878299E+14   1.7291E-05   1.7395E-05   0.99399
FLUX  570   775.00        3.868290E+14   1.7216E-05   1.7374E-05   0.99090
FLUX  571   777.00        3.858333E+14   1.7023E-05   1.7352E-05   0.98107
FLUX  572   779.00        3.848427E+14   1.7292E-05   1.7330E-05   0.99779
FLUX  573   781.00        3.838572E+14   1.7222E-05   1.7308E-05   0.99503
FLUX  574   783.00        3.828768E+14   1.7133E-05   1.7286E-05   0.99112
FLUX  575   785.00        3.819013E+14   1.7085E-05   1.7264E-05   0.98959
FLUX  576   787.00        3.809307E+14   1.7115E-05   1.7242E-05   0.99262
FLUX  577   789.00        3.799651E+14   1.7079E-05   1.7220E-05   0.99178
FLUX  578   791.00        3.790044E+14   1.7020E-05   1.7198E-05   0.98961
FLUX  579   793.00        3.780485E+14   1.6906E-05   1.7176E-05   0.98424
FLUX  580   795.00        3.770975E+14   1.6937E-05   1.7154E-05   0.98735
FLUX  581   797.00        3.761512E+14   1.7074E-05   1.7133E-05   0.99656
FLUX  582   799.00        3.752096E+14   1.6982E-05   1.7110E-05   0.99252
FLUX  583   801.00        3.742728E+14   1.6990E-05   1.7088E-05   0.99428
FLUX  584   803.00        3.733406E+14   1.6924E-05   1.7066E-05   0.99172
FLUX  585   805.00        3.724130E+14   1.6931E-05   1.7043E-05   0.99339
FLUX  586   807.00        3.714901E+14   1.6926E-05   1.7021E-05   0.99443
FLUX  587   809.00        3.705717E+14   1.6868E-05   1.6998E-05   0.99232
FLUX  588   811.00        3.696578E+14   1.6919E-05   1.6976E-05   0.99665
FLUX  589   813.00        3.687485E+14   1.6928E-05   1.6953E-05   0.99849
FLUX  590   815.00        3.678436E+14   1.6889E-05   1.6931E-05   0.99755
FLUX  591   817.00        3.669431E+14   1.6869E-05   1.6908E-05   0.99766
FLUX  592   819.00        3.660470E+14   1.6615E-05   1.6885E-05   0.98398
FLUX  593   821.00        3.651553E+14   1.6632E-05   1.8024E-05   0.92273
FLUX  594   823.00        3.642679E+14   1.6639E-05   1.8000E-05   0.92435
FLUX  595   825.00        3.633848E+14   1.6646E-05   1.7976E-05   0.92602
FLUX  596   827.00        3.625060E+14   1.6782E-05   1.7952E-05   0.93481
FLUX  597   829.00        3.616315E+14   1.6743E-05   1.7928E-05   0.93390
FLUX  598   831.00        3.607611E+14   1.6639E-05   1.7904E-05   0.92936
FLUX  599   833.00        3.598950E+14   1.6540E-05   1.7880E-05   0.92509
FLUX  600   835.00        3.590329E+14   1.6631E-05   1.7856E-05   0.93141
FLUX  601   837.00        3.581750E+14   1.6665E-05   1.7832E-05   0.93459
FLUX  602   839.00        3.573212E+14   1.6576E-05   1.7807E-05   0.93088
FLUX  603   841.00        3.564715E+14   1.6599E-05   1.7783E-05   0.93342
FLUX  604   843.00        3.556257E+14   1.6512E-05   1.7759E-05   0.92977
FLUX  605   845.00        3.547840E+14   1.6335E-05   1.7735E-05   0.92106
FLUX  606   847.00        3.539463E+14   1.6355E-05   1.7711E-05   0.92348
FLUX  607   849.00        3.531125E+14   1.6413E-05   1.7687E-05   0.92800
FLUX  608   851.00        3.522826E+14   1.5748E-05   1.7662E-05   0.89161
FLUX  609   853.00        3.514566E+14   1.6404E-05   1.7638E-05   0.93004
FLUX  610   855.00        3.506345E+14   1.4544E-05   1.7615E-05   0.82568
FLUX  611   857.00        3.498162E+14   1.6622E-05   1.7591E-05   0.94490
FLUX  612   859.00        3.490017E+14   1.6040E-05   1.7567E-05   0.91308
FLUX  613   861.00        3.481911E+14   1.5837E-05   1.7543E-05   0.90279
FLUX  614   863.00        3.473841E+14   1.6664E-05   1.7518E-05   0.95122
FLUX  615   865.00        3.465809E+14   1.6344E-05   1.7494E-05   0.93425
FLUX  616   867.00        3.457814E+14   1.4051E-05   1.7470E-05   0.80428
FLUX  617   869.00        3.449856E+14   1.6290E-05   1.7446E-05   0.93376
FLUX  618   871.00        3.441935E+14   1.6758E-05   1.7422E-05   0.96191
FLUX  619   873.00        3.434049E+14   1.6461E-05   1.7398E-05   0.94618
FLUX  620   875.00        3.426200E+14   1.4418E-05   1.7374E-05   0.82985
FLUX  621   877.00        3.418387E+14   1.6200E-05   1.7349E-05   0.93376
FLUX  622   879.00        3.410609E+14   1.6780E-05   1.7325E-05   0.96853
FLUX  623   881.00        3.402866E+14   1.6776E-05   1.7301E-05   0.96964
FLUX  624   883.00        3.395159E+14   1.6563E-05   1.7277E-05   0.95869
FLUX  625   885.00        3.387486E+14   1.5722E-05   1.7253E-05   0.91128
FLUX  626   887.00        3.379848E+14   1.4128E-05   1.7229E-05   0.82001
FLUX  627   889.00        3.372244E+14   1.6360E-05   1.7205E-05   0.95088
FLUX  628   891.00        3.364674E+14   1.6745E-05   1.7181E-05   0.97465
FLUX  629   893.00        3.357139E+14   1.6740E-05   1.7157E-05   0.97570
FLUX  630   895.00        3.349637E+14   1.6860E-05   1.7133E-05   0.98409
FLUX  631   897.00        3.342168E+14   1.6713E-05   1.7109E-05   0.97688
FLUX  632   899.00        3.334733E+14   1.6371E-05   1.7085E-05   0.95820
FLUX  633   901.00        3.327331E+14   1.4113E-05   1.7061E-05   0.82720
FLUX  634   903.00        3.319961E+14   1.5252E-05   1.7037E-05   0.89525
FLUX  635   905.00        3.312624E+14   1.6490E-05   1.7012E-05   0.96929
FLUX  636   907.00        3.305320E+14   1.6405E-05   1.6988E-05   0.96567
FLUX  637   909.00        3.298047E+14   1.6243E-05   1.6964E-05   0.95750
FLUX  638   911.00        3.290807E+14   1.6573E-05   1.6941E-05   0.97829
FLUX  639   913.00        3.283598E+14   1.6744E-05   1.6917E-05   0.98979
FLUX  640   915.00        3.276421E+14   1.6747E-05   1.6893E-05   0.99137
FLUX  641   917.00        3.269275E+14   1.6634E-05   1.6869E-05   0.98609
FLUX  642   919.00        3.262160E+14   1.6450E-05   1.6845E-05   0.97659
FLUX  643   921.00        3.255076E+14   1.5730E-05   1.6821E-05   0.93516
FLUX  644   923.00        3.248023E+14   1.3361E-05   1.6797E-05   0.79546
FLUX  645   925.00        3.241000E+14   1.5406E-05   1.6773E-05   0.91849
FLUX  646   927.00        3.234008E+14   1.6074E-05   1.6749E-05   0.95967
FLUX  647   929.00        3.227045E+14   1.6507E-05   1.6725E-05   0.98692
FLUX  648   931.00        3.220113E+14   1.6574E-05   1.6702E-05   0.99235
FLUX  649   933.00        3.213210E+14   1.6550E-05   1.6678E-05   0.99232
FLUX  650   935.00        3.206337E+14   1.6564E-05   1.6654E-05   0.99460
FLUX  651   937.00        3.199493E+14   1.6579E-05   1.6630E-05   0.99691
FLUX  652   939.00        3.192678E+14   1.6488E-05   1.6607E-05   0.99287
FLUX  653   941.00        3.185893E+14   1.5976E-05   1.6583E-05   0.96339
FLUX  654   943.00        3.179136E+14   1.6331E-05   1.6559E-05   0.98622
FLUX  655   945.00        3.172407E+14   1.6298E-05   1.6536E-05   0.98563
FLUX  656   947.00        3.165707E+14   1.6375E-05   1.6512E-05   0.99166
FLUX  657   949.00        3.159036E+14   1.6304E-05   1.6489E-05   0.98880
FLUX  658   951.00        3.152392E+14   1.6043E-05   1.6465E-05   0.97436
FLUX  659   953.00        3.145776E+14   1.5302E-05   1.6441E-05   0.93071
FLUX  660   955.00        3.139188E+14   1.3106E-05   1.6418E-05   0.79828
FLUX  661   957.00        3.132628E+14   1.5416E-05   1.6394E-05   0.94032
FLUX  662   959.00        3.126095E+14   1.6003E-05   1.6371E-05   0.97757
FLUX  663   961.00        3.119589E+14   1.6021E-05   1.6347E-05   0.98005
FLUX  664   963.00        3.113110E+14   1.5953E-05   1.6324E-05   0.97729
FLUX  665   965.00        3.106658E+14   1.6102E-05   1.6300E-05   0.98784
FLUX  666   967.00        3.100233E+14   1.5963E-05   1.6277E-05   0.98075
FLUX  667   969.00        3.093834E+14   1.5996E-05   1.6253E-05   0.98414
FLUX  668   971.00        3.087461E+14   1.6171E-05   1.6230E-05   0.99638
FLUX  669   973.00        3.081115E+14   1.6144E-05   1.6206E-05   0.99613
FLUX  670   975.00        3.074795E+14   1.5999E-05   1.6183E-05   0.98860
FLUX  671   977.00        3.068500E+14   1.6096E-05   1.6160E-05   0.99609
FLUX  672   979.00        3.062232E+14   1.6059E-05   1.6136E-05   0.99522
FLUX  673   981.00        3.055989E+14   1.6067E-05   1.6113E-05   0.99714
FLUX  674   983.00        3.049771E+14   1.6014E-05   1.6090E-05   0.99531
FLUX  675   985.00        3.043579E+14   1.5941E-05   1.6066E-05   0.99217
FLUX  676   987.00        3.037411E+14   1.5900E-05   1.6043E-05   0.99109
FLUX  677   989.00        3.031269E+14   1.5822E-05   1.6020E-05   0.98766
FLUX  678   991.00        3.025151E+14   1.5781E-05   1.5997E-05   0.98650
FLUX  679   993.00        3.019058E+14   1.5864E-05   1.5973E-05   0.99314
FLUX  680   995.00        3.012990E+14   1.5814E-05   1.5950E-05   0.99143
FLUX  681   997.00        3.006946E+14   1.5785E-05   1.5927E-05   0.99110
FLUX  682   999.00        3.000926E+14   1.5700E-05   1.5904E-05   0.98716
FLUX  683  1002.50        2.990449E+14   1.4846E-05   1.5864E-05   0.93587
FLUX  684  1007.50        2.975608E+14   1.4346E-05   1.5806E-05   0.90764
FLUX  685  1012.50        2.960914E+14   1.5482E-05   1.5749E-05   0.98308
FLUX  686  1017.50        2.946364E+14   1.5522E-05   1.5692E-05   0.98918
FLUX  687  1022.50        2.931956E+14   1.5566E-05   1.5635E-05   0.99563
FLUX  688  1027.50        2.917689E+14   1.5547E-05   1.5578E-05   0.99797
FLUX  689  1032.50        2.903559E+14   1.5435E-05   1.5522E-05   0.99444
FLUX  690  1037.50        2.889566E+14   1.5391E-05   1.5465E-05   0.99516
FLUX  691  1042.50        2.875707E+14   1.5339E-05   1.5409E-05   0.99546
FLUX  692  1047.50        2.861981E+14   1.5124E-05   1.5353E-05   0.98506
FLUX  693  1052.50        2.848385E+14   1.5163E-05   1.5298E-05   0.99124
FLUX  694  1057.50        2.834917E+14   1.5118E-05   1.5242E-05   0.99189
FLUX  695  1062.50        2.821576E+14   1.5071E-05   1.5186E-05   0.99241
FLUX  696  1067.50        2.808361E+14   1.4752E-05   1.5131E-05   0.97498
FLUX  697  1072.50        2.795268E+14   1.4864E-05   1.5076E-05   0.98593
FLUX  698  1077.50        2.782297E+14   1.4828E-05   1.5021E-05   0.98719
FLUX  699  1082.50        2.769446E+14   1.4695E-05   1.4966E-05   0.98186
FLUX  700  1087.50        2.756713E+14   1.4555E-05   1.4912E-05   0.97605
FLUX  701  1092.50        2.744096E+14   1.3031E-05   1.4857E-05   0.87708
FLUX  702  1097.50        2.731595E+14   1.3965E-05   1.4803E-05   0.94333
FLUX  703  1102.50        2.719206E+14   1.4561E-05   1.4750E-05   0.98720
FLUX  704  1107.50        2.706930E+14   1.4618E-05   1.4696E-05   0.99474
FLUX  705  1112.50        2.694764E+14   1.4543E-05   1.4642E-05   0.99323
FLUX  706  1117.50        2.682707E+14   1.4490E-05   1.4589E-05   0.99326
FLUX  707  1122.50        2.670757E+14   1.4481E-05   1.4536E-05   0.99626
FLUX  708  1127.50        2.658913E+14   1.4212E-05   1.4483E-05   0.98134
FLUX  709  1132.50        2.647174E+14   1.4181E-05   1.4430E-05   0.98274
FLUX  710  1137.50        2.635538E+14   1.4239E-05   1.4378E-05   0.99038
FLUX  711  1142.50        2.624004E+14   1.4098E-05   1.4325E-05   0.98416
FLUX  712  1147.50        2.612571E+14   1.4223E-05   1.4273E-05   0.99651
FLUX  713  1152.50        2.601236E+14   1.4180E-05   1.4221E-05   0.99712
FLUX  714  1157.50        2.590000E+14   1.4098E-05   1.4169E-05   0.99503
FLUX  715  1162.50        2.578860E+14   1.3895E-05   1.4117E-05   0.98428
FLUX  716  1167.50        2.567816E+14   1.3783E-05   1.4066E-05   0.97993
FLUX  717  1172.50        2.556866E+14   1.3976E-05   1.4014E-05   0.99724
FLUX  718  1177.50        2.546008E+14   1.3668E-05   1.3963E-05   0.97885
FLUX  719  1182.50        2.535243E+14   1.3735E-05   1.3912E-05   0.98723
FLUX  720  1187.50        2.524568E+14   1.3606E-05   1.3862E-05   0.98150
FLUX  721  1192.50        2.513983E+14   1.3798E-05   1.3812E-05   0.99903
FLUX  722  1197.50        2.503486E+14   1.3577E-05   1.3761E-05   0.98661
FLUX  723  1202.50        2.493077E+14   1.3610E-05   1.3711E-05   0.99266
FLUX  724  1207.50        2.482754E+14   1.3518E-05   1.3661E-05   0.98950
FLUX  725  1212.50        2.472515E+14   1.3495E-05   1.3611E-05   0.99145
FLUX  726  1217.50        2.462361E+14   1.3516E-05   1.3561E-05   0.99666
FLUX  727  1222.50        2.452290E+14   1.3447E-05   1.3512E-05   0.99522
FLUX  728  1227.50        2.442301E+14   1.3372E-05   1.3463E-05   0.99329
FLUX  729  1232.50        2.432393E+14   1.3335E-05   1.3413E-05   0.99416
FLUX  730  1237.50        2.422566E+14   1.3301E-05   1.3364E-05   0.99528
FLUX  731  1242.50        2.412817E+14   1.3275E-05   1.3316E-05   0.99698
FLUX  732  1247.50        2.403146E+14   1.3218E-05   1.3267E-05   0.99630
FLUX  733  1252.50        2.393553E+14   1.3134E-05   1.3219E-05   0.99359
FLUX  734  1257.50        2.384036E+14   1.3030E-05   1.3170E-05   0.98935
FLUX  735  1262.50        2.374594E+14   1.3022E-05   1.3122E-05   0.99232
FLUX  736  1267.50        2.365227E+14   1.2981E-05   1.3075E-05   0.99281
FLUX  737  1272.50        2.355933E+14   1.2902E-05   1.3027E-05   0.99040
FLUX  738  1277.50        2.346712E+14   1.2530E-05   1.2980E-05   0.96540
FLUX  739  1282.50        2.337563E+14   1.1015E-05   1.2932E-05   0.85174
FLUX  740  1287.50        2.328485E+14   1.2507E-05   1.2885E-05   0.97068
FLUX  741  1292.50        2.319478E+14   1.2695E-05   1.2838E-05   0.98884
FLUX  742  1297.50        2.310539E+14   1.2716E-05   1.2792E-05   0.99413
FLUX  743  1302.50        2.301670E+14   1.2683E-05   1.2745E-05   0.99517
FLUX  744  1307.50        2.292868E+14   1.2675E-05   1.2699E-05   0.99817
FLUX  745  1312.50        2.284133E+14   1.2583E-05   1.2652E-05   0.99450
FLUX  746  1317.50        2.275465E+14   1.2505E-05   1.2606E-05   0.99199
FLUX  747  1322.50        2.266862E+14   1.2532E-05   1.2560E-05   0.99774
FLUX  748  1327.50        2.258324E+14   1.2459E-05   1.2514E-05   0.99555
FLUX  749  1332.50        2.249850E+14   1.2436E-05   1.2469E-05   0.99735
FLUX  750  1337.50        2.241439E+14   1.2382E-05   1.2423E-05   0.99672
FLUX  751  1342.50        2.233091E+14   1.2348E-05   1.2378E-05   0.99762
FLUX  752  1347.50        2.224805E+14   1.2302E-05   1.2333E-05   0.99748
FLUX  753  1352.50        2.216580E+14   1.2229E-05   1.2288E-05   0.99527
FLUX  754  1357.50        2.208416E+14   1.2155E-05   1.2243E-05   0.99284
FLUX  755  1362.50        2.200312E+14   1.2158E-05   1.2198E-05   0.99671
FLUX  756  1367.50        2.192267E+14   1.2092E-05   1.2153E-05   0.99493
FLUX  757  1372.50        2.184280E+14   1.1956E-05   1.2109E-05   0.98734
FLUX  758  1377.50        2.176352E+14   1.1981E-05   1.2065E-05   0.99305
FLUX  759  1382.50        2.168481E+14   1.1953E-05   1.2020E-05   0.99438
FLUX  760  1387.50        2.160667E+14   1.1958E-05   1.1976E-05   0.99853
FLUX  761  1392.50        2.152908E+14   1.1853E-05   1.1932E-05   0.99338
FLUX  762  1397.50        2.145206E+14   1.1833E-05   1.1888E-05   0.99533
FLUX  763  1402.50        2.137558E+14   1.1783E-05   1.1844E-05   0.99485
FLUX  764  1407.50        2.129964E+14   1.1770E-05   1.1801E-05   0.99736
FLUX  765  1412.50        2.122425E+14   1.1682E-05   1.1757E-05   0.99363
FLUX  766  1417.50        2.114938E+14   1.1676E-05   1.1714E-05   0.99683
FLUX  767  1422.50        2.107504E+14   1.1588E-05   1.1670E-05   0.99296
FLUX  768  1427.50        2.100123E+14   1.1518E-05   1.1627E-05   0.99065
FLUX  769  1432.50        2.092792E+14   1.1533E-05   1.1584E-05   0.99567
FLUX  770  1437.50        2.085513E+14   1.1522E-05   1.1540E-05   0.99839
FLUX  771  1442.50        2.078284E+14   1.1221E-05   1.1497E-05   0.97597
FLUX  772  1447.50        2.071105E+14   1.1408E-05   1.1454E-05   0.99598
FLUX  773  1452.50        2.063976E+14   1.1235E-05   1.1411E-05   0.98458
FLUX  774  1457.00        2.057601E+14   1.1312E-05   1.1372E-05   0.99466
FLUX  775  1462.00        2.050564E+14   1.1236E-05   1.1723E-05   0.95840
FLUX  776  1467.50        2.042879E+14   1.1232E-05   1.1677E-05   0.96188
FLUX  777  1472.50        2.035942E+14   1.1133E-05   1.1635E-05   0.95684
FLUX  778  1477.50        2.029052E+14   1.1068E-05   1.1593E-05   0.95468
FLUX  779  1482.50        2.022209E+14   1.1067E-05   1.1551E-05   0.95812
FLUX  780  1487.50        2.015412E+14   1.0945E-05   1.1508E-05   0.95108
FLUX  781  1492.50        2.008660E+14   1.1062E-05   1.1466E-05   0.96476
FLUX  782  1497.50        2.001953E+14   1.0972E-05   1.1424E-05   0.96049
FLUX  783  1502.50        1.995291E+14   1.0882E-05   1.1381E-05   0.95609
FLUX  784  1507.50        1.988673E+14   1.0826E-05   1.1339E-05   0.95472
FLUX  785  1512.50        1.982099E+14   1.0869E-05   1.1297E-05   0.96211
FLUX  786  1517.50        1.975568E+14   1.0842E-05   1.1254E-05   0.96332
FLUX  787  1522.50        1.969080E+14   1.0762E-05   1.1212E-05   0.95986
FLUX  788  1527.50        1.962635E+14   1.0744E-05   1.1169E-05   0.96193
FLUX  789  1532.50        1.956232E+14   1.0680E-05   1.1127E-05   0.95986
FLUX  790  1537.50        1.949870E+14   1.0653E-05   1.1084E-05   0.96111
FLUX  791  1542.50        1.943549E+14   1.0523E-05   1.1041E-05   0.95307
FLUX  792  1547.50        1.937270E+14   1.0547E-05   1.0998E-05   0.95898
FLUX  793  1552.50        1.931031E+14   1.0512E-05   1.0956E-05   0.95948
FLUX  794  1557.50        1.924831E+14   1.0356E-05   1.0913E-05   0.94899
FLUX  795  1562.50        1.918672E+14   1.0516E-05   1.0869E-05   0.96751
FLUX  796  1567.50        1.912552E+14   1.0301E-05   1.0826E-05   0.95147
FLUX  797  1572.50        1.906471E+14   1.0164E-05   1.0783E-05   0.94261
FLUX  798  1577.50        1.900428E+14   1.0280E-05   1.0739E-05   0.95724
FLUX  799  1582.50        1.894423E+14   1.0299E-05   1.0696E-05   0.96297
FLUX  800  1587.50        1.888457E+14   9.6997E-06   1.0652E-05   0.91063
FLUX  801  1592.50        1.882527E+14   1.0125E-05   1.0608E-05   0.95448
FLUX  802  1597.50        1.876635E+14   1.0251E-05   1.0563E-05   0.97047
FLUX  803  1605.00        1.867866E+14   1.0054E-05   1.0497E-05   0.95784
FLUX  804  1615.00        1.856300E+14   9.6711E-06   1.0406E-05   0.92934
FLUX  805  1625.00        1.844877E+14   1.0117E-05   1.0315E-05   0.98086
FLUX  806  1635.00        1.833593E+14   9.7523E-06   1.0220E-05   0.95421
FLUX  807  1645.00        1.822447E+14   9.2882E-06   1.0122E-05   0.91762
FLUX  808  1655.00        1.811435E+14   9.8697E-06   1.0022E-05   0.98482
FLUX  809  1665.00        1.800556E+14   9.8053E-06   9.9230E-06   0.98813
FLUX  810  1675.00        1.789806E+14   9.3569E-06   9.8258E-06   0.95228
FLUX  811  1685.00        1.779184E+14   8.8656E-06   9.7297E-06   0.91119
FLUX  812  1695.00        1.768687E+14   9.5316E-06   9.6350E-06   0.98926
FLUX  813  1705.00        1.758314E+14   9.4297E-06   9.5417E-06   0.98826
FLUX  814  1715.00        1.748061E+14   9.3750E-06   9.4497E-06   0.99210
FLUX  815  1725.00        1.737928E+14   9.1474E-06   9.3590E-06   0.97739
FLUX  816  1735.00        1.727911E+14   8.2317E-06   9.2697E-06   0.88803
FLUX  817  1745.00        1.718009E+14   8.8566E-06   9.1815E-06   0.96461
FLUX  818  1755.00        1.708219E+14   8.9743E-06   9.0946E-06   0.98677
FLUX  819  1765.00        1.698541E+14   8.9080E-06   9.0089E-06   0.98879
FLUX  820  1775.00        1.688972E+14   8.8536E-06   8.9244E-06   0.99206
FLUX  821  1785.00        1.679510E+14   8.7681E-06   8.8411E-06   0.99175
FLUX  822  1795.00        1.670153E+14   8.7134E-06   8.7589E-06   0.99481
FLUX  823  1805.00        1.660900E+14   8.5319E-06   8.6777E-06   0.98319
FLUX  824  1815.00        1.651749E+14   7.7367E-06   8.5977E-06   0.89985
FLUX  825  1825.00        1.642699E+14   8.1864E-06   8.5188E-06   0.96098
FLUX  826  1835.00        1.633747E+14   8.3535E-06   8.4409E-06   0.98964
FLUX  827  1845.00        1.624892E+14   8.2878E-06   8.3641E-06   0.99087
FLUX  828  1855.00        1.616132E+14   8.1976E-06   8.2883E-06   0.98906
FLUX  829  1865.00        1.607466E+14   8.0520E-06   8.2135E-06   0.98034
FLUX  830  1875.00        1.598893E+14   7.2350E-06   8.1397E-06   0.88885
FLUX  831  1885.00        1.590411E+14   7.8719E-06   8.0669E-06   0.97583
FLUX  832  1895.00        1.582018E+14   7.8432E-06   7.9951E-06   0.98100
FLUX  833  1905.00        1.573714E+14   7.8914E-06   7.9242E-06   0.99586
FLUX  834  1915.00        1.565496E+14   7.8104E-06   7.8542E-06   0.99442
FLUX  835  1925.00        1.557364E+14   7.7250E-06   7.7852E-06   0.99226
FLUX  836  1935.00        1.549315E+14   7.5573E-06   7.7170E-06   0.97931
FLUX  837  1945.00        1.541350E+14   6.8268E-06   7.6497E-06   0.89242
FLUX  838  1955.00        1.533465E+14   7.4395E-06   7.5833E-06   0.98104
FLUX  839  1965.00        1.525662E+14   7.4626E-06   7.5177E-06   0.99266
FLUX  840  1975.00        1.517937E+14   7.3972E-06   7.4530E-06   0.99251
FLUX  841  1985.00        1.510290E+14   7.3620E-06   7.3891E-06   0.99633
FLUX  842  1995.00        1.502719E+14   7.2979E-06   7.3260E-06   0.99617
FLUX  843  2005.00        1.495224E+14   7.2467E-06   7.2636E-06   0.99766
FLUX  844  2015.00        1.487804E+14   7.1950E-06   7.2021E-06   0.99901
FLUX  845  2025.00        1.480457E+14   7.1161E-06   7.1414E-06   0.99646
FLUX  846  2035.00        1.473182E+14   7.0391E-06   7.0814E-06   0.99403
FLUX  847  2045.00        1.465978E+14   7.0160E-06   7.0221E-06   0.99912
FLUX  848  2055.00        1.458844E+14   6.9508E-06   6.9636E-06   0.99816
FLUX  849  2065.00        1.451780E+14   6.8750E-06   6.9058E-06   0.99554
FLUX  850  2075.00        1.444783E+14   6.8274E-06   6.8487E-06   0.99688
FLUX  851  2085.00        1.437854E+14   6.7743E-06   6.7924E-06   0.99734
FLUX  852  2095.00        1.430990E+14   6.7085E-06   6.7367E-06   0.99582
FLUX  853  2105.00        1.424192E+14   6.6631E-06   6.6817E-06   0.99722
FLUX  854  2115.00        1.417459E+14   6.5916E-06   6.6274E-06   0.99460
FLUX  855  2125.00        1.410788E+14   6.5378E-06   6.5737E-06   0.99453
FLUX  856  2135.00        1.404180E+14   6.4918E-06   6.5207E-06   0.99556
FLUX  857  2145.00        1.397634E+14   6.4422E-06   6.4684E-06   0.99595
FLUX  858  2155.00        1.391148E+14   6.3307E-06   6.4166E-06   0.98661
FLUX  859  2165.00        1.384723E+14   5.7388E-06   6.3655E-06   0.90155
FLUX  860  2175.00        1.378356E+14   6.1745E-06   6.3150E-06   0.97775
FLUX  861  2185.00        1.372048E+14   6.2212E-06   6.2651E-06   0.99299
FLUX  862  2195.00        1.365797E+14   6.2094E-06   6.2157E-06   0.99899
FLUX  863  2205.00        1.359603E+14   6.1364E-06   6.1670E-06   0.99504
FLUX  864  2215.00        1.353465E+14   6.0937E-06   6.1187E-06   0.99591
FLUX  865  2225.00        1.347382E+14   6.0655E-06   6.0711E-06   0.99908
FLUX  866  2235.00        1.341353E+14   6.0174E-06   6.0240E-06   0.99890
FLUX  867  2245.00        1.335379E+14   5.9713E-06   5.9775E-06   0.99897
FLUX  868  2255.00        1.329457E+14   5.9009E-06   5.9314E-06   0.99485
FLUX  869  2265.00        1.323587E+14   5.8691E-06   5.8860E-06   0.99715
FLUX  870  2275.00        1.317769E+14   5.8330E-06   5.8410E-06   0.99863
FLUX  871  2285.00        1.312002E+14   5.7785E-06   5.8635E-06   0.98551
FLUX  872  2295.00        1.306285E+14   5.7341E-06   5.8187E-06   0.98546
FLUX  873  2305.00        1.300618E+14   5.7062E-06   5.7744E-06   0.98818
FLUX  874  2315.00        1.295000E+14   5.6578E-06   5.7306E-06   0.98729
FLUX  875  2325.00        1.289430E+14   5.6233E-06   5.6873E-06   0.98875
FLUX  876  2335.00        1.283908E+14   5.5760E-06   5.6445E-06   0.98786
FLUX  877  2345.00        1.278433E+14   5.5404E-06   5.6021E-06   0.98897
FLUX  878  2355.00        1.273004E+14   5.4997E-06   5.5602E-06   0.98911
FLUX  879  2365.00        1.267622E+14   5.4620E-06   5.5188E-06   0.98969
FLUX  880  2375.00        1.262284E+14   5.4072E-06   5.4779E-06   0.98709
FLUX  881  2385.00        1.256992E+14   5.3712E-06   5.4374E-06   0.98782
FLUX  882  2395.00        1.251743E+14   5.3390E-06   5.3974E-06   0.98918
FLUX  883  2405.00        1.246538E+14   5.2961E-06   5.3578E-06   0.98848
FLUX  884  2415.00        1.241377E+14   5.2527E-06   5.3186E-06   0.98762
FLUX  885  2425.00        1.236258E+14   5.2222E-06   5.2799E-06   0.98907
FLUX  886  2435.00        1.231181E+14   5.1760E-06   5.2415E-06   0.98750
FLUX  887  2445.00        1.226145E+14   5.1451E-06   5.2036E-06   0.98875
FLUX  888  2455.00        1.221151E+14   5.0956E-06   5.1662E-06   0.98634
FLUX  889  2465.00        1.216197E+14   5.0695E-06   5.1291E-06   0.98838
FLUX  890  2475.00        1.211283E+14   5.0279E-06   5.0924E-06   0.98734
FLUX  891  2485.00        1.206408E+14   4.9877E-06   5.0561E-06   0.98648
FLUX  892  2495.00        1.201573E+14   4.9379E-06   5.0202E-06   0.98362
FLUX  893  2505.00        1.196776E+14   4.9350E-06   4.9846E-06   0.99004
FLUX  894  2515.00        1.192018E+14   4.8998E-06   4.9495E-06   0.98997
FLUX  895  2525.00        1.187297E+14   4.8303E-06   4.9147E-06   0.98281
FLUX  896  2535.00        1.182613E+14   4.8303E-06   4.8803E-06   0.98975
FLUX  897  2545.00        1.177967E+14   4.8000E-06   4.8462E-06   0.99047
FLUX  898  2555.00        1.173356E+14   4.7527E-06   4.8125E-06   0.98756
FLUX  899  2565.00        1.168782E+14   4.6543E-06   4.7792E-06   0.97387
FLUX  900  2575.00        1.164243E+14   4.6971E-06   4.7462E-06   0.98967
FLUX  901  2585.00        1.159739E+14   4.6604E-06   4.7135E-06   0.98873
FLUX  902  2595.00        1.155270E+14   4.6439E-06   4.6811E-06   0.99204
FLUX  903  2605.00        1.150835E+14   4.5747E-06   4.6491E-06   0.98398
FLUX  904  2615.00        1.146434E+14   4.4312E-06   4.6175E-06   0.95967
FLUX  905  2625.00        1.142067E+14   4.1625E-06   4.5861E-06   0.90763
FLUX  906  2635.00        1.137732E+14   4.4528E-06   4.5551E-06   0.97755
FLUX  907  2645.00        1.133431E+14   4.4810E-06   4.5244E-06   0.99041
FLUX  908  2655.00        1.129162E+14   4.4585E-06   4.4940E-06   0.99210
FLUX  909  2665.00        1.124925E+14   4.3964E-06   4.4639E-06   0.98488
FLUX  910  2675.00        1.120720E+14   4.2232E-06   4.4341E-06   0.95245
FLUX  911  2685.00        1.116546E+14   4.3533E-06   4.4046E-06   0.98837
FLUX  912  2695.00        1.112403E+14   4.3579E-06   4.3754E-06   0.99601
FLUX  913  2705.00        1.108290E+14   4.3364E-06   4.3464E-06   0.99770
FLUX  914  2715.00        1.104208E+14   4.3113E-06   4.3178E-06   0.99848
FLUX  915  2725.00        1.100156E+14   4.2830E-06   4.2895E-06   0.99849
FLUX  916  2735.00        1.096133E+14   4.2486E-06   4.2614E-06   0.99700
FLUX  917  2745.00        1.092140E+14   4.2033E-06   4.2336E-06   0.99284
FLUX  918  2755.00        1.088176E+14   3.9866E-06   4.2061E-06   0.94782
FLUX  919  2765.00        1.084240E+14   4.0733E-06   4.1788E-06   0.97474
FLUX  920  2775.00        1.080333E+14   4.1294E-06   4.1518E-06   0.99461
FLUX  921  2785.00        1.076454E+14   4.1177E-06   4.1251E-06   0.99820
FLUX  922  2795.00        1.072603E+14   4.0965E-06   4.0986E-06   0.99949
FLUX  923  2805.00        1.068779E+14   4.0703E-06   4.0724E-06   0.99949
FLUX  924  2815.00        1.064982E+14   4.0443E-06   4.0464E-06   0.99949
FLUX  925  2825.00        1.061212E+14   4.0179E-06   4.0207E-06   0.99930
FLUX  926  2835.00        1.057469E+14   3.9943E-06   3.9952E-06   0.99979
FLUX  927  2845.00        1.053752E+14   3.9603E-06   3.9699E-06   0.99758
FLUX  928  2855.00        1.050061E+14   3.9279E-06   3.9449E-06   0.99568
FLUX  929  2865.00        1.046396E+14   3.8439E-06   3.9202E-06   0.98056
FLUX  930  2875.00        1.042757E+14   3.6448E-06   3.8956E-06   0.93561
FLUX  931  2885.00        1.039142E+14   3.8329E-06   3.8713E-06   0.99009
FLUX  932  2895.00        1.035553E+14   3.8357E-06   3.8472E-06   0.99699
FLUX  933  2905.00        1.031988E+14   3.8216E-06   3.8234E-06   0.99954
FLUX  934  2915.00        1.028448E+14   3.7923E-06   3.7997E-06   0.99804
FLUX  935  2925.00        1.024932E+14   3.7694E-06   3.7763E-06   0.99817
FLUX  936  2935.00        1.021440E+14   3.7514E-06   3.7531E-06   0.99954
FLUX  937  2945.00        1.017971E+14   3.7270E-06   3.7301E-06   0.99916
FLUX  938  2955.00        1.014526E+14   3.7059E-06   3.7074E-06   0.99960
FLUX  939  2965.00        1.011105E+14   3.6836E-06   3.6848E-06   0.99967
FLUX  940  2975.00        1.007706E+14   3.6606E-06   3.6624E-06   0.99949
FLUX  941  2985.00        1.004330E+14   3.6392E-06   3.6403E-06   0.99969
FLUX  942  2995.00        1.000977E+14   3.6142E-06   3.6183E-06   0.99887
FLUX  943  3005.00        9.976456E+13   3.5911E-06   3.5966E-06   0.99847
FLUX  944  3015.00        9.943366E+13   3.5667E-06   3.5750E-06   0.99767
FLUX  945  3025.00        9.910496E+13   3.5289E-06   3.5536E-06   0.99305
FLUX  946  3035.00        9.877842E+13   3.3364E-06   3.5324E-06   0.94450
FLUX  947  3045.00        9.845402E+13   3.3920E-06   3.5114E-06   0.96597
FLUX  948  3055.00        9.813175E+13   3.4707E-06   3.4906E-06   0.99431
FLUX  949  3065.00        9.781158E+13   3.4625E-06   3.4700E-06   0.99784
FLUX  950  3075.00        9.749349E+13   3.4468E-06   3.4495E-06   0.99922
FLUX  951  3085.00        9.717747E+13   3.4201E-06   3.4292E-06   0.99735
FLUX  952  3095.00        9.686349E+13   3.4033E-06   3.4091E-06   0.99831
FLUX  953  3105.00        9.655153E+13   3.3840E-06   3.3892E-06   0.99848
FLUX  954  3115.00        9.624157E+13   3.3541E-06   3.3694E-06   0.99546
FLUX  955  3125.00        9.593360E+13   3.3432E-06   3.3499E-06   0.99801
FLUX  956  3135.00        9.562759E+13   3.3239E-06   3.3304E-06   0.99803
FLUX  957  3145.00        9.532353E+13   3.3049E-06   3.3112E-06   0.99811
FLUX  958  3155.00        9.502139E+13   3.2873E-06   3.2921E-06   0.99855
FLUX  959  3165.00        9.472117E+13   3.2712E-06   3.2732E-06   0.99938
FLUX  960  3175.00        9.442283E+13   3.2488E-06   3.2545E-06   0.99827
FLUX  961  3185.00        9.412637E+13   3.2341E-06   3.2359E-06   0.99946
FLUX  962  3195.00        9.383177E+13   3.2161E-06   3.2175E-06   0.99958
FLUX  963  3210.00        9.339330E+13   3.1872E-06   3.1901E-06   0.99909
FLUX  964  3230.00        9.281501E+13   3.1530E-06   3.1542E-06   0.99961
FLUX  965  3250.00        9.224385E+13   3.1165E-06   3.1189E-06   0.99925
FLUX  966  3270.00        9.167966E+13   3.0772E-06   3.0842E-06   0.99774
FLUX  967  3290.00        9.112234E+13   2.9140E-06   3.0610E-06   0.95197
FLUX  968  3310.00        9.057175E+13   2.9741E-06   3.0272E-06   0.98246
FLUX  969  3330.00        9.002778E+13   2.9692E-06   2.9939E-06   0.99172
FLUX  970  3350.00        8.949030E+13   2.9427E-06   2.9612E-06   0.99374
FLUX  971  3370.00        8.895920E+13   2.9057E-06   2.9291E-06   0.99202
FLUX  972  3390.00        8.843436E+13   2.8756E-06   2.8974E-06   0.99248
FLUX  973  3410.00        8.791569E+13   2.8448E-06   2.8663E-06   0.99251
FLUX  974  3430.00        8.740306E+13   2.8186E-06   2.8356E-06   0.99400
FLUX  975  3450.00        8.689638E+13   2.7932E-06   2.8055E-06   0.99564
FLUX  976  3470.00        8.639553E+13   2.7622E-06   2.7758E-06   0.99509
FLUX  977  3490.00        8.590043E+13   2.7345E-06   2.7466E-06   0.99560
FLUX  978  3510.00        8.541097E+13   2.7062E-06   2.7178E-06   0.99573
FLUX  979  3530.00        8.492705E+13   2.6772E-06   2.6895E-06   0.99541
FLUX  980  3550.00        8.444859E+13   2.6503E-06   2.6617E-06   0.99574
FLUX  981  3570.00        8.397549E+13   2.6216E-06   2.6342E-06   0.99520
FLUX  982  3590.00        8.350766E+13   2.5953E-06   2.6072E-06   0.99543
FLUX  983  3610.00        8.304501E+13   2.5690E-06   2.5807E-06   0.99550
FLUX  984  3630.00        8.258746E+13   2.5447E-06   2.5545E-06   0.99619
FLUX  985  3650.00        8.213493E+13   2.5143E-06   2.5287E-06   0.99431
FLUX  986  3670.00        8.168733E+13   2.4909E-06   2.5033E-06   0.99507
FLUX  987  3690.00        8.124458E+13   2.4561E-06   2.4783E-06   0.99107
FLUX  988  3710.00        8.080660E+13   2.4349E-06   2.4536E-06   0.99237
FLUX  989  3730.00        8.037332E+13   2.3696E-06   2.4293E-06   0.97542
FLUX  990  3750.00        7.994467E+13   2.3184E-06   2.4054E-06   0.96381
FLUX  991  3770.00        7.952056E+13   2.3667E-06   2.3819E-06   0.99364
FLUX  992  3790.00        7.910092E+13   2.3472E-06   2.3586E-06   0.99514
FLUX  993  3810.00        7.868569E+13   2.3182E-06   2.3358E-06   0.99247
FLUX  994  3830.00        7.827480E+13   2.3000E-06   2.3132E-06   0.99428
FLUX  995  3850.00        7.786818E+13   2.2866E-06   2.2910E-06   0.99811
FLUX  996  3870.00        7.746576E+13   2.2619E-06   2.2691E-06   0.99682
FLUX  997  3890.00        7.706748E+13   2.2356E-06   2.2475E-06   0.99472
FLUX  998  3910.00        7.667327E+13   2.2024E-06   2.2262E-06   0.98930
FLUX  999  3930.00        7.628308E+13   2.2001E-06   2.2052E-06   0.99769
FLUX 1000  3950.00        7.589683E+13   2.1795E-06   2.1845E-06   0.99770
FLUX 1001  3970.00        7.551448E+13   2.1611E-06   2.1641E-06   0.99860
FLUX 1002  3990.00        7.513596E+13   2.1335E-06   2.1440E-06   0.99512
FLUX 1003  4010.00        7.476122E+13   2.1023E-06   2.1241E-06   0.98972
FLUX 1004  4030.00        7.439020E+13   2.0785E-06   2.1046E-06   0.98762
FLUX 1005  4050.00        7.402284E+13   2.0079E-06   2.0853E-06   0.96288
FLUX 1006  4070.00        7.365909E+13   2.0563E-06   2.0662E-06   0.99518
FLUX 1007  4090.00        7.329890E+13   2.0423E-06   2.0475E-06   0.99746
FLUX 1008  4110.00        7.294221E+13   2.0274E-06   2.0290E-06   0.99921
FLUX 1009  4130.00        7.258898E+13   2.0098E-06   2.0107E-06   0.99954
FLUX 1010  4150.00        7.223916E+13   1.9856E-06   1.9927E-06   0.99644
FLUX 1011  4170.00        7.189269E+13   1.9325E-06   1.9749E-06   0.97856
FLUX 1012  4190.00        7.154952E+13   1.9499E-06   1.9573E-06   0.99617
FLUX 1013  4210.00        7.120962E+13   1.9344E-06   1.9400E-06   0.99709
FLUX 1014  4230.00        7.087293E+13   1.9227E-06   1.9230E-06   0.99986
FLUX 1015  4250.00        7.053941E+13   1.9048E-06   1.9061E-06   0.99934
FLUX 1016  4270.00        7.020902E+13   1.8892E-06   1.8895E-06   0.99984
FLUX 1017  4290.00        6.988170E+13   1.8728E-06   1.8730E-06   0.99987
FLUX 1018  4310.00        6.955742E+13   1.8563E-06   1.8568E-06   0.99973
FLUX 1019  4330.00        6.923614E+13   1.8392E-06   1.8408E-06   0.99912
FLUX 1020  4350.00        6.891782E+13   1.8221E-06   1.8251E-06   0.99839
FLUX 1021  4370.00        6.860240E+13   1.7658E-06   1.8095E-06   0.97588
FLUX 1022  4390.00        6.828986E+13   1.7797E-06   1.7941E-06   0.99198
FLUX 1023  4410.00        6.798016E+13   1.7751E-06   1.7789E-06   0.99786
FLUX 1024  4430.00        6.767325E+13   1.7622E-06   1.7639E-06   0.99905
FLUX 1025  4450.00        6.736910E+13   1.7476E-06   1.7491E-06   0.99913
FLUX 1026  4470.00        6.706767E+13   1.7351E-06   1.7368E-06   0.99907
FLUX 1027  4490.00        6.676893E+13   1.7208E-06   1.7223E-06   0.99915
FLUX 1028  4510.00        6.647284E+13   1.7068E-06   1.7080E-06   0.99933
FLUX 1029  4530.00        6.617936E+13   1.6924E-06   1.6939E-06   0.99913
FLUX 1030  4550.00        6.588846E+13   1.6785E-06   1.6799E-06   0.99913
FLUX 1031  4570.00        6.560011E+13   1.6641E-06   1.6661E-06   0.99877
FLUX 1032  4590.00        6.531427E+13   1.6502E-06   1.6525E-06   0.99861
FLUX 1033  4610.00        6.503091E+13   1.6369E-06   1.6391E-06   0.99864
FLUX 1034  4630.00        6.475000E+13   1.6195E-06   1.6258E-06   0.99614
FLUX 1035  4650.00        6.447150E+13   1.5492E-06   1.6127E-06   0.96065
FLUX 1036  4670.00        6.419540E+13   1.5461E-06   1.5997E-06   0.96650
FLUX 1037  4690.00        6.392164E+13   1.5772E-06   1.5869E-06   0.99390
FLUX 1038  4710.00        6.365021E+13   1.5715E-06   1.5743E-06   0.99826
FLUX 1039  4730.00        6.338108E+13   1.5609E-06   1.5618E-06   0.99944
FLUX 1040  4750.00        6.311421E+13   1.5479E-06   1.5494E-06   0.99904
FLUX 1041  4770.00        6.284958E+13   1.5360E-06   1.5372E-06   0.99921
FLUX 1042  4790.00        6.258716E+13   1.5244E-06   1.5251E-06   0.99953
FLUX 1043  4810.00        6.232692E+13   1.5123E-06   1.5132E-06   0.99941
FLUX 1044  4830.00        6.206884E+13   1.5007E-06   1.5014E-06   0.99949
FLUX 1045  4850.00        6.181289E+13   1.4890E-06   1.4898E-06   0.99945
FLUX 1046  4870.00        6.155903E+13   1.4775E-06   1.4783E-06   0.99945
FLUX 1047  4890.00        6.130726E+13   1.4664E-06   1.4669E-06   0.99965
FLUX 1048  4910.00        6.105753E+13   1.4544E-06   1.4556E-06   0.99917
FLUX 1049  4930.00        6.080984E+13   1.4437E-06   1.4445E-06   0.99943
FLUX 1050  4950.00        6.056414E+13   1.4323E-06   1.4335E-06   0.99917
FLUX 1051  4970.00        6.032042E+13   1.4220E-06   1.4227E-06   0.99951
FLUX 1052  4990.00        6.007866E+13   1.4114E-06   1.4119E-06   0.99960
FLUX 1053  5010.00        5.983882E+13   1.4006E-06   1.4013E-06   0.99950
FLUX 1054  5030.00        5.960089E+13   1.3901E-06   1.3908E-06   0.99951
FLUX 1055  5050.00        5.936485E+13   1.3799E-06   1.3804E-06   0.99962
FLUX 1056  5070.00        5.913067E+13   1.3697E-06   1.3701E-06   0.99970
FLUX 1057  5090.00        5.889833E+13   1.3579E-06   1.3600E-06   0.99845
FLUX 1058  5110.00        5.866781E+13   1.3430E-06   1.3499E-06   0.99483
FLUX 1059  5130.00        5.843908E+13   1.2958E-06   1.3400E-06   0.96703
FLUX 1060  5150.00        5.821214E+13   1.3253E-06   1.3302E-06   0.99636
FLUX 1061  5170.00        5.798694E+13   1.3180E-06   1.3205E-06   0.99815
FLUX 1062  5190.00        5.776349E+13   1.3105E-06   1.3109E-06   0.99973
FLUX 1063  5210.00        5.754175E+13   1.3006E-06   1.3014E-06   0.99942
FLUX 1064  5230.00        5.732170E+13   1.2914E-06   1.2920E-06   0.99953
FLUX 1065  5250.00        5.710333E+13   1.2817E-06   1.2827E-06   0.99927
FLUX 1066  5270.00        5.688662E+13   1.2715E-06   1.2735E-06   0.99843
FLUX 1067  5290.00        5.667155E+13   1.2640E-06   1.2644E-06   0.99975
FLUX 1068  5310.00        5.645810E+13   1.2550E-06   1.2554E-06   0.99972
FLUX 1069  5330.00        5.624625E+13   1.2462E-06   1.2465E-06   0.99978
FLUX 1070  5350.00        5.603598E+13   1.2373E-06   1.2376E-06   0.99969
FLUX 1071  5370.00        5.582728E+13   1.2259E-06   1.2289E-06   0.99750
FLUX 1072  5390.00        5.562013E+13   1.2179E-06   1.2203E-06   0.99805
FLUX 1073  5410.00        5.541451E+13   1.2115E-06   1.2118E-06   0.99979
FLUX 1074  5430.00        5.521040E+13   1.2025E-06   1.2033E-06   0.99931
FLUX 1075  5450.00        5.500780E+13   1.1945E-06   1.1949E-06   0.99966
FLUX 1076  5470.00        5.480667E+13   1.1855E-06   1.1867E-06   0.99904
FLUX 1077  5490.00        5.460701E+13   1.1780E-06   1.1785E-06   0.99959
FLUX 1078  5510.00        5.440880E+13   1.1690E-06   1.1704E-06   0.99879
FLUX 1079  5530.00        5.421202E+13   1.1575E-06   1.1624E-06   0.99581
FLUX 1080  5550.00        5.401667E+13   1.1540E-06   1.1544E-06   0.99967
FLUX 1081  5570.00        5.382271E+13   1.1462E-06   1.1466E-06   0.99971
FLUX 1082  5590.00        5.363014E+13   1.1371E-06   1.1388E-06   0.99850
FLUX 1083  5610.00        5.343895E+13   1.1307E-06   1.1311E-06   0.99969
FLUX 1084  5630.00        5.324911E+13   1.1230E-06   1.1235E-06   0.99957
FLUX 1085  5650.00        5.306062E+13   1.1158E-06   1.1159E-06   0.99991
FLUX 1086  5670.00        5.287346E+13   1.1083E-06   1.1085E-06   0.99983
FLUX 1087  5690.00        5.268761E+13   1.1000E-06   1.1011E-06   0.99905
FLUX 1088  5710.00        5.250306E+13   1.0864E-06   1.0937E-06   0.99327
FLUX 1089  5730.00        5.231981E+13   1.0853E-06   1.0865E-06   0.99892
FLUX 1090  5750.00        5.213783E+13   1.0792E-06   1.0793E-06   0.99989
FLUX 1091  5770.00        5.195711E+13   1.0720E-06   1.0722E-06   0.99979
FLUX 1092  5790.00        5.177763E+13   1.0647E-06   1.0652E-06   0.99958
FLUX 1093  5810.00        5.159940E+13   1.0580E-06   1.0582E-06   0.99983
FLUX 1094  5830.00        5.142238E+13   1.0512E-06   1.0513E-06   0.99992
FLUX 1095  5850.00        5.124658E+13   1.0450E-06   1.0451E-06   0.99988
FLUX 1096  5870.00        5.107198E+13   1.0377E-06   1.0383E-06   0.99944
FLUX 1097  5890.00        5.089856E+13   1.0261E-06   1.0316E-06   0.99466
FLUX 1098  5910.00        5.072631E+13   9.9107E-07   1.0250E-06   0.96694
FLUX 1099  5930.00        5.055523E+13   1.0143E-06   1.0184E-06   0.99598
FLUX 1100  5950.00        5.038529E+13   9.9992E-07   1.0119E-06   0.98819
FLUX 1101  5970.00        5.021650E+13   1.0003E-06   1.0054E-06   0.99492
FLUX 1102  5990.00        5.004883E+13   9.9848E-07   9.9903E-07   0.99944
FLUX 1103  6010.00        4.988228E+13   9.9201E-07   9.9271E-07   0.99930
FLUX 1104  6030.00        4.971683E+13   9.8632E-07   9.8644E-07   0.99988
FLUX 1105  6050.00        4.955248E+13   9.8013E-07   9.8023E-07   0.99990
FLUX 1106  6070.00        4.938921E+13   9.7372E-07   9.7408E-07   0.99964
FLUX 1107  6090.00        4.922701E+13   9.6743E-07   9.6798E-07   0.99943
FLUX 1108  6110.00        4.906588E+13   9.6065E-07   9.6195E-07   0.99865
FLUX 1109  6130.00        4.890579E+13   9.5567E-07   9.5597E-07   0.99969
FLUX 1110  6150.00        4.874675E+13   9.4991E-07   9.5004E-07   0.99986
FLUX 1111  6170.00        4.858874E+13   9.4396E-07   9.4417E-07   0.99977
FLUX 1112  6190.00        4.843174E+13   9.3803E-07   9.3836E-07   0.99965
FLUX 1113  6210.00        4.827576E+13   9.3250E-07   9.3260E-07   0.99989
FLUX 1114  6230.00        4.812079E+13   9.2566E-07   9.2689E-07   0.99867
FLUX 1115  6250.00        4.796680E+13   9.2085E-07   9.2123E-07   0.99959
FLUX 1116  6270.00        4.781380E+13   9.1352E-07   9.1563E-07   0.99770
FLUX 1117  6290.00        4.766176E+13   8.9499E-07   9.1007E-07   0.98343
FLUX 1118  6310.00        4.751070E+13   9.0075E-07   9.0457E-07   0.99578
FLUX 1119  6330.00        4.736058E+13   8.9881E-07   8.9912E-07   0.99966
FLUX 1120  6350.00        4.721142E+13   8.9342E-07   8.9371E-07   0.99968
FLUX 1121  6370.00        4.706319E+13   8.8816E-07   8.8835E-07   0.99978
FLUX 1122  6390.00        4.691588E+13   8.8277E-07   8.8305E-07   0.99968
FLUX 1123  6420.00        4.669665E+13   8.7507E-07   8.7517E-07   0.99989
FLUX 1124  6460.00        4.640751E+13   8.6451E-07   8.6483E-07   0.99962
FLUX 1125  6500.00        4.612192E+13   8.5426E-07   8.5468E-07   0.99951
FLUX 1126  6540.00        4.583983E+13   8.4461E-07   8.4470E-07   0.99990
FLUX 1127  6580.00        4.556117E+13   8.3476E-07   8.3490E-07   0.99983
FLUX 1128  6620.00        4.528588E+13   8.2503E-07   8.2526E-07   0.99971
FLUX 1129  6660.00        4.501389E+13   8.1569E-07   8.1580E-07   0.99987
FLUX 1130  6700.00        4.474515E+13   8.0632E-07   8.0649E-07   0.99979
FLUX 1131  6740.00        4.447960E+13   7.9615E-07   7.9734E-07   0.99850
FLUX 1132  6780.00        4.421718E+13   7.7870E-07   7.8835E-07   0.98776
FLUX 1133  6820.00        4.395784E+13   7.7928E-07   7.7951E-07   0.99971
FLUX 1134  6860.00        4.370153E+13   7.7058E-07   7.7081E-07   0.99970
FLUX 1135  6900.00        4.344819E+13   7.6194E-07   7.6226E-07   0.99957
FLUX 1136  6940.00        4.319777E+13   7.5348E-07   7.5386E-07   0.99950
FLUX 1137  6980.00        4.295021E+13   7.4533E-07   7.4559E-07   0.99965
FLUX 1138  7020.00        4.270548E+13   7.3703E-07   7.3745E-07   0.99943
FLUX 1139  7060.00        4.246353E+13   7.2916E-07   7.2945E-07   0.99961
FLUX 1140  7100.00        4.222430E+13   7.2143E-07   7.2158E-07   0.99980
FLUX 1141  7140.00        4.198774E+13   7.1364E-07   7.1383E-07   0.99974
FLUX 1142  7180.00        4.175383E+13   7.0598E-07   7.0621E-07   0.99968
FLUX 1143  7220.00        4.152251E+13   6.9816E-07   6.9871E-07   0.99922
FLUX 1144  7260.00        4.129373E+13   6.9085E-07   6.9133E-07   0.99931
FLUX 1145  7300.00        4.106747E+13   6.8398E-07   6.8406E-07   0.99988
FLUX 1146  7340.00        4.084366E+13   6.7665E-07   6.7691E-07   0.99961
FLUX 1147  7380.00        4.062229E+13   6.6977E-07   6.6987E-07   0.99985
FLUX 1148  7420.00        4.040330E+13   6.6237E-07   6.6294E-07   0.99914
FLUX 1149  7460.00        4.018666E+13   6.4351E-07   6.5612E-07   0.98078
FLUX 1150  7500.00        3.997233E+13   6.3224E-07   6.4940E-07   0.97356
FLUX 1151  7540.00        3.976028E+13   6.4133E-07   6.4279E-07   0.99772
FLUX 1152  7580.00        3.955046E+13   6.3614E-07   6.3628E-07   0.99978
FLUX 1153  7620.00        3.934285E+13   6.2977E-07   6.2986E-07   0.99986
FLUX 1154  7660.00        3.913740E+13   6.2347E-07   6.2354E-07   0.99988
FLUX 1155  7700.00        3.893409E+13   6.1717E-07   6.1732E-07   0.99976
FLUX 1156  7740.00        3.873288E+13   6.1113E-07   6.1119E-07   0.99990
FLUX 1157  7780.00        3.853374E+13   6.0400E-07   6.0515E-07   0.99811
FLUX 1158  7820.00        3.833664E+13   5.9917E-07   5.9919E-07   0.99997
FLUX 1159  7860.00        3.814154E+13   5.9331E-07   5.9333E-07   0.99997
FLUX 1160  7900.00        3.794842E+13   5.8753E-07   5.8755E-07   0.99997
FLUX 1161  7940.00        3.775724E+13   5.8181E-07   5.8185E-07   0.99993
FLUX 1162  7980.00        3.756798E+13   5.7618E-07   5.7624E-07   0.99990
FLUX 1163  8020.00        3.738061E+13   5.7058E-07   5.7071E-07   0.99977
FLUX 1164  8060.00        3.719510E+13   5.6511E-07   5.6526E-07   0.99975
FLUX 1165  8100.00        3.701142E+13   5.5984E-07   5.5988E-07   0.99993
FLUX 1166  8140.00        3.682955E+13   5.5292E-07   5.5458E-07   0.99700
FLUX 1167  8180.00        3.664945E+13   5.4869E-07   5.4936E-07   0.99880
FLUX 1168  8220.00        3.647111E+13   5.4417E-07   5.4420E-07   0.99993
FLUX 1169  8260.00        3.629449E+13   5.3908E-07   5.3913E-07   0.99992
FLUX 1170  8300.00        3.611958E+13   5.3407E-07   5.3412E-07   0.99990
FLUX 1171  8340.00        3.594634E+13   5.2894E-07   5.2918E-07   0.99955
FLUX 1172  8380.00        3.577476E+13   5.2405E-07   5.2431E-07   0.99952
FLUX 1173  8420.00        3.560481E+13   5.1938E-07   5.1950E-07   0.99977
FLUX 1174  8460.00        3.543647E+13   5.1472E-07   5.1476E-07   0.99991
FLUX 1175  8500.00        3.526971E+13   5.1008E-07   5.1009E-07   0.99997
FLUX 1176  8540.00        3.510451E+13   5.0543E-07   5.0548E-07   0.99989
FLUX 1177  8580.00        3.494085E+13   5.0088E-07   5.0093E-07   0.99991
FLUX 1178  8620.00        3.477871E+13   4.9635E-07   4.9644E-07   0.99982
FLUX 1179  8660.00        3.461807E+13   4.8919E-07   4.9202E-07   0.99425
FLUX 1180  8700.00        3.445891E+13   4.8745E-07   4.8765E-07   0.99961
FLUX 1181  8740.00        3.430120E+13   4.7938E-07   4.8333E-07   0.99182
FLUX 1182  8780.00        3.414493E+13   4.7516E-07   4.7908E-07   0.99181
FLUX 1183  8820.00        3.399008E+13   4.7475E-07   4.7488E-07   0.99972
FLUX 1184  8860.00        3.383662E+13   4.7064E-07   4.7074E-07   0.99980
FLUX 1185  8900.00        3.368455E+13   4.6655E-07   4.6665E-07   0.99980
FLUX 1186  8940.00        3.353384E+13   4.6256E-07   4.6261E-07   0.99989
FLUX 1187  8980.00        3.338447E+13   4.5846E-07   4.5862E-07   0.99964
FLUX 1188  9020.00        3.323642E+13   4.5459E-07   4.5469E-07   0.99978
FLUX 1189  9060.00        3.308968E+13   4.5079E-07   4.5080E-07   0.99998
FLUX 1190  9100.00        3.294423E+13   4.4684E-07   4.4697E-07   0.99970
FLUX 1191  9140.00        3.280005E+13   4.4309E-07   4.4318E-07   0.99978
FLUX 1192  9180.00        3.265713E+13   4.3941E-07   4.3945E-07   0.99992
FLUX 1193  9220.00        3.251546E+13   4.3575E-07   4.3576E-07   0.99998
FLUX 1194  9260.00        3.237500E+13   4.3208E-07   4.3211E-07   0.99992
FLUX 1195  9300.00        3.223575E+13   4.2850E-07   4.2851E-07   0.99998
FLUX 1196  9340.00        3.209770E+13   4.2492E-07   4.2496E-07   0.99990
FLUX 1197  9380.00        3.196082E+13   4.1807E-07   4.2145E-07   0.99199
FLUX 1198  9420.00        3.182511E+13   4.1726E-07   4.1798E-07   0.99829
FLUX 1199  9460.00        3.169054E+13   4.1452E-07   4.1455E-07   0.99992
FLUX 1200  9500.00        3.155710E+13   4.1113E-07   4.1117E-07   0.99990
FLUX 1201  9540.00        3.142479E+13   4.0769E-07   4.0783E-07   0.99965
FLUX 1202  9580.00        3.129358E+13   4.0452E-07   4.0453E-07   0.99997
FLUX 1203  9620.00        3.116346E+13   4.0119E-07   4.0127E-07   0.99981
FLUX 1204  9660.00        3.103442E+13   3.9804E-07   3.9805E-07   0.99998
FLUX 1205  9700.00        3.090644E+13   3.9485E-07   3.9486E-07   0.99998
FLUX 1206  9740.00        3.077952E+13   3.9158E-07   3.9172E-07   0.99966
FLUX 1207  9780.00        3.065363E+13   3.8855E-07   3.8861E-07   0.99985
FLUX 1208  9820.00        3.052877E+13   3.8547E-07   3.8554E-07   0.99982
FLUX 1209  9860.00        3.040492E+13   3.8246E-07   3.8250E-07   0.99988
FLUX 1210  9900.00        3.028207E+13   3.7950E-07   3.7950E-07   0.99999
FLUX 1211  9940.00        3.016021E+13   3.7649E-07   3.7654E-07   0.99988
FLUX 1212  9980.00        3.003933E+13   3.7356E-07   3.7361E-07   0.99987
FLUX 1213 10020.00        2.991941E+13   3.7066E-07   3.7071E-07   0.99987
FLUX 1214 20000.00        1.498962E+13   9.5212E-08   9.5214E-08   0.99998
FLUX 1215 40000.00        7.494812E+12   2.3824E-08   2.3824E-08   1.00000
FLUX 1216 60000.00        4.996542E+12   1.0521E-08   1.0521E-08   1.00000
FLUX 1217 80000.00        3.747406E+12   5.8797E-09   5.8797E-09   1.00000
FLUX 1218100000.00        2.997925E+12   3.7408E-09   3.7408E-09   1.00000
FLUX 1219120000.00        2.498271E+12   2.5842E-09   2.5842E-09   1.00000
FLUX 1220140000.00        2.141375E+12   1.8898E-09   1.8898E-09   1.00000
FLUX 1221160000.00        1.873703E+12   1.4408E-09   1.4408E-09   1.00000
FLUX
