TEFF  12000.  GRAVITY 4.00000 LTE 
TITLE  [ 0.0] VTURB=0  L/H=1.25 NOVER NEW ODF                                   
FLUX    1     9.09        3.298047E+16   2.5000E-39   2.5000E-39   1.00000
FLUX    2     9.35        3.206337E+16   2.5000E-39   2.5000E-39   1.00000
FLUX    3     9.61        3.119589E+16   2.5000E-39   2.5000E-39   1.00000
FLUX    4     9.77        3.068500E+16   2.5000E-39   2.5000E-39   1.00000
FLUX    5     9.96        3.009965E+16   2.5000E-39   2.5000E-39   1.00000
FLUX    6    10.20        2.939142E+16   2.5000E-39   2.5000E-39   1.00000
FLUX    7    10.38        2.888174E+16   2.5000E-39   2.5000E-39   1.00000
FLUX    8    10.56        2.838944E+16   2.5000E-39   2.5000E-39   1.00000
FLUX    9    10.77        2.783589E+16   2.5000E-39   2.5000E-39   1.00000
FLUX   10    11.04        2.715512E+16   2.5000E-39   2.5000E-39   1.00000
FLUX   11    11.40        2.629759E+16   2.5000E-39   2.5000E-39   1.00000
FLUX   12    11.78        2.544928E+16   2.5000E-39   2.5000E-39   1.00000
FLUX   13    12.13        2.471496E+16   2.5000E-39   2.5000E-39   1.00000
FLUX   14    12.48        2.402184E+16   2.5000E-39   2.5000E-39   1.00000
FLUX   15    12.71        2.358714E+16   2.5000E-39   2.5000E-39   1.00000
FLUX   16    12.84        2.334833E+16   2.5000E-39   2.5000E-39   1.00000
FLUX   17    13.05        2.297260E+16   2.5000E-39   2.5000E-39   1.00000
FLUX   18    13.24        2.264294E+16   2.5000E-39   2.5000E-39   1.00000
FLUX   19    13.39        2.238928E+16   2.5000E-39   2.5000E-39   1.00000
FLUX   20    13.66        2.194674E+16   2.5000E-39   2.5000E-39   1.00000
FLUX   21    13.98        2.144439E+16   2.5000E-39   2.5000E-39   1.00000
FLUX   22    14.33        2.092062E+16   2.5000E-39   2.5000E-39   1.00000
FLUX   23    14.72        2.036634E+16   2.5000E-39   2.5000E-39   1.00000
FLUX   24    15.10        1.985381E+16   2.5000E-39   2.5000E-39   1.00000
FLUX   25    15.52        1.931653E+16   2.5000E-39   2.5000E-39   1.00000
FLUX   26    15.88        1.887862E+16   2.5000E-39   2.5000E-39   1.00000
FLUX   27    16.20        1.850571E+16   2.5000E-39   2.5000E-39   1.00000
FLUX   28    16.60        1.805979E+16   2.5000E-39   2.5000E-39   1.00000
FLUX   29    17.03        1.760379E+16   2.5000E-39   2.5000E-39   1.00000
FLUX   30    17.34        1.728907E+16   2.5000E-39   2.5000E-39   1.00000
FLUX   31    17.68        1.695659E+16   2.5000E-39   2.5000E-39   1.00000
FLUX   32    18.02        1.663665E+16   2.5000E-39   2.5000E-39   1.00000
FLUX   33    18.17        1.649931E+16   2.5000E-39   2.5000E-39   1.00000
FLUX   34    18.61        1.610921E+16   2.5000E-39   2.5000E-39   1.00000
FLUX   35    19.10        1.569594E+16   2.5000E-39   2.5000E-39   1.00000
FLUX   36    19.39        1.546119E+16   2.5000E-39   2.5000E-39   1.00000
FLUX   37    19.84        1.511051E+16   2.5004E-39   2.5004E-39   1.00000
FLUX   38    20.18        1.485592E+16   2.5061E-39   2.5061E-39   1.00000
FLUX   39    20.50        1.462402E+16   2.5498E-39   2.5498E-39   1.00000
FLUX   40    21.05        1.424192E+16   3.3125E-39   3.3125E-39   0.99998
FLUX   41    21.62        1.386644E+16   1.1056E-38   1.1088E-38   0.99710
FLUX   42    21.98        1.363933E+16   3.5101E-38   3.5214E-38   0.99677
FLUX   43    22.30        1.344361E+16   1.0208E-37   1.0241E-37   0.99677
FLUX   44    22.68        1.321836E+16   3.6036E-37   3.6150E-37   0.99686
FLUX   45    23.00        1.303446E+16   1.0216E-36   1.0249E-36   0.99676
FLUX   46    23.40        1.281165E+16   3.5866E-36   3.5973E-36   0.99701
FLUX   47    24.00        1.249135E+16   2.2039E-35   2.2101E-35   0.99718
FLUX   48    24.65        1.216197E+16   1.4447E-34   1.4486E-34   0.99733
FLUX   49    25.24        1.187767E+16   7.4004E-34   7.4195E-34   0.99743
FLUX   50    25.68        1.167416E+16   2.3968E-33   2.4028E-33   0.99750
FLUX   51    26.00        1.153048E+16   5.5113E-33   5.5245E-33   0.99760
FLUX   52    26.40        1.135578E+16   1.5221E-32   1.5256E-32   0.99766
FLUX   53    26.85        1.116546E+16   4.5948E-32   4.6051E-32   0.99777
FLUX   54    27.35        1.096133E+16   1.5078E-31   1.5111E-31   0.99784
FLUX   55    27.85        1.076454E+16   4.7906E-31   4.8005E-31   0.99795
FLUX   56    28.40        1.055607E+16   1.6358E-30   1.6360E-30   0.99989
FLUX   57    29.00        1.033767E+16   5.9295E-30   5.9297E-30   0.99997
FLUX   58    29.60        1.012812E+16   2.0394E-29   2.0395E-29   0.99997
FLUX   59    30.10        9.959883E+15   5.5451E-29   5.5472E-29   0.99961
FLUX   60    30.80        9.733523E+15   2.1364E-28   2.1366E-28   0.99991
FLUX   61    31.80        9.427437E+15   1.3323E-27   1.3324E-27   0.99997
FLUX   62    32.80        9.140015E+15   7.4922E-27   7.4924E-27   0.99997
FLUX   63    33.80        8.869601E+15   3.8228E-26   3.8229E-26   0.99998
FLUX   64    34.80        8.614727E+15   1.7883E-25   1.7884E-25   0.99997
FLUX   65    35.70        8.397549E+15   6.7523E-25   6.7537E-25   0.99979
FLUX   66    36.60        8.191052E+15   2.3727E-24   2.3729E-24   0.99990
FLUX   67    37.50        7.994467E+15   7.8459E-24   7.8554E-24   0.99879
FLUX   68    38.50        7.786818E+15   2.7890E-23   2.7903E-23   0.99954
FLUX   69    39.50        7.589683E+15   9.2884E-23   9.3007E-23   0.99868
FLUX   70    40.50        7.402284E+15   2.9275E-22   2.9282E-22   0.99976
FLUX   71    41.40        7.241364E+15   7.8594E-22   7.8612E-22   0.99977
FLUX   72    42.20        7.104087E+15   1.8247E-21   1.8263E-21   0.99916
FLUX   73    43.00        6.971919E+15   4.0959E-21   4.1119E-21   0.99609
FLUX   74    44.10        6.798016E+15   1.1961E-20   1.1968E-20   0.99939
FLUX   75    45.10        6.647284E+15   3.0202E-20   3.0216E-20   0.99954
FLUX   76    46.00        6.517228E+15   6.7239E-20   6.7259E-20   0.99971
FLUX   77    47.00        6.378564E+15   1.5783E-19   1.5794E-19   0.99927
FLUX   78    48.00        6.245677E+15   3.5744E-19   3.5759E-19   0.99956
FLUX   79    49.00        6.118214E+15   7.8369E-19   7.8379E-19   0.99988
FLUX   80    50.00        5.995850E+15   1.6634E-18   1.6635E-18   0.99997
FLUX   81    50.60        5.924753E+15   8.6942E-18   1.1997E-17   0.72470
FLUX   82    51.20        5.855322E+15   1.7484E-17   1.7852E-17   0.97939
FLUX   83    52.00        5.765240E+15   2.8808E-17   2.9382E-17   0.98049
FLUX   84    53.00        5.656462E+15   5.2972E-17   5.3697E-17   0.98651
FLUX   85    54.00        5.551713E+15   9.3619E-17   9.6108E-17   0.97410
FLUX   86    55.00        5.450773E+15   1.6767E-16   1.6867E-16   0.99406
FLUX   87    56.00        5.353437E+15   2.8929E-16   2.9042E-16   0.99610
FLUX   88    57.00        5.259517E+15   4.9101E-16   4.9112E-16   0.99977
FLUX   89    58.00        5.168836E+15   7.9624E-16   8.1886E-16   0.97237
FLUX   90    59.00        5.081229E+15   1.3303E-15   1.3379E-15   0.99432
FLUX   91    60.00        4.996542E+15   2.1402E-15   2.1519E-15   0.99454
FLUX   92    61.00        4.914631E+15   3.4091E-15   3.4097E-15   0.99983
FLUX   93    62.00        4.835363E+15   5.3177E-15   5.3257E-15   0.99850
FLUX   94    63.00        4.758611E+15   8.2007E-15   8.2034E-15   0.99968
FLUX   95    64.00        4.684258E+15   1.2401E-14   1.2474E-14   0.99410
FLUX   96    65.00        4.612192E+15   1.8715E-14   1.8731E-14   0.99916
FLUX   97    65.80        4.556117E+15   2.5698E-14   2.5705E-14   0.99974
FLUX   98    66.50        4.508158E+15   3.3611E-14   3.3700E-14   0.99735
FLUX   99    67.50        4.441370E+15   4.8934E-14   4.9144E-14   0.99573
FLUX  100    68.50        4.376533E+15   7.0647E-14   7.0888E-14   0.99660
FLUX  101    69.50        4.313561E+15   1.0115E-13   1.0120E-13   0.99958
FLUX  102    70.50        4.252376E+15   1.4268E-13   1.4302E-13   0.99757
FLUX  103    71.60        4.187046E+15   2.0656E-13   2.0689E-13   0.99841
FLUX  104    72.60        4.129373E+15   2.8646E-13   2.8658E-13   0.99956
FLUX  105    73.50        4.078809E+15   3.8079E-13   3.8140E-13   0.99840
FLUX  106    74.50        4.024060E+15   5.1914E-13   5.1980E-13   0.99873
FLUX  107    75.50        3.970762E+15   7.0177E-13   7.0266E-13   0.99873
FLUX  108    76.50        3.918856E+15   9.4080E-13   9.4250E-13   0.99820
FLUX  109    77.50        3.868290E+15   1.2534E-12   1.2545E-12   0.99915
FLUX  110    78.50        3.819013E+15   1.6570E-12   1.6571E-12   0.99992
FLUX  111    79.50        3.770975E+15   2.1655E-12   2.1736E-12   0.99624
FLUX  112    80.50        3.724130E+15   2.8258E-12   2.8311E-12   0.99813
FLUX  113    81.50        3.678436E+15   3.6596E-12   3.6633E-12   0.99901
FLUX  114    82.50        3.633848E+15   4.7036E-12   4.7103E-12   0.99859
FLUX  115    83.50        3.590329E+15   5.9813E-12   6.0198E-12   0.99360
FLUX  116    84.50        3.547840E+15   7.6406E-12   7.6481E-12   0.99902
FLUX  117    85.50        3.506345E+15   9.6450E-12   9.6622E-12   0.99822
FLUX  118    86.50        3.465809E+15   1.2134E-11   1.2139E-11   0.99962
FLUX  119    87.50        3.426200E+15   1.5136E-11   1.5169E-11   0.99784
FLUX  120    88.50        3.387486E+15   1.8857E-11   1.8858E-11   0.99990
FLUX  121    89.50        3.349637E+15   2.3322E-11   2.3327E-11   0.99978
FLUX  122    90.50        3.312624E+15   2.8530E-11   2.8707E-11   0.99383
FLUX  123    91.50        3.276421E+15   3.5840E-10   1.3744E-06   0.00026
FLUX  124    92.50        3.241000E+15   2.3342E-09   1.6345E-06   0.00143
FLUX  125    93.50        3.206337E+15   3.8218E-09   1.7497E-06   0.00218
FLUX  126    94.50        3.172407E+15   7.7410E-09   1.7966E-06   0.00431
FLUX  127    95.50        3.139188E+15   2.5146E-08   1.8195E-06   0.01382
FLUX  128    96.50        3.106658E+15   4.0329E-08   1.7816E-06   0.02264
FLUX  129    97.50        3.074795E+15   1.4560E-08   1.6930E-06   0.00860
FLUX  130    98.50        3.043579E+15   1.6436E-07   1.7356E-06   0.09470
FLUX  131    99.50        3.012990E+15   2.7989E-07   1.6676E-06   0.16784
FLUX  132   100.50        2.983010E+15   3.1228E-07   1.5710E-06   0.19877
FLUX  133   101.50        2.953621E+15   1.3006E-07   1.4204E-06   0.09156
FLUX  134   102.50        2.924805E+15   1.9177E-08   1.7800E-06   0.01077
FLUX  135   103.50        2.896546E+15   9.2390E-08   1.8219E-06   0.05071
FLUX  136   104.50        2.868828E+15   4.7055E-07   1.8768E-06   0.25071
FLUX  137   105.50        2.841635E+15   7.5335E-07   1.9484E-06   0.38665
FLUX  138   106.50        2.814953E+15   7.7965E-07   2.0838E-06   0.37414
FLUX  139   107.50        2.788767E+15   1.0387E-06   2.2865E-06   0.45429
FLUX  140   108.50        2.763064E+15   1.0887E-06   2.5281E-06   0.43063
FLUX  141   109.50        2.737831E+15   1.2490E-06   2.7700E-06   0.45090
FLUX  142   110.50        2.713054E+15   2.2441E-06   1.9689E-05   0.11398
FLUX  143   111.50        2.688722E+15   6.6836E-06   2.1020E-05   0.31797
FLUX  144   112.50        2.664822E+15   7.7755E-06   2.2016E-05   0.35317
FLUX  145   113.50        2.641344E+15   9.4859E-06   2.3694E-05   0.40035
FLUX  146   114.50        2.618275E+15   8.5925E-06   2.4184E-05   0.35530
FLUX  147   115.50        2.595606E+15   1.0009E-05   2.4422E-05   0.40985
FLUX  148   116.50        2.573326E+15   1.1035E-05   2.4378E-05   0.45264
FLUX  149   117.50        2.551426E+15   1.0196E-05   2.4214E-05   0.42108
FLUX  150   118.50        2.529894E+15   8.0944E-06   2.6338E-05   0.30733
FLUX  151   119.50        2.508724E+15   6.8486E-07   2.6515E-05   0.02583
FLUX  152   120.50        2.487905E+15   5.0412E-07   2.6657E-05   0.01891
FLUX  153   121.50        2.467428E+15   6.1992E-08   2.6772E-05   0.00232
FLUX  154   122.50        2.447286E+15   3.1379E-07   2.7717E-05   0.01132
FLUX  155   123.50        2.427470E+15   3.8596E-06   2.7802E-05   0.13883
FLUX  156   124.50        2.407972E+15   1.0390E-05   2.9476E-05   0.35249
FLUX  157   125.50        2.388785E+15   1.5182E-05   3.2052E-05   0.47366
FLUX  158   126.50        2.369901E+15   1.1329E-05   3.3370E-05   0.33950
FLUX  159   127.50        2.351314E+15   1.8386E-05   3.4013E-05   0.54055
FLUX  160   128.50        2.333016E+15   2.2704E-05   3.4525E-05   0.65761
FLUX  161   129.50        2.315000E+15   1.8650E-05   3.4850E-05   0.53517
FLUX  162   130.50        2.297261E+15   1.0477E-05   3.5126E-05   0.29826
FLUX  163   131.50        2.279791E+15   2.0861E-05   3.5340E-05   0.59028
FLUX  164   132.50        2.262585E+15   2.3491E-05   3.5532E-05   0.66114
FLUX  165   133.50        2.245637E+15   2.0218E-05   3.5699E-05   0.56634
FLUX  166   134.50        2.228940E+15   2.6101E-05   3.5844E-05   0.72817
FLUX  167   135.50        2.212491E+15   2.4975E-05   3.5977E-05   0.69419
FLUX  168   136.50        2.196282E+15   2.2761E-05   3.6106E-05   0.63038
FLUX  169   137.50        2.180309E+15   2.5492E-05   3.6227E-05   0.70367
FLUX  170   138.50        2.164567E+15   2.5843E-05   3.6340E-05   0.71115
FLUX  171   139.50        2.149050E+15   2.6370E-05   3.6445E-05   0.72354
FLUX  172   140.50        2.133754E+15   2.6474E-05   3.6546E-05   0.72440
FLUX  173   141.50        2.118675E+15   2.5518E-05   3.6641E-05   0.69645
FLUX  174   142.50        2.103807E+15   2.7498E-05   3.6768E-05   0.74787
FLUX  175   143.50        2.089146E+15   2.5719E-05   3.6857E-05   0.69780
FLUX  176   144.20        2.079005E+15   2.8857E-05   3.6917E-05   0.78166
FLUX  177   144.70        2.071821E+15   3.0345E-05   3.7332E-05   0.81282
FLUX  178   145.50        2.060430E+15   2.9933E-05   3.7397E-05   0.80041
FLUX  179   146.50        2.046365E+15   2.8389E-05   3.7475E-05   0.75755
FLUX  180   147.50        2.032492E+15   2.7236E-05   3.7549E-05   0.72536
FLUX  181   148.50        2.018805E+15   2.8599E-05   3.7618E-05   0.76024
FLUX  182   149.50        2.005301E+15   3.0647E-05   3.7684E-05   0.81324
FLUX  183   150.50        1.991977E+15   3.0548E-05   3.7748E-05   0.80926
FLUX  184   151.20        1.982755E+15   2.8320E-05   3.7792E-05   0.74938
FLUX  185   151.70        1.976220E+15   3.0870E-05   3.8054E-05   0.81121
FLUX  186   152.50        1.965852E+15   2.8841E-05   3.8600E-05   0.74717
FLUX  187   153.50        1.953046E+15   2.7251E-05   3.8810E-05   0.70215
FLUX  188   154.50        1.940405E+15   3.1111E-05   3.8873E-05   0.80033
FLUX  189   155.50        1.927926E+15   2.8142E-05   3.8933E-05   0.72284
FLUX  190   156.50        1.915607E+15   2.6212E-05   3.8991E-05   0.67226
FLUX  191   157.50        1.903444E+15   2.8308E-05   3.9050E-05   0.72492
FLUX  192   158.50        1.891435E+15   3.0780E-05   3.9104E-05   0.78713
FLUX  193   159.50        1.879577E+15   3.1962E-05   3.9157E-05   0.81627
FLUX  194   160.50        1.867866E+15   3.0597E-05   3.9208E-05   0.78039
FLUX  195   161.50        1.856300E+15   3.1185E-05   3.9257E-05   0.79439
FLUX  196   162.50        1.844877E+15   2.9384E-05   3.9306E-05   0.74757
FLUX  197   163.50        1.833593E+15   3.0507E-05   3.9353E-05   0.77520
FLUX  198   164.50        1.822447E+15   3.1655E-05   3.9399E-05   0.80344
FLUX  199   165.50        1.811435E+15   2.8489E-05   3.9444E-05   0.72227
FLUX  200   166.50        1.800556E+15   3.1528E-05   3.9487E-05   0.79844
FLUX  201   167.20        1.793017E+15   2.4857E-05   3.9517E-05   0.62901
FLUX  202   167.70        1.787671E+15   3.1003E-05   3.9598E-05   0.78294
FLUX  203   168.50        1.779184E+15   3.3549E-05   3.9660E-05   0.84592
FLUX  204   169.50        1.768687E+15   3.2123E-05   3.9699E-05   0.80917
FLUX  205   170.50        1.758314E+15   3.0612E-05   3.9738E-05   0.77035
FLUX  206   171.50        1.748061E+15   2.9480E-05   3.9777E-05   0.74113
FLUX  207   172.50        1.737928E+15   2.9478E-05   3.9814E-05   0.74038
FLUX  208   173.50        1.727911E+15   3.1144E-05   3.9851E-05   0.78152
FLUX  209   174.50        1.718009E+15   3.1162E-05   3.9887E-05   0.78127
FLUX  210   175.50        1.708219E+15   3.3790E-05   3.9922E-05   0.84641
FLUX  211   176.50        1.698541E+15   2.9993E-05   3.9956E-05   0.75064
FLUX  212   177.50        1.688972E+15   3.2536E-05   3.9990E-05   0.81359
FLUX  213   178.50        1.679510E+15   3.3098E-05   4.0023E-05   0.82697
FLUX  214   179.50        1.670153E+15   3.5497E-05   4.0055E-05   0.88620
FLUX  215   180.50        1.660900E+15   3.4723E-05   4.0087E-05   0.86619
FLUX  216   181.50        1.651749E+15   3.4222E-05   4.0118E-05   0.85303
FLUX  217   182.50        1.642699E+15   3.3900E-05   4.0150E-05   0.84434
FLUX  218   183.50        1.633747E+15   3.3347E-05   4.0185E-05   0.82983
FLUX  219   184.50        1.624892E+15   3.1628E-05   4.0220E-05   0.78636
FLUX  220   185.50        1.616132E+15   3.1995E-05   4.0255E-05   0.79481
FLUX  221   186.50        1.607466E+15   3.2652E-05   4.0289E-05   0.81043
FLUX  222   187.50        1.598893E+15   3.5062E-05   4.0324E-05   0.86953
FLUX  223   188.50        1.590411E+15   3.4100E-05   4.0357E-05   0.84496
FLUX  224   189.50        1.582018E+15   3.3627E-05   4.0390E-05   0.83256
FLUX  225   190.50        1.573714E+15   3.3911E-05   4.0423E-05   0.83892
FLUX  226   191.50        1.565496E+15   3.4422E-05   4.0480E-05   0.85036
FLUX  227   192.50        1.557364E+15   3.4654E-05   4.0512E-05   0.85541
FLUX  228   193.50        1.549315E+15   3.5003E-05   4.0544E-05   0.86333
FLUX  229   194.50        1.541350E+15   3.5769E-05   4.0575E-05   0.88153
FLUX  230   195.50        1.533465E+15   3.5162E-05   4.0607E-05   0.86590
FLUX  231   196.70        1.524110E+15   3.7132E-05   4.0645E-05   0.91357
FLUX  232   197.60        1.517168E+15   3.7705E-05   4.0675E-05   0.92700
FLUX  233   198.40        1.511051E+15   3.6637E-05   4.0705E-05   0.90005
FLUX  234   199.50        1.502719E+15   3.5711E-05   4.0741E-05   0.87654
FLUX  235   200.50        1.495224E+15   3.6446E-05   4.0771E-05   0.89392
FLUX  236   201.50        1.487804E+15   3.4748E-05   4.0802E-05   0.85161
FLUX  237   202.50        1.480457E+15   3.6582E-05   4.0833E-05   0.89590
FLUX  238   203.50        1.473182E+15   3.6106E-05   4.0863E-05   0.88359
FLUX  239   204.50        1.465978E+15   3.7068E-05   4.0893E-05   0.90645
FLUX  240   205.50        1.458844E+15   3.5802E-05   4.0923E-05   0.87487
FLUX  241   206.50        1.451780E+15   3.6093E-05   4.0953E-05   0.88132
FLUX  242   207.40        1.445480E+15   3.7249E-05   4.0980E-05   0.90895
FLUX  243   207.80        1.442697E+15   3.7594E-05   4.1007E-05   0.91677
FLUX  244   208.50        1.437854E+15   3.7872E-05   4.1028E-05   0.92308
FLUX  245   209.50        1.430990E+15   3.6754E-05   4.1058E-05   0.89518
FLUX  246   210.50        1.424192E+15   3.6668E-05   4.1088E-05   0.89242
FLUX  247   211.50        1.417459E+15   3.6878E-05   4.1118E-05   0.89688
FLUX  248   212.50        1.410788E+15   3.7347E-05   4.1148E-05   0.90762
FLUX  249   213.50        1.404180E+15   3.4315E-05   4.1178E-05   0.83333
FLUX  250   214.50        1.397634E+15   3.6676E-05   4.1207E-05   0.89003
FLUX  251   215.50        1.391148E+15   3.7503E-05   4.1237E-05   0.90945
FLUX  252   216.50        1.384723E+15   3.6314E-05   4.1267E-05   0.87997
FLUX  253   217.50        1.378356E+15   3.6119E-05   4.1297E-05   0.87462
FLUX  254   218.50        1.372048E+15   3.5889E-05   4.1326E-05   0.86843
FLUX  255   219.50        1.365797E+15   3.7520E-05   4.1356E-05   0.90724
FLUX  256   220.50        1.359603E+15   3.6512E-05   4.1386E-05   0.88222
FLUX  257   221.50        1.353465E+15   3.4850E-05   4.1415E-05   0.84146
FLUX  258   222.50        1.347382E+15   3.4025E-05   4.1445E-05   0.82097
FLUX  259   223.50        1.341353E+15   3.6748E-05   4.1475E-05   0.88603
FLUX  260   224.50        1.335379E+15   3.4363E-05   4.1505E-05   0.82794
FLUX  261   225.50        1.329457E+15   3.3911E-05   4.1535E-05   0.81644
FLUX  262   226.50        1.323587E+15   3.4950E-05   4.1564E-05   0.84088
FLUX  263   227.50        1.317769E+15   3.6235E-05   4.1594E-05   0.87116
FLUX  264   228.50        1.312002E+15   3.7032E-05   4.1624E-05   0.88968
FLUX  265   229.50        1.306285E+15   3.5970E-05   4.1653E-05   0.86355
FLUX  266   230.50        1.300618E+15   3.4968E-05   4.1683E-05   0.83890
FLUX  267   231.50        1.295000E+15   3.3873E-05   4.1713E-05   0.81206
FLUX  268   232.50        1.289430E+15   3.4044E-05   4.1743E-05   0.81556
FLUX  269   233.50        1.283908E+15   3.2476E-05   4.1773E-05   0.77744
FLUX  270   234.50        1.278433E+15   3.1414E-05   4.1803E-05   0.75148
FLUX  271   235.50        1.273004E+15   3.3982E-05   4.1833E-05   0.81233
FLUX  272   236.50        1.267622E+15   3.1501E-05   4.1862E-05   0.75250
FLUX  273   237.50        1.262284E+15   3.2776E-05   4.1892E-05   0.78240
FLUX  274   238.50        1.256992E+15   3.0321E-05   4.1922E-05   0.72328
FLUX  275   239.50        1.251743E+15   3.3057E-05   4.1952E-05   0.78797
FLUX  276   240.50        1.246538E+15   3.1824E-05   4.1982E-05   0.75804
FLUX  277   241.50        1.241377E+15   3.2735E-05   4.2012E-05   0.77918
FLUX  278   242.50        1.236258E+15   3.4404E-05   4.2042E-05   0.81834
FLUX  279   243.50        1.231181E+15   3.3202E-05   4.2071E-05   0.78919
FLUX  280   244.50        1.226145E+15   3.5301E-05   4.2102E-05   0.83847
FLUX  281   245.50        1.221151E+15   3.4431E-05   4.2131E-05   0.81722
FLUX  282   246.50        1.216197E+15   3.4777E-05   4.2161E-05   0.82485
FLUX  283   247.50        1.211283E+15   3.4030E-05   4.2191E-05   0.80657
FLUX  284   248.50        1.206408E+15   3.5652E-05   4.2221E-05   0.84440
FLUX  285   249.50        1.201573E+15   3.4834E-05   4.2251E-05   0.82445
FLUX  286   250.50        1.196776E+15   3.7191E-05   4.2281E-05   0.87962
FLUX  287   251.30        1.192967E+15   3.4881E-05   4.2305E-05   0.82453
FLUX  288   251.80        1.190598E+15   3.5499E-05   4.2323E-05   0.83876
FLUX  289   252.50        1.187297E+15   3.4072E-05   4.2344E-05   0.80465
FLUX  290   253.50        1.182613E+15   3.4223E-05   4.2376E-05   0.80760
FLUX  291   254.50        1.177967E+15   3.4214E-05   4.2409E-05   0.80677
FLUX  292   255.50        1.173356E+15   3.5655E-05   4.2441E-05   0.84009
FLUX  293   256.50        1.168782E+15   3.5500E-05   4.2474E-05   0.83581
FLUX  294   257.50        1.164243E+15   3.7431E-05   4.2506E-05   0.88060
FLUX  295   258.50        1.159739E+15   3.7285E-05   4.2538E-05   0.87650
FLUX  296   259.50        1.155270E+15   3.7063E-05   4.2570E-05   0.87064
FLUX  297   260.50        1.150835E+15   3.5972E-05   4.2609E-05   0.84423
FLUX  298   261.50        1.146434E+15   3.6139E-05   4.2641E-05   0.84752
FLUX  299   262.50        1.142067E+15   3.7247E-05   4.2672E-05   0.87286
FLUX  300   263.50        1.137732E+15   3.7570E-05   4.2704E-05   0.87978
FLUX  301   264.50        1.133431E+15   4.0085E-05   4.2735E-05   0.93797
FLUX  302   265.50        1.129162E+15   3.9763E-05   4.2767E-05   0.92976
FLUX  303   266.50        1.124925E+15   3.7638E-05   4.2798E-05   0.87945
FLUX  304   267.50        1.120720E+15   3.9181E-05   4.2829E-05   0.91482
FLUX  305   268.50        1.116546E+15   3.8873E-05   4.2860E-05   0.90698
FLUX  306   269.50        1.112403E+15   3.8251E-05   4.2891E-05   0.89183
FLUX  307   270.50        1.108290E+15   3.9147E-05   4.2922E-05   0.91205
FLUX  308   271.50        1.104208E+15   3.8037E-05   4.2952E-05   0.88557
FLUX  309   272.50        1.100156E+15   3.8519E-05   4.2983E-05   0.89614
FLUX  310   273.50        1.096133E+15   4.0360E-05   4.3013E-05   0.93833
FLUX  311   274.50        1.092140E+15   3.6498E-05   4.3043E-05   0.84793
FLUX  312   275.50        1.088176E+15   3.6691E-05   4.3073E-05   0.85184
FLUX  313   276.50        1.084240E+15   3.7740E-05   4.3103E-05   0.87557
FLUX  314   277.50        1.080333E+15   3.9553E-05   4.3133E-05   0.91699
FLUX  315   278.50        1.076454E+15   3.9512E-05   4.3163E-05   0.91542
FLUX  316   279.50        1.072603E+15   3.4156E-05   4.3192E-05   0.79080
FLUX  317   280.50        1.068779E+15   3.7098E-05   4.3221E-05   0.85833
FLUX  318   281.50        1.064982E+15   4.0553E-05   4.3251E-05   0.93762
FLUX  319   282.50        1.061212E+15   4.0926E-05   4.3280E-05   0.94562
FLUX  320   283.50        1.057469E+15   3.9734E-05   4.3308E-05   0.91747
FLUX  321   284.50        1.053752E+15   3.8983E-05   4.3337E-05   0.89953
FLUX  322   285.50        1.050061E+15   3.8800E-05   4.3365E-05   0.89471
FLUX  323   286.50        1.046396E+15   4.0425E-05   4.3394E-05   0.93158
FLUX  324   287.50        1.042757E+15   3.9708E-05   4.3422E-05   0.91447
FLUX  325   288.50        1.039142E+15   4.0295E-05   4.3450E-05   0.92739
FLUX  326   289.50        1.035553E+15   3.9569E-05   4.3477E-05   0.91009
FLUX  327   291.00        1.030215E+15   4.2009E-05   4.3519E-05   0.96530
FLUX  328   293.00        1.023183E+15   4.1180E-05   4.3573E-05   0.94508
FLUX  329   295.00        1.016246E+15   4.1465E-05   4.3626E-05   0.95045
FLUX  330   297.00        1.009402E+15   4.1902E-05   4.3679E-05   0.95933
FLUX  331   299.00        1.002650E+15   4.2165E-05   4.3730E-05   0.96421
FLUX  332   301.00        9.959884E+14   4.3011E-05   4.3781E-05   0.98243
FLUX  333   303.00        9.894142E+14   4.2919E-05   4.3831E-05   0.97919
FLUX  334   305.00        9.829262E+14   4.2787E-05   4.3880E-05   0.97509
FLUX  335   307.00        9.765228E+14   4.2722E-05   4.3928E-05   0.97255
FLUX  336   309.00        9.702023E+14   4.3225E-05   4.3974E-05   0.98295
FLUX  337   311.00        9.639630E+14   4.2759E-05   4.4021E-05   0.97134
FLUX  338   313.00        9.578035E+14   4.2876E-05   4.4066E-05   0.97300
FLUX  339   315.00        9.517222E+14   4.3296E-05   4.4110E-05   0.98155
FLUX  340   317.00        9.457177E+14   4.3246E-05   4.4155E-05   0.97942
FLUX  341   319.00        9.397884E+14   4.2597E-05   4.4199E-05   0.96376
FLUX  342   321.00        9.339330E+14   4.3309E-05   4.4241E-05   0.97892
FLUX  343   323.00        9.281501E+14   4.3140E-05   4.4283E-05   0.97419
FLUX  344   325.00        9.224385E+14   4.3378E-05   4.4323E-05   0.97868
FLUX  345   327.00        9.167966E+14   4.3606E-05   4.4362E-05   0.98296
FLUX  346   329.00        9.112234E+14   4.3822E-05   4.4400E-05   0.98698
FLUX  347   331.00        9.057175E+14   4.4050E-05   4.4436E-05   0.99131
FLUX  348   333.00        9.002778E+14   4.3789E-05   4.4471E-05   0.98464
FLUX  349   335.00        8.949030E+14   4.3641E-05   4.4506E-05   0.98058
FLUX  350   337.00        8.895920E+14   4.3783E-05   4.4539E-05   0.98303
FLUX  351   339.00        8.843436E+14   4.3700E-05   4.4571E-05   0.98047
FLUX  352   341.00        8.791569E+14   4.4151E-05   4.4602E-05   0.98989
FLUX  353   343.00        8.740306E+14   4.4181E-05   4.4632E-05   0.98990
FLUX  354   345.00        8.689638E+14   4.4271E-05   4.4661E-05   0.99127
FLUX  355   347.00        8.639553E+14   4.4142E-05   4.4688E-05   0.98780
FLUX  356   349.00        8.590043E+14   4.4198E-05   4.4714E-05   0.98847
FLUX  357   351.00        8.541097E+14   4.4479E-05   4.4739E-05   0.99419
FLUX  358   353.00        8.492705E+14   4.4654E-05   4.4762E-05   0.99758
FLUX  359   355.00        8.444859E+14   4.4725E-05   4.4785E-05   0.99866
FLUX  360   357.00        8.397549E+14   4.4630E-05   4.4806E-05   0.99607
FLUX  361   359.00        8.350766E+14   4.4644E-05   4.4826E-05   0.99594
FLUX  362   361.00        8.304501E+14   4.4686E-05   4.4846E-05   0.99643
FLUX  363   363.00        8.258746E+14   4.4670E-05   4.4862E-05   0.99571
FLUX  364   364.00        8.236058E+14   4.4749E-05   4.4872E-05   0.99726
FLUX  365   365.00        8.213493E+14   4.5477E-05   1.1537E-04   0.39418
FLUX  366   367.00        8.168733E+14   4.5552E-05   1.1475E-04   0.39695
FLUX  367   369.00        8.124458E+14   4.4424E-05   1.1439E-04   0.38837
FLUX  368   371.00        8.080660E+14   4.5212E-05   1.1377E-04   0.39740
FLUX  369   373.00        8.037332E+14   4.6244E-05   1.1316E-04   0.40866
FLUX  370   375.00        7.994467E+14   5.8022E-05   1.1255E-04   0.51551
FLUX  371   377.00        7.952056E+14   6.1651E-05   1.1195E-04   0.55069
FLUX  372   379.00        7.910092E+14   7.3472E-05   1.1135E-04   0.65980
FLUX  373   381.00        7.868569E+14   8.3635E-05   1.1076E-04   0.75509
FLUX  374   383.00        7.827480E+14   6.8726E-05   1.1017E-04   0.62381
FLUX  375   385.00        7.786818E+14   9.0497E-05   1.0959E-04   0.82580
FLUX  376   387.00        7.746576E+14   9.9464E-05   1.0901E-04   0.91246
FLUX  377   389.00        7.706748E+14   6.2919E-05   1.0843E-04   0.58028
FLUX  378   391.00        7.667327E+14   9.9663E-05   1.0786E-04   0.92405
FLUX  379   393.00        7.628308E+14   1.0265E-04   1.0729E-04   0.95679
FLUX  380   395.00        7.589683E+14   9.9959E-05   1.0672E-04   0.93665
FLUX  381   397.00        7.551448E+14   6.1993E-05   1.0616E-04   0.58397
FLUX  382   399.00        7.513596E+14   9.7408E-05   1.0560E-04   0.92242
FLUX  383   401.00        7.476122E+14   1.0280E-04   1.0505E-04   0.97857
FLUX  384   403.00        7.439020E+14   1.0146E-04   1.0450E-04   0.97095
FLUX  385   405.00        7.402284E+14   1.0271E-04   1.0395E-04   0.98806
FLUX  386   407.00        7.365909E+14   1.0054E-04   1.0341E-04   0.97223
FLUX  387   409.00        7.329890E+14   8.5182E-05   1.0288E-04   0.82802
FLUX  388   411.00        7.294221E+14   6.7958E-05   1.0234E-04   0.66402
FLUX  389   413.00        7.258898E+14   9.7058E-05   1.0181E-04   0.95328
FLUX  390   415.00        7.223916E+14   9.9910E-05   1.0129E-04   0.98637
FLUX  391   417.00        7.189269E+14   9.9712E-05   1.0077E-04   0.98950
FLUX  392   419.00        7.154952E+14   9.9510E-05   1.0025E-04   0.99258
FLUX  393   421.00        7.120962E+14   9.9220E-05   9.9742E-05   0.99477
FLUX  394   423.00        7.087293E+14   9.8577E-05   9.9233E-05   0.99339
FLUX  395   425.00        7.053941E+14   9.7876E-05   9.8729E-05   0.99136
FLUX  396   427.00        7.020902E+14   9.6941E-05   9.8228E-05   0.98690
FLUX  397   429.00        6.988170E+14   9.6703E-05   9.7731E-05   0.98948
FLUX  398   431.00        6.955742E+14   9.4331E-05   9.7238E-05   0.97010
FLUX  399   433.00        6.923614E+14   7.7094E-05   9.6748E-05   0.79685
FLUX  400   435.00        6.891782E+14   6.7181E-05   9.6262E-05   0.69790
FLUX  401   437.00        6.860240E+14   9.2658E-05   9.5779E-05   0.96741
FLUX  402   439.00        6.828986E+14   9.3064E-05   9.5300E-05   0.97654
FLUX  403   441.00        6.798016E+14   9.4025E-05   9.4825E-05   0.99157
FLUX  404   443.00        6.767325E+14   9.3346E-05   9.4352E-05   0.98933
FLUX  405   445.00        6.736910E+14   9.3499E-05   9.3883E-05   0.99591
FLUX  406   447.00        6.706767E+14   9.2053E-05   9.3417E-05   0.98541
FLUX  407   449.00        6.676893E+14   9.1358E-05   9.2953E-05   0.98284
FLUX  408   451.00        6.647284E+14   9.1883E-05   9.2493E-05   0.99340
FLUX  409   453.00        6.617936E+14   9.1288E-05   9.2037E-05   0.99186
FLUX  410   455.00        6.588846E+14   9.0399E-05   9.1583E-05   0.98707
FLUX  411   457.00        6.560011E+14   9.0837E-05   9.1133E-05   0.99676
FLUX  412   459.00        6.531427E+14   8.9801E-05   9.0685E-05   0.99024
FLUX  413   461.00        6.503091E+14   9.0140E-05   9.0241E-05   0.99888
FLUX  414   463.00        6.475000E+14   8.8843E-05   8.9801E-05   0.98933
FLUX  415   465.00        6.447150E+14   8.9232E-05   8.9363E-05   0.99853
FLUX  416   467.00        6.419540E+14   8.8594E-05   8.8929E-05   0.99623
FLUX  417   469.00        6.392164E+14   8.8102E-05   8.8498E-05   0.99552
FLUX  418   471.00        6.365021E+14   8.6750E-05   8.8070E-05   0.98501
FLUX  419   473.00        6.338108E+14   8.7362E-05   8.7645E-05   0.99677
FLUX  420   475.00        6.311421E+14   8.6835E-05   8.7223E-05   0.99555
FLUX  421   477.00        6.284958E+14   8.6651E-05   8.6804E-05   0.99824
FLUX  422   479.00        6.258716E+14   8.6024E-05   8.6388E-05   0.99578
FLUX  423   481.00        6.232692E+14   8.5130E-05   8.5975E-05   0.99018
FLUX  424   483.00        6.206884E+14   8.3278E-05   8.5564E-05   0.97328
FLUX  425   485.00        6.181289E+14   7.0145E-05   8.5157E-05   0.82372
FLUX  426   487.00        6.155903E+14   5.8722E-05   8.4752E-05   0.69287
FLUX  427   489.00        6.130726E+14   8.1194E-05   8.4351E-05   0.96258
FLUX  428   491.00        6.105753E+14   8.2966E-05   8.3952E-05   0.98826
FLUX  429   493.00        6.080984E+14   8.2471E-05   8.3556E-05   0.98701
FLUX  430   495.00        6.056414E+14   8.2801E-05   8.3163E-05   0.99565
FLUX  431   497.00        6.032042E+14   8.2618E-05   8.2773E-05   0.99813
FLUX  432   499.00        6.007866E+14   8.2096E-05   8.2385E-05   0.99648
FLUX  433   501.00        5.983882E+14   8.0867E-05   8.2001E-05   0.98618
FLUX  434   503.00        5.960089E+14   8.0978E-05   8.1619E-05   0.99214
FLUX  435   505.00        5.936485E+14   7.9962E-05   8.1240E-05   0.98426
FLUX  436   507.00        5.913067E+14   8.0429E-05   8.0863E-05   0.99463
FLUX  437   509.00        5.889833E+14   8.0048E-05   8.0489E-05   0.99453
FLUX  438   511.00        5.866781E+14   7.9509E-05   8.0117E-05   0.99241
FLUX  439   513.00        5.843908E+14   7.9398E-05   7.9747E-05   0.99563
FLUX  440   515.00        5.821214E+14   7.8675E-05   7.9380E-05   0.99111
FLUX  441   517.00        5.798694E+14   7.8138E-05   7.9015E-05   0.98890
FLUX  442   519.00        5.776349E+14   7.7967E-05   7.8653E-05   0.99128
FLUX  443   521.00        5.754175E+14   7.7536E-05   7.8293E-05   0.99033
FLUX  444   523.00        5.732170E+14   7.7077E-05   7.7935E-05   0.98899
FLUX  445   525.00        5.710333E+14   7.7101E-05   7.7580E-05   0.99381
FLUX  446   527.00        5.688662E+14   7.6265E-05   7.7228E-05   0.98752
FLUX  447   529.00        5.667155E+14   7.6590E-05   7.6879E-05   0.99625
FLUX  448   531.00        5.645810E+14   7.5820E-05   7.6531E-05   0.99071
FLUX  449   533.00        5.624625E+14   7.5749E-05   7.6186E-05   0.99427
FLUX  450   535.00        5.603598E+14   7.5571E-05   7.5843E-05   0.99640
FLUX  451   537.00        5.582728E+14   7.5212E-05   7.5503E-05   0.99615
FLUX  452   539.00        5.562013E+14   7.4857E-05   7.5165E-05   0.99590
FLUX  453   541.00        5.541451E+14   7.4370E-05   7.4830E-05   0.99385
FLUX  454   543.00        5.521040E+14   7.4131E-05   7.4496E-05   0.99510
FLUX  455   545.00        5.500780E+14   7.3916E-05   7.4165E-05   0.99663
FLUX  456   547.00        5.480667E+14   7.3504E-05   7.3836E-05   0.99550
FLUX  457   549.00        5.460701E+14   7.3248E-05   7.3510E-05   0.99644
FLUX  458   551.00        5.440880E+14   7.2888E-05   7.3185E-05   0.99594
FLUX  459   553.00        5.421202E+14   7.2674E-05   7.2863E-05   0.99741
FLUX  460   555.00        5.401667E+14   7.2364E-05   7.2542E-05   0.99755
FLUX  461   557.00        5.382271E+14   7.2042E-05   7.2224E-05   0.99748
FLUX  462   559.00        5.363014E+14   7.1756E-05   7.1908E-05   0.99789
FLUX  463   561.00        5.343895E+14   7.1527E-05   7.1594E-05   0.99907
FLUX  464   563.00        5.324911E+14   7.1223E-05   7.1283E-05   0.99916
FLUX  465   565.00        5.306062E+14   7.0720E-05   7.0973E-05   0.99644
FLUX  466   567.00        5.287346E+14   7.0468E-05   7.0665E-05   0.99721
FLUX  467   569.00        5.268761E+14   7.0278E-05   7.0359E-05   0.99884
FLUX  468   571.00        5.250306E+14   6.9996E-05   7.0056E-05   0.99916
FLUX  469   573.00        5.231981E+14   6.9702E-05   6.9754E-05   0.99926
FLUX  470   575.00        5.213783E+14   6.9389E-05   6.9454E-05   0.99906
FLUX  471   577.00        5.195711E+14   6.9100E-05   6.9156E-05   0.99919
FLUX  472   579.00        5.177763E+14   6.8733E-05   6.8860E-05   0.99815
FLUX  473   581.00        5.159940E+14   6.8475E-05   6.8566E-05   0.99868
FLUX  474   583.00        5.142238E+14   6.8203E-05   6.8274E-05   0.99897
FLUX  475   585.00        5.124658E+14   6.7929E-05   6.7983E-05   0.99920
FLUX  476   587.00        5.107198E+14   6.7229E-05   6.7695E-05   0.99312
FLUX  477   589.00        5.089856E+14   6.7190E-05   6.7408E-05   0.99677
FLUX  478   591.00        5.072631E+14   6.7053E-05   6.7123E-05   0.99895
FLUX  479   593.00        5.055523E+14   6.6815E-05   6.6840E-05   0.99963
FLUX  480   595.00        5.038529E+14   6.6315E-05   6.6559E-05   0.99634
FLUX  481   597.00        5.021650E+14   6.6175E-05   6.6279E-05   0.99844
FLUX  482   599.00        5.004883E+14   6.5798E-05   6.6001E-05   0.99692
FLUX  483   601.00        4.988228E+14   6.5671E-05   6.5725E-05   0.99918
FLUX  484   603.00        4.971683E+14   6.5413E-05   6.5451E-05   0.99942
FLUX  485   605.00        4.955248E+14   6.5114E-05   6.5179E-05   0.99900
FLUX  486   607.00        4.938921E+14   6.4849E-05   6.4908E-05   0.99908
FLUX  487   609.00        4.922701E+14   6.4583E-05   6.4640E-05   0.99913
FLUX  488   611.00        4.906588E+14   6.4344E-05   6.4373E-05   0.99955
FLUX  489   613.00        4.890579E+14   6.4058E-05   6.4108E-05   0.99921
FLUX  490   615.00        4.874675E+14   6.3408E-05   6.3845E-05   0.99315
FLUX  491   617.00        4.858874E+14   6.3521E-05   6.3583E-05   0.99903
FLUX  492   619.00        4.843174E+14   6.3294E-05   6.3323E-05   0.99954
FLUX  493   621.00        4.827576E+14   6.3038E-05   6.3065E-05   0.99958
FLUX  494   623.00        4.812079E+14   6.2726E-05   6.2808E-05   0.99870
FLUX  495   625.00        4.796680E+14   6.2240E-05   6.2552E-05   0.99500
FLUX  496   627.00        4.781380E+14   6.2269E-05   6.2299E-05   0.99952
FLUX  497   629.00        4.766176E+14   6.2011E-05   6.2047E-05   0.99941
FLUX  498   631.00        4.751070E+14   6.1694E-05   6.1796E-05   0.99834
FLUX  499   633.00        4.736058E+14   6.1496E-05   6.1547E-05   0.99917
FLUX  500   635.00        4.721142E+14   6.0703E-05   6.1300E-05   0.99026
FLUX  501   637.00        4.706319E+14   6.0671E-05   6.1054E-05   0.99373
FLUX  502   639.00        4.691588E+14   6.0738E-05   6.0809E-05   0.99883
FLUX  503   641.00        4.676950E+14   6.0460E-05   6.0566E-05   0.99824
FLUX  504   643.00        4.662403E+14   6.0269E-05   6.0325E-05   0.99908
FLUX  505   645.00        4.647946E+14   5.9838E-05   6.0085E-05   0.99589
FLUX  506   647.00        4.633578E+14   5.9775E-05   5.9846E-05   0.99882
FLUX  507   649.00        4.619299E+14   5.9314E-05   5.9608E-05   0.99506
FLUX  508   651.00        4.605107E+14   5.8914E-05   5.9373E-05   0.99227
FLUX  509   653.00        4.591003E+14   5.8000E-05   5.9138E-05   0.98075
FLUX  510   655.00        4.576985E+14   5.2564E-05   5.8905E-05   0.89235
FLUX  511   657.00        4.563052E+14   4.3765E-05   5.8673E-05   0.74590
FLUX  512   659.00        4.549203E+14   5.6319E-05   5.8443E-05   0.96366
FLUX  513   661.00        4.535439E+14   5.7647E-05   5.8214E-05   0.99026
FLUX  514   663.00        4.521757E+14   5.7708E-05   5.7986E-05   0.99520
FLUX  515   665.00        4.508158E+14   5.7641E-05   5.7761E-05   0.99793
FLUX  516   667.00        4.494640E+14   5.7395E-05   5.7536E-05   0.99756
FLUX  517   669.00        4.481203E+14   5.7196E-05   5.7312E-05   0.99797
FLUX  518   671.00        4.467846E+14   5.7050E-05   5.7090E-05   0.99930
FLUX  519   673.00        4.454569E+14   5.6798E-05   5.6869E-05   0.99876
FLUX  520   675.00        4.441370E+14   5.6605E-05   5.6649E-05   0.99923
FLUX  521   677.00        4.428250E+14   5.6406E-05   5.6431E-05   0.99956
FLUX  522   679.00        4.415206E+14   5.6167E-05   5.6214E-05   0.99917
FLUX  523   681.00        4.402239E+14   5.5955E-05   5.5998E-05   0.99925
FLUX  524   683.00        4.389348E+14   5.5709E-05   5.5783E-05   0.99868
FLUX  525   685.00        4.376533E+14   5.5520E-05   5.5570E-05   0.99911
FLUX  526   687.00        4.363792E+14   5.5316E-05   5.5357E-05   0.99925
FLUX  527   689.00        4.351125E+14   5.5116E-05   5.5147E-05   0.99945
FLUX  528   691.00        4.338531E+14   5.4895E-05   5.4937E-05   0.99923
FLUX  529   693.00        4.326010E+14   5.4649E-05   5.4728E-05   0.99855
FLUX  530   695.00        4.313561E+14   5.4485E-05   5.4521E-05   0.99934
FLUX  531   697.00        4.301184E+14   5.4284E-05   5.4315E-05   0.99941
FLUX  532   699.00        4.288877E+14   5.4095E-05   5.4111E-05   0.99970
FLUX  533   701.00        4.276640E+14   5.3819E-05   5.3907E-05   0.99837
FLUX  534   703.00        4.264474E+14   5.3681E-05   5.3705E-05   0.99956
FLUX  535   705.00        4.252376E+14   5.3398E-05   5.3504E-05   0.99802
FLUX  536   707.00        4.240346E+14   5.3204E-05   5.3304E-05   0.99813
FLUX  537   709.00        4.228385E+14   5.3088E-05   5.3105E-05   0.99969
FLUX  538   711.00        4.216491E+14   5.2802E-05   5.2907E-05   0.99801
FLUX  539   713.00        4.204663E+14   5.2657E-05   5.2710E-05   0.99899
FLUX  540   715.00        4.192902E+14   5.2469E-05   5.2515E-05   0.99913
FLUX  541   717.00        4.181206E+14   5.2289E-05   5.2320E-05   0.99940
FLUX  542   719.00        4.169576E+14   5.2106E-05   5.2127E-05   0.99960
FLUX  543   721.00        4.158010E+14   5.1917E-05   5.1935E-05   0.99966
FLUX  544   723.00        4.146508E+14   5.1687E-05   5.1744E-05   0.99889
FLUX  545   725.00        4.135069E+14   5.1496E-05   5.1554E-05   0.99889
FLUX  546   727.00        4.123693E+14   5.1345E-05   5.1365E-05   0.99962
FLUX  547   729.00        4.112380E+14   5.1139E-05   5.1177E-05   0.99925
FLUX  548   731.00        4.101129E+14   5.0961E-05   5.0990E-05   0.99943
FLUX  549   733.00        4.089939E+14   5.0783E-05   5.0804E-05   0.99959
FLUX  550   735.00        4.078809E+14   5.0613E-05   5.0619E-05   0.99988
FLUX  551   737.00        4.067741E+14   5.0429E-05   5.0435E-05   0.99988
FLUX  552   739.00        4.056732E+14   5.0244E-05   5.0252E-05   0.99983
FLUX  553   741.00        4.045783E+14   5.0050E-05   5.0070E-05   0.99960
FLUX  554   743.00        4.034892E+14   4.9784E-05   4.9889E-05   0.99789
FLUX  555   745.00        4.024060E+14   4.9651E-05   4.9710E-05   0.99883
FLUX  556   747.00        4.013286E+14   4.9411E-05   4.9531E-05   0.99758
FLUX  557   749.00        4.002570E+14   4.9290E-05   4.9352E-05   0.99873
FLUX  558   751.00        3.991911E+14   4.9112E-05   4.9175E-05   0.99872
FLUX  559   753.00        3.981308E+14   4.8981E-05   4.8999E-05   0.99962
FLUX  560   755.00        3.970762E+14   4.8809E-05   4.8824E-05   0.99969
FLUX  561   757.00        3.960271E+14   4.8636E-05   4.8650E-05   0.99970
FLUX  562   759.00        3.949835E+14   4.8457E-05   4.8477E-05   0.99959
FLUX  563   761.00        3.939455E+14   4.8301E-05   4.8305E-05   0.99992
FLUX  564   763.00        3.929128E+14   4.8122E-05   4.8134E-05   0.99975
FLUX  565   765.00        3.918856E+14   4.7933E-05   4.7963E-05   0.99937
FLUX  566   767.00        3.908638E+14   4.7773E-05   4.7794E-05   0.99956
FLUX  567   769.00        3.898472E+14   4.7603E-05   4.7625E-05   0.99952
FLUX  568   771.00        3.888359E+14   4.7430E-05   4.7458E-05   0.99940
FLUX  569   773.00        3.878299E+14   4.7274E-05   4.7291E-05   0.99965
FLUX  570   775.00        3.868290E+14   4.7106E-05   4.7125E-05   0.99959
FLUX  571   777.00        3.858333E+14   4.6314E-05   4.6960E-05   0.98623
FLUX  572   779.00        3.848427E+14   4.6776E-05   4.6796E-05   0.99956
FLUX  573   781.00        3.838572E+14   4.6629E-05   4.6633E-05   0.99991
FLUX  574   783.00        3.828768E+14   4.6455E-05   4.6471E-05   0.99967
FLUX  575   785.00        3.819013E+14   4.6212E-05   4.6309E-05   0.99791
FLUX  576   787.00        3.809307E+14   4.5975E-05   4.6148E-05   0.99624
FLUX  577   789.00        3.799651E+14   4.5716E-05   4.5989E-05   0.99407
FLUX  578   791.00        3.790044E+14   4.5793E-05   4.5830E-05   0.99919
FLUX  579   793.00        3.780485E+14   4.5660E-05   4.5672E-05   0.99975
FLUX  580   795.00        3.770975E+14   4.5353E-05   4.5514E-05   0.99644
FLUX  581   797.00        3.761512E+14   4.5348E-05   4.5358E-05   0.99978
FLUX  582   799.00        3.752096E+14   4.4872E-05   4.5202E-05   0.99270
FLUX  583   801.00        3.742728E+14   4.5036E-05   4.5048E-05   0.99974
FLUX  584   803.00        3.733406E+14   4.4879E-05   4.4894E-05   0.99968
FLUX  585   805.00        3.724130E+14   4.4725E-05   4.4740E-05   0.99966
FLUX  586   807.00        3.714901E+14   4.4572E-05   4.4588E-05   0.99963
FLUX  587   809.00        3.705717E+14   4.4419E-05   4.4436E-05   0.99960
FLUX  588   811.00        3.696578E+14   4.4258E-05   4.4286E-05   0.99939
FLUX  589   813.00        3.687485E+14   4.4122E-05   4.4135E-05   0.99970
FLUX  590   815.00        3.678436E+14   4.3974E-05   4.3986E-05   0.99972
FLUX  591   817.00        3.669431E+14   4.3832E-05   4.3838E-05   0.99986
FLUX  592   819.00        3.660470E+14   4.3615E-05   4.3690E-05   0.99827
FLUX  593   821.00        3.651553E+14   4.3555E-05   5.0946E-05   0.85494
FLUX  594   823.00        3.642679E+14   4.3350E-05   5.0757E-05   0.85407
FLUX  595   825.00        3.633848E+14   4.3428E-05   5.0569E-05   0.85879
FLUX  596   827.00        3.625060E+14   4.3376E-05   5.0382E-05   0.86094
FLUX  597   829.00        3.616315E+14   4.3179E-05   5.0196E-05   0.86021
FLUX  598   831.00        3.607611E+14   4.3113E-05   5.0011E-05   0.86208
FLUX  599   833.00        3.598950E+14   4.2931E-05   4.9827E-05   0.86160
FLUX  600   835.00        3.590329E+14   4.2837E-05   4.9644E-05   0.86288
FLUX  601   837.00        3.581750E+14   4.2689E-05   4.9462E-05   0.86306
FLUX  602   839.00        3.573212E+14   4.2515E-05   4.9281E-05   0.86272
FLUX  603   841.00        3.564715E+14   4.2269E-05   4.9101E-05   0.86085
FLUX  604   843.00        3.556257E+14   4.2059E-05   4.8922E-05   0.85973
FLUX  605   845.00        3.547840E+14   4.1597E-05   4.8744E-05   0.85338
FLUX  606   847.00        3.539463E+14   4.1200E-05   4.8567E-05   0.84833
FLUX  607   849.00        3.531125E+14   4.1823E-05   4.8390E-05   0.86429
FLUX  608   851.00        3.522826E+14   4.0352E-05   4.8215E-05   0.83692
FLUX  609   853.00        3.514566E+14   4.2034E-05   4.8041E-05   0.87496
FLUX  610   855.00        3.506345E+14   3.8793E-05   4.7868E-05   0.81042
FLUX  611   857.00        3.498162E+14   4.2589E-05   4.7695E-05   0.89294
FLUX  612   859.00        3.490017E+14   3.9861E-05   4.7524E-05   0.83875
FLUX  613   861.00        3.481911E+14   3.9116E-05   4.7353E-05   0.82604
FLUX  614   863.00        3.473841E+14   4.3275E-05   4.7184E-05   0.91715
FLUX  615   865.00        3.465809E+14   4.1647E-05   4.7015E-05   0.88581
FLUX  616   867.00        3.457814E+14   3.5603E-05   4.6847E-05   0.75999
FLUX  617   869.00        3.449856E+14   4.2801E-05   4.6680E-05   0.91690
FLUX  618   871.00        3.441935E+14   4.4308E-05   4.6515E-05   0.95256
FLUX  619   873.00        3.434049E+14   4.2743E-05   4.6350E-05   0.92219
FLUX  620   875.00        3.426200E+14   3.4489E-05   4.6185E-05   0.74676
FLUX  621   877.00        3.418387E+14   4.0975E-05   4.6022E-05   0.89033
FLUX  622   879.00        3.410609E+14   4.4411E-05   4.5860E-05   0.96841
FLUX  623   881.00        3.402866E+14   4.4754E-05   4.5698E-05   0.97933
FLUX  624   883.00        3.395159E+14   4.3845E-05   4.5538E-05   0.96284
FLUX  625   885.00        3.387486E+14   3.9504E-05   4.5378E-05   0.87056
FLUX  626   887.00        3.379848E+14   3.4000E-05   4.5219E-05   0.75190
FLUX  627   889.00        3.372244E+14   4.2270E-05   4.5061E-05   0.93808
FLUX  628   891.00        3.364674E+14   4.3976E-05   4.4903E-05   0.97934
FLUX  629   893.00        3.357139E+14   4.4130E-05   4.4747E-05   0.98621
FLUX  630   895.00        3.349637E+14   4.4148E-05   4.4591E-05   0.99005
FLUX  631   897.00        3.342168E+14   4.3671E-05   4.4437E-05   0.98276
FLUX  632   899.00        3.334733E+14   4.1986E-05   4.4283E-05   0.94813
FLUX  633   901.00        3.327331E+14   3.4132E-05   4.4130E-05   0.77344
FLUX  634   903.00        3.319961E+14   3.7109E-05   4.3977E-05   0.84384
FLUX  635   905.00        3.312624E+14   4.2233E-05   4.3826E-05   0.96365
FLUX  636   907.00        3.305320E+14   4.2809E-05   4.3675E-05   0.98017
FLUX  637   909.00        3.298047E+14   4.2830E-05   4.3525E-05   0.98404
FLUX  638   911.00        3.290807E+14   4.3022E-05   4.3376E-05   0.99185
FLUX  639   913.00        3.283598E+14   4.2932E-05   4.3227E-05   0.99317
FLUX  640   915.00        3.276421E+14   4.2836E-05   4.3079E-05   0.99436
FLUX  641   917.00        3.269275E+14   4.2469E-05   4.2933E-05   0.98921
FLUX  642   919.00        3.262160E+14   4.1695E-05   4.2786E-05   0.97450
FLUX  643   921.00        3.255076E+14   3.9196E-05   4.2641E-05   0.91920
FLUX  644   923.00        3.248023E+14   3.1291E-05   4.2496E-05   0.73633
FLUX  645   925.00        3.241000E+14   3.8011E-05   4.2353E-05   0.89750
FLUX  646   927.00        3.234008E+14   4.0442E-05   4.2209E-05   0.95814
FLUX  647   929.00        3.227045E+14   4.1589E-05   4.2067E-05   0.98863
FLUX  648   931.00        3.220113E+14   4.1700E-05   4.1925E-05   0.99462
FLUX  649   933.00        3.213210E+14   4.1587E-05   4.1784E-05   0.99529
FLUX  650   935.00        3.206337E+14   4.1565E-05   4.1644E-05   0.99811
FLUX  651   937.00        3.199493E+14   4.1467E-05   4.1504E-05   0.99909
FLUX  652   939.00        3.192678E+14   4.1223E-05   4.1366E-05   0.99654
FLUX  653   941.00        3.185893E+14   4.0789E-05   4.1227E-05   0.98938
FLUX  654   943.00        3.179136E+14   4.0978E-05   4.1090E-05   0.99728
FLUX  655   945.00        3.172407E+14   4.0816E-05   4.0953E-05   0.99666
FLUX  656   947.00        3.165707E+14   4.0584E-05   4.0817E-05   0.99430
FLUX  657   949.00        3.159036E+14   4.0255E-05   4.0682E-05   0.98950
FLUX  658   951.00        3.152392E+14   3.9488E-05   4.0547E-05   0.97388
FLUX  659   953.00        3.145776E+14   3.6512E-05   4.0413E-05   0.90347
FLUX  660   955.00        3.139188E+14   3.0038E-05   4.0280E-05   0.74573
FLUX  661   957.00        3.132628E+14   3.7024E-05   4.0147E-05   0.92221
FLUX  662   959.00        3.126095E+14   3.9154E-05   4.0015E-05   0.97849
FLUX  663   961.00        3.119589E+14   3.9498E-05   3.9883E-05   0.99033
FLUX  664   963.00        3.113110E+14   3.9213E-05   3.9753E-05   0.98643
FLUX  665   965.00        3.106658E+14   3.9506E-05   3.9622E-05   0.99707
FLUX  666   967.00        3.100233E+14   3.9350E-05   3.9493E-05   0.99638
FLUX  667   969.00        3.093834E+14   3.9317E-05   3.9364E-05   0.99881
FLUX  668   971.00        3.087461E+14   3.9228E-05   3.9236E-05   0.99980
FLUX  669   973.00        3.081115E+14   3.9095E-05   3.9108E-05   0.99967
FLUX  670   975.00        3.074795E+14   3.8955E-05   3.8981E-05   0.99933
FLUX  671   977.00        3.068500E+14   3.8850E-05   3.8855E-05   0.99988
FLUX  672   979.00        3.062232E+14   3.8716E-05   3.8729E-05   0.99968
FLUX  673   981.00        3.055989E+14   3.8578E-05   3.8604E-05   0.99933
FLUX  674   983.00        3.049771E+14   3.8414E-05   3.8479E-05   0.99832
FLUX  675   985.00        3.043579E+14   3.8315E-05   3.8355E-05   0.99896
FLUX  676   987.00        3.037411E+14   3.8188E-05   3.8232E-05   0.99885
FLUX  677   989.00        3.031269E+14   3.8000E-05   3.8109E-05   0.99716
FLUX  678   991.00        3.025151E+14   3.7946E-05   3.7987E-05   0.99892
FLUX  679   993.00        3.019058E+14   3.7812E-05   3.7865E-05   0.99860
FLUX  680   995.00        3.012990E+14   3.7620E-05   3.7744E-05   0.99672
FLUX  681   997.00        3.006946E+14   3.7440E-05   3.7624E-05   0.99511
FLUX  682   999.00        3.000926E+14   3.7165E-05   3.7504E-05   0.99095
FLUX  683  1002.50        2.990449E+14   3.4318E-05   3.7296E-05   0.92015
FLUX  684  1007.50        2.975608E+14   3.2952E-05   3.7001E-05   0.89058
FLUX  685  1012.50        2.960914E+14   3.6293E-05   3.6710E-05   0.98864
FLUX  686  1017.50        2.946364E+14   3.6335E-05   3.6423E-05   0.99760
FLUX  687  1022.50        2.931956E+14   3.6127E-05   3.6138E-05   0.99969
FLUX  688  1027.50        2.917689E+14   3.5843E-05   3.5857E-05   0.99961
FLUX  689  1032.50        2.903559E+14   3.5555E-05   3.5580E-05   0.99931
FLUX  690  1037.50        2.889566E+14   3.5287E-05   3.5306E-05   0.99947
FLUX  691  1042.50        2.875707E+14   3.5024E-05   3.5035E-05   0.99970
FLUX  692  1047.50        2.861981E+14   3.4726E-05   3.4767E-05   0.99885
FLUX  693  1052.50        2.848385E+14   3.4444E-05   3.4502E-05   0.99834
FLUX  694  1057.50        2.834917E+14   3.4210E-05   3.4240E-05   0.99913
FLUX  695  1062.50        2.821576E+14   3.3968E-05   3.3981E-05   0.99960
FLUX  696  1067.50        2.808361E+14   3.3541E-05   3.3725E-05   0.99453
FLUX  697  1072.50        2.795268E+14   3.3407E-05   3.3472E-05   0.99806
FLUX  698  1077.50        2.782297E+14   3.3184E-05   3.3222E-05   0.99885
FLUX  699  1082.50        2.769446E+14   3.2831E-05   3.2975E-05   0.99563
FLUX  700  1087.50        2.756713E+14   3.2361E-05   3.2730E-05   0.98873
FLUX  701  1092.50        2.744096E+14   2.8143E-05   3.2488E-05   0.86625
FLUX  702  1097.50        2.731595E+14   3.0541E-05   3.2249E-05   0.94703
FLUX  703  1102.50        2.719206E+14   3.1820E-05   3.2013E-05   0.99398
FLUX  704  1107.50        2.706930E+14   3.1748E-05   3.1779E-05   0.99902
FLUX  705  1112.50        2.694764E+14   3.1538E-05   3.1548E-05   0.99971
FLUX  706  1117.50        2.682707E+14   3.1309E-05   3.1319E-05   0.99969
FLUX  707  1122.50        2.670757E+14   3.1088E-05   3.1092E-05   0.99984
FLUX  708  1127.50        2.658913E+14   3.0674E-05   3.0869E-05   0.99369
FLUX  709  1132.50        2.647174E+14   3.0512E-05   3.0647E-05   0.99559
FLUX  710  1137.50        2.635538E+14   3.0414E-05   3.0428E-05   0.99953
FLUX  711  1142.50        2.624004E+14   3.0194E-05   3.0211E-05   0.99943
FLUX  712  1147.50        2.612571E+14   2.9993E-05   2.9997E-05   0.99986
FLUX  713  1152.50        2.601236E+14   2.9783E-05   2.9785E-05   0.99993
FLUX  714  1157.50        2.590000E+14   2.9572E-05   2.9575E-05   0.99988
FLUX  715  1162.50        2.578860E+14   2.9309E-05   2.9368E-05   0.99798
FLUX  716  1167.50        2.567816E+14   2.9093E-05   2.9163E-05   0.99761
FLUX  717  1172.50        2.556866E+14   2.8952E-05   2.8959E-05   0.99975
FLUX  718  1177.50        2.546008E+14   2.8639E-05   2.8758E-05   0.99586
FLUX  719  1182.50        2.535243E+14   2.8532E-05   2.8559E-05   0.99904
FLUX  720  1187.50        2.524568E+14   2.8319E-05   2.8363E-05   0.99847
FLUX  721  1192.50        2.513983E+14   2.8167E-05   2.8168E-05   0.99997
FLUX  722  1197.50        2.503486E+14   2.7953E-05   2.7975E-05   0.99922
FLUX  723  1202.50        2.493077E+14   2.7778E-05   2.7784E-05   0.99978
FLUX  724  1207.50        2.482754E+14   2.7585E-05   2.7596E-05   0.99961
FLUX  725  1212.50        2.472515E+14   2.7396E-05   2.7409E-05   0.99955
FLUX  726  1217.50        2.462361E+14   2.7218E-05   2.7224E-05   0.99981
FLUX  727  1222.50        2.452290E+14   2.7032E-05   2.7041E-05   0.99969
FLUX  728  1227.50        2.442301E+14   2.6842E-05   2.6859E-05   0.99936
FLUX  729  1232.50        2.432393E+14   2.6668E-05   2.6680E-05   0.99954
FLUX  730  1237.50        2.422566E+14   2.6492E-05   2.6502E-05   0.99963
FLUX  731  1242.50        2.412817E+14   2.6324E-05   2.6326E-05   0.99993
FLUX  732  1247.50        2.403146E+14   2.6105E-05   2.6152E-05   0.99821
FLUX  733  1252.50        2.393553E+14   2.5974E-05   2.5980E-05   0.99979
FLUX  734  1257.50        2.384036E+14   2.5771E-05   2.5809E-05   0.99852
FLUX  735  1262.50        2.374594E+14   2.5623E-05   2.5640E-05   0.99931
FLUX  736  1267.50        2.365227E+14   2.5455E-05   2.5473E-05   0.99929
FLUX  737  1272.50        2.355933E+14   2.5194E-05   2.5307E-05   0.99551
FLUX  738  1277.50        2.346712E+14   2.4493E-05   2.5143E-05   0.97413
FLUX  739  1282.50        2.337563E+14   2.1641E-05   2.4981E-05   0.86628
FLUX  740  1287.50        2.328485E+14   2.4359E-05   2.4820E-05   0.98142
FLUX  741  1292.50        2.319478E+14   2.4569E-05   2.4661E-05   0.99630
FLUX  742  1297.50        2.310539E+14   2.4492E-05   2.4503E-05   0.99955
FLUX  743  1302.50        2.301670E+14   2.4346E-05   2.4347E-05   0.99997
FLUX  744  1307.50        2.292868E+14   2.4190E-05   2.4192E-05   0.99994
FLUX  745  1312.50        2.284133E+14   2.4037E-05   2.4039E-05   0.99995
FLUX  746  1317.50        2.275465E+14   2.3851E-05   2.3887E-05   0.99849
FLUX  747  1322.50        2.266862E+14   2.3736E-05   2.3737E-05   0.99998
FLUX  748  1327.50        2.258324E+14   2.3587E-05   2.3588E-05   0.99998
FLUX  749  1332.50        2.249850E+14   2.3440E-05   2.3440E-05   0.99998
FLUX  750  1337.50        2.241439E+14   2.3293E-05   2.3294E-05   0.99998
FLUX  751  1342.50        2.233091E+14   2.3145E-05   2.3149E-05   0.99981
FLUX  752  1347.50        2.224805E+14   2.3000E-05   2.3006E-05   0.99975
FLUX  753  1352.50        2.216580E+14   2.2850E-05   2.2864E-05   0.99941
FLUX  754  1357.50        2.208416E+14   2.2715E-05   2.2723E-05   0.99965
FLUX  755  1362.50        2.200312E+14   2.2575E-05   2.2583E-05   0.99964
FLUX  756  1367.50        2.192267E+14   2.2430E-05   2.2445E-05   0.99932
FLUX  757  1372.50        2.184280E+14   2.2292E-05   2.2308E-05   0.99925
FLUX  758  1377.50        2.176352E+14   2.2170E-05   2.2173E-05   0.99989
FLUX  759  1382.50        2.168481E+14   2.2036E-05   2.2039E-05   0.99990
FLUX  760  1387.50        2.160667E+14   2.1905E-05   2.1905E-05   0.99998
FLUX  761  1392.50        2.152908E+14   2.1769E-05   2.1773E-05   0.99979
FLUX  762  1397.50        2.145206E+14   2.1640E-05   2.1643E-05   0.99990
FLUX  763  1402.50        2.137558E+14   2.1513E-05   2.1513E-05   0.99998
FLUX  764  1407.50        2.129964E+14   2.1384E-05   2.1385E-05   0.99997
FLUX  765  1412.50        2.122425E+14   2.1255E-05   2.1258E-05   0.99988
FLUX  766  1417.50        2.114938E+14   2.1131E-05   2.1131E-05   0.99997
FLUX  767  1422.50        2.107504E+14   2.1006E-05   2.1007E-05   0.99997
FLUX  768  1427.50        2.100123E+14   2.0882E-05   2.0883E-05   0.99998
FLUX  769  1432.50        2.092792E+14   2.0758E-05   2.0760E-05   0.99993
FLUX  770  1437.50        2.085513E+14   2.0636E-05   2.0638E-05   0.99992
FLUX  771  1442.50        2.078284E+14   2.0476E-05   2.0518E-05   0.99799
FLUX  772  1447.50        2.071105E+14   2.0395E-05   2.0398E-05   0.99986
FLUX  773  1452.50        2.063976E+14   2.0262E-05   2.0279E-05   0.99916
FLUX  774  1457.00        2.057601E+14   2.0173E-05   2.0174E-05   0.99997
FLUX  775  1462.00        2.050564E+14   2.0088E-05   2.0948E-05   0.95896
FLUX  776  1467.50        2.042879E+14   1.9973E-05   2.0812E-05   0.95969
FLUX  777  1472.50        2.035942E+14   1.9860E-05   2.0689E-05   0.95995
FLUX  778  1477.50        2.029052E+14   1.9737E-05   2.0568E-05   0.95962
FLUX  779  1482.50        2.022209E+14   1.9643E-05   2.0447E-05   0.96067
FLUX  780  1487.50        2.015412E+14   1.9527E-05   2.0328E-05   0.96057
FLUX  781  1492.50        2.008660E+14   1.9433E-05   2.0210E-05   0.96154
FLUX  782  1497.50        2.001953E+14   1.9318E-05   2.0093E-05   0.96143
FLUX  783  1502.50        1.995291E+14   1.9214E-05   1.9977E-05   0.96181
FLUX  784  1507.50        1.988673E+14   1.9099E-05   1.9861E-05   0.96163
FLUX  785  1512.50        1.982099E+14   1.8994E-05   1.9747E-05   0.96184
FLUX  786  1517.50        1.975568E+14   1.8883E-05   1.9634E-05   0.96173
FLUX  787  1522.50        1.969080E+14   1.8781E-05   1.9522E-05   0.96203
FLUX  788  1527.50        1.962635E+14   1.8646E-05   1.9411E-05   0.96063
FLUX  789  1532.50        1.956232E+14   1.8523E-05   1.9300E-05   0.95975
FLUX  790  1537.50        1.949870E+14   1.8460E-05   1.9191E-05   0.96193
FLUX  791  1542.50        1.943549E+14   1.8238E-05   1.9083E-05   0.95574
FLUX  792  1547.50        1.937270E+14   1.8252E-05   1.8975E-05   0.96191
FLUX  793  1552.50        1.931031E+14   1.8139E-05   1.8868E-05   0.96135
FLUX  794  1557.50        1.924831E+14   1.7781E-05   1.8763E-05   0.94769
FLUX  795  1562.50        1.918672E+14   1.8121E-05   1.8658E-05   0.97120
FLUX  796  1567.50        1.912552E+14   1.7695E-05   1.8554E-05   0.95371
FLUX  797  1572.50        1.906471E+14   1.7372E-05   1.8451E-05   0.94153
FLUX  798  1577.50        1.900428E+14   1.7905E-05   1.8349E-05   0.97584
FLUX  799  1582.50        1.894423E+14   1.7770E-05   1.8247E-05   0.97384
FLUX  800  1587.50        1.888457E+14   1.6631E-05   1.8147E-05   0.91645
FLUX  801  1592.50        1.882527E+14   1.7361E-05   1.8047E-05   0.96197
FLUX  802  1597.50        1.876635E+14   1.7657E-05   1.7948E-05   0.98375
FLUX  803  1605.00        1.867866E+14   1.7275E-05   1.7802E-05   0.97044
FLUX  804  1615.00        1.856300E+14   1.6548E-05   1.7609E-05   0.93979
FLUX  805  1625.00        1.844877E+14   1.7295E-05   1.7419E-05   0.99291
FLUX  806  1635.00        1.833593E+14   1.6705E-05   1.7232E-05   0.96942
FLUX  807  1645.00        1.822447E+14   1.5964E-05   1.7049E-05   0.93639
FLUX  808  1655.00        1.811435E+14   1.6804E-05   1.6868E-05   0.99620
FLUX  809  1665.00        1.800556E+14   1.6642E-05   1.6690E-05   0.99711
FLUX  810  1675.00        1.789806E+14   1.5992E-05   1.6515E-05   0.96833
FLUX  811  1685.00        1.779184E+14   1.5268E-05   1.6343E-05   0.93426
FLUX  812  1695.00        1.768687E+14   1.6119E-05   1.6173E-05   0.99668
FLUX  813  1705.00        1.758314E+14   1.5996E-05   1.6006E-05   0.99939
FLUX  814  1715.00        1.748061E+14   1.5836E-05   1.5842E-05   0.99962
FLUX  815  1725.00        1.737928E+14   1.5586E-05   1.5680E-05   0.99403
FLUX  816  1735.00        1.727911E+14   1.4242E-05   1.5521E-05   0.91764
FLUX  817  1745.00        1.718009E+14   1.5132E-05   1.5364E-05   0.98494
FLUX  818  1755.00        1.708219E+14   1.5186E-05   1.5209E-05   0.99849
FLUX  819  1765.00        1.698541E+14   1.5048E-05   1.5057E-05   0.99938
FLUX  820  1775.00        1.688972E+14   1.4897E-05   1.4907E-05   0.99933
FLUX  821  1785.00        1.679510E+14   1.4753E-05   1.4759E-05   0.99956
FLUX  822  1795.00        1.670153E+14   1.4612E-05   1.4614E-05   0.99988
FLUX  823  1805.00        1.660900E+14   1.4384E-05   1.4470E-05   0.99403
FLUX  824  1815.00        1.651749E+14   1.3259E-05   1.4329E-05   0.92533
FLUX  825  1825.00        1.642699E+14   1.3863E-05   1.4190E-05   0.97700
FLUX  826  1835.00        1.633747E+14   1.4031E-05   1.4053E-05   0.99845
FLUX  827  1845.00        1.624892E+14   1.3916E-05   1.3918E-05   0.99986
FLUX  828  1855.00        1.616132E+14   1.3770E-05   1.3784E-05   0.99893
FLUX  829  1865.00        1.607466E+14   1.3562E-05   1.3653E-05   0.99337
FLUX  830  1875.00        1.598893E+14   1.2498E-05   1.3524E-05   0.92418
FLUX  831  1885.00        1.590411E+14   1.3284E-05   1.3396E-05   0.99163
FLUX  832  1895.00        1.582018E+14   1.3261E-05   1.3270E-05   0.99932
FLUX  833  1905.00        1.573714E+14   1.3145E-05   1.3146E-05   0.99990
FLUX  834  1915.00        1.565496E+14   1.3023E-05   1.3024E-05   0.99990
FLUX  835  1925.00        1.557364E+14   1.2894E-05   1.2904E-05   0.99927
FLUX  836  1935.00        1.549315E+14   1.2672E-05   1.2785E-05   0.99118
FLUX  837  1945.00        1.541350E+14   1.1643E-05   1.2668E-05   0.91911
FLUX  838  1955.00        1.533465E+14   1.2439E-05   1.2552E-05   0.99098
FLUX  839  1965.00        1.525662E+14   1.2433E-05   1.2438E-05   0.99956
FLUX  840  1975.00        1.517937E+14   1.2324E-05   1.2326E-05   0.99989
FLUX  841  1985.00        1.510290E+14   1.2214E-05   1.2215E-05   0.99997
FLUX  842  1995.00        1.502719E+14   1.2105E-05   1.2105E-05   0.99998
FLUX  843  2005.00        1.495224E+14   1.1997E-05   1.1997E-05   0.99999
FLUX  844  2015.00        1.487804E+14   1.1890E-05   1.1891E-05   0.99999
FLUX  845  2025.00        1.480457E+14   1.1785E-05   1.1786E-05   0.99998
FLUX  846  2035.00        1.473182E+14   1.1681E-05   1.1682E-05   0.99997
FLUX  847  2045.00        1.465978E+14   1.1579E-05   1.1579E-05   0.99999
FLUX  848  2055.00        1.458844E+14   1.1478E-05   1.1478E-05   0.99996
FLUX  849  2065.00        1.451780E+14   1.1378E-05   1.1379E-05   0.99994
FLUX  850  2075.00        1.444783E+14   1.1280E-05   1.1280E-05   0.99998
FLUX  851  2085.00        1.437854E+14   1.1183E-05   1.1183E-05   0.99998
FLUX  852  2095.00        1.430990E+14   1.1087E-05   1.1087E-05   0.99997
FLUX  853  2105.00        1.424192E+14   1.0992E-05   1.0993E-05   0.99994
FLUX  854  2115.00        1.417459E+14   1.0895E-05   1.0899E-05   0.99963
FLUX  855  2125.00        1.410788E+14   1.0804E-05   1.0807E-05   0.99970
FLUX  856  2135.00        1.404180E+14   1.0711E-05   1.0716E-05   0.99953
FLUX  857  2145.00        1.397634E+14   1.0618E-05   1.0626E-05   0.99921
FLUX  858  2155.00        1.391148E+14   1.0459E-05   1.0537E-05   0.99253
FLUX  859  2165.00        1.384723E+14   9.6558E-06   1.0450E-05   0.92401
FLUX  860  2175.00        1.378356E+14   1.0229E-05   1.0363E-05   0.98700
FLUX  861  2185.00        1.372048E+14   1.0265E-05   1.0278E-05   0.99874
FLUX  862  2195.00        1.365797E+14   1.0193E-05   1.0193E-05   0.99992
FLUX  863  2205.00        1.359603E+14   1.0109E-05   1.0110E-05   0.99994
FLUX  864  2215.00        1.353465E+14   1.0026E-05   1.0028E-05   0.99986
FLUX  865  2225.00        1.347382E+14   9.9462E-06   9.9464E-06   0.99999
FLUX  866  2235.00        1.341353E+14   9.8659E-06   9.8660E-06   0.99999
FLUX  867  2245.00        1.335379E+14   9.7866E-06   9.7866E-06   1.00000
FLUX  868  2255.00        1.329457E+14   9.7078E-06   9.7082E-06   0.99995
FLUX  869  2265.00        1.323587E+14   9.6307E-06   9.6307E-06   0.99999
FLUX  870  2275.00        1.317769E+14   9.5541E-06   9.5542E-06   0.99999
FLUX  871  2285.00        1.312002E+14   9.4857E-06   9.6262E-06   0.98541
FLUX  872  2295.00        1.306285E+14   9.4117E-06   9.5496E-06   0.98556
FLUX  873  2305.00        1.300618E+14   9.3393E-06   9.4739E-06   0.98578
FLUX  874  2315.00        1.295000E+14   9.2671E-06   9.3992E-06   0.98595
FLUX  875  2325.00        1.289430E+14   9.1961E-06   9.3253E-06   0.98614
FLUX  876  2335.00        1.283908E+14   9.1255E-06   9.2523E-06   0.98630
FLUX  877  2345.00        1.278433E+14   9.0560E-06   9.1802E-06   0.98647
FLUX  878  2355.00        1.273004E+14   8.9871E-06   9.1089E-06   0.98663
FLUX  879  2365.00        1.267622E+14   8.9189E-06   9.0384E-06   0.98678
FLUX  880  2375.00        1.262284E+14   8.8513E-06   8.9687E-06   0.98691
FLUX  881  2385.00        1.256992E+14   8.7844E-06   8.8999E-06   0.98703
FLUX  882  2395.00        1.251743E+14   8.7177E-06   8.8318E-06   0.98708
FLUX  883  2405.00        1.246538E+14   8.6491E-06   8.7646E-06   0.98682
FLUX  884  2415.00        1.241377E+14   8.5832E-06   8.6981E-06   0.98679
FLUX  885  2425.00        1.236258E+14   8.5213E-06   8.6323E-06   0.98714
FLUX  886  2435.00        1.231181E+14   8.4551E-06   8.5674E-06   0.98690
FLUX  887  2445.00        1.226145E+14   8.3871E-06   8.5031E-06   0.98636
FLUX  888  2455.00        1.221151E+14   8.3316E-06   8.4396E-06   0.98720
FLUX  889  2465.00        1.216197E+14   8.2588E-06   8.3767E-06   0.98592
FLUX  890  2475.00        1.211283E+14   8.1991E-06   8.3146E-06   0.98610
FLUX  891  2485.00        1.206408E+14   8.1582E-06   8.2532E-06   0.98849
FLUX  892  2495.00        1.201573E+14   8.0378E-06   8.1924E-06   0.98113
FLUX  893  2505.00        1.196776E+14   8.0431E-06   8.1323E-06   0.98902
FLUX  894  2515.00        1.192018E+14   7.9875E-06   8.0729E-06   0.98943
FLUX  895  2525.00        1.187297E+14   7.8242E-06   8.0141E-06   0.97631
FLUX  896  2535.00        1.182613E+14   7.8626E-06   7.9560E-06   0.98827
FLUX  897  2545.00        1.177967E+14   7.8368E-06   7.8985E-06   0.99219
FLUX  898  2555.00        1.173356E+14   7.7454E-06   7.8416E-06   0.98774
FLUX  899  2565.00        1.168782E+14   7.5360E-06   7.7853E-06   0.96797
FLUX  900  2575.00        1.164243E+14   7.6496E-06   7.7297E-06   0.98965
FLUX  901  2585.00        1.159739E+14   7.6264E-06   7.6746E-06   0.99373
FLUX  902  2595.00        1.155270E+14   7.5682E-06   7.6201E-06   0.99319
FLUX  903  2605.00        1.150835E+14   7.4276E-06   7.5662E-06   0.98168
FLUX  904  2615.00        1.146434E+14   7.1688E-06   7.5129E-06   0.95420
FLUX  905  2625.00        1.142067E+14   6.8699E-06   7.4601E-06   0.92089
FLUX  906  2635.00        1.137732E+14   7.2716E-06   7.4079E-06   0.98159
FLUX  907  2645.00        1.133431E+14   7.3141E-06   7.3563E-06   0.99427
FLUX  908  2655.00        1.129162E+14   7.2708E-06   7.3051E-06   0.99530
FLUX  909  2665.00        1.124925E+14   7.1653E-06   7.2546E-06   0.98770
FLUX  910  2675.00        1.120720E+14   6.8003E-06   7.2045E-06   0.94389
FLUX  911  2685.00        1.116546E+14   7.0651E-06   7.1550E-06   0.98744
FLUX  912  2695.00        1.112403E+14   7.0844E-06   7.1059E-06   0.99698
FLUX  913  2705.00        1.108290E+14   7.0566E-06   7.0574E-06   0.99988
FLUX  914  2715.00        1.104208E+14   7.0092E-06   7.0094E-06   0.99998
FLUX  915  2725.00        1.100156E+14   6.9616E-06   6.9618E-06   0.99997
FLUX  916  2735.00        1.096133E+14   6.9066E-06   6.9148E-06   0.99882
FLUX  917  2745.00        1.092140E+14   6.8192E-06   6.8682E-06   0.99286
FLUX  918  2755.00        1.088176E+14   6.4447E-06   6.8221E-06   0.94469
FLUX  919  2765.00        1.084240E+14   6.5872E-06   6.7764E-06   0.97207
FLUX  920  2775.00        1.080333E+14   6.7047E-06   6.7313E-06   0.99606
FLUX  921  2785.00        1.076454E+14   6.6863E-06   6.6865E-06   0.99997
FLUX  922  2795.00        1.072603E+14   6.6422E-06   6.6422E-06   0.99999
FLUX  923  2805.00        1.068779E+14   6.5983E-06   6.5984E-06   0.99999
FLUX  924  2815.00        1.064982E+14   6.5548E-06   6.5550E-06   0.99997
FLUX  925  2825.00        1.061212E+14   6.5116E-06   6.5120E-06   0.99993
FLUX  926  2835.00        1.057469E+14   6.4692E-06   6.4694E-06   0.99997
FLUX  927  2845.00        1.053752E+14   6.4265E-06   6.4273E-06   0.99988
FLUX  928  2855.00        1.050061E+14   6.3636E-06   6.3856E-06   0.99655
FLUX  929  2865.00        1.046396E+14   6.2087E-06   6.3442E-06   0.97864
FLUX  930  2875.00        1.042757E+14   5.8983E-06   6.3033E-06   0.93575
FLUX  931  2885.00        1.039142E+14   6.2054E-06   6.2628E-06   0.99084
FLUX  932  2895.00        1.035553E+14   6.2120E-06   6.2226E-06   0.99829
FLUX  933  2905.00        1.031988E+14   6.1827E-06   6.1829E-06   0.99998
FLUX  934  2915.00        1.028448E+14   6.1424E-06   6.1435E-06   0.99983
FLUX  935  2925.00        1.024932E+14   6.1043E-06   6.1045E-06   0.99997
FLUX  936  2935.00        1.021440E+14   6.0654E-06   6.0659E-06   0.99993
FLUX  937  2945.00        1.017971E+14   6.0274E-06   6.0276E-06   0.99997
FLUX  938  2955.00        1.014526E+14   5.9897E-06   5.9897E-06   1.00000
FLUX  939  2965.00        1.011105E+14   5.9521E-06   5.9522E-06   0.99999
FLUX  940  2975.00        1.007706E+14   5.9149E-06   5.9150E-06   0.99999
FLUX  941  2985.00        1.004330E+14   5.8781E-06   5.8781E-06   0.99999
FLUX  942  2995.00        1.000977E+14   5.8415E-06   5.8416E-06   0.99999
FLUX  943  3005.00        9.976456E+13   5.8050E-06   5.8055E-06   0.99993
FLUX  944  3015.00        9.943366E+13   5.7644E-06   5.7696E-06   0.99909
FLUX  945  3025.00        9.910496E+13   5.6973E-06   5.7341E-06   0.99358
FLUX  946  3035.00        9.877842E+13   5.3948E-06   5.6990E-06   0.94663
FLUX  947  3045.00        9.845402E+13   5.4618E-06   5.6641E-06   0.96428
FLUX  948  3055.00        9.813175E+13   5.6012E-06   5.6296E-06   0.99496
FLUX  949  3065.00        9.781158E+13   5.5931E-06   5.5954E-06   0.99960
FLUX  950  3075.00        9.749349E+13   5.5611E-06   5.5615E-06   0.99993
FLUX  951  3085.00        9.717747E+13   5.5248E-06   5.5279E-06   0.99944
FLUX  952  3095.00        9.686349E+13   5.4945E-06   5.4946E-06   0.99997
FLUX  953  3105.00        9.655153E+13   5.4615E-06   5.4616E-06   0.99997
FLUX  954  3115.00        9.624157E+13   5.4286E-06   5.4289E-06   0.99994
FLUX  955  3125.00        9.593360E+13   5.3962E-06   5.3965E-06   0.99994
FLUX  956  3135.00        9.562759E+13   5.3643E-06   5.3644E-06   0.99998
FLUX  957  3145.00        9.532353E+13   5.3322E-06   5.3326E-06   0.99992
FLUX  958  3155.00        9.502139E+13   5.3010E-06   5.3011E-06   0.99999
FLUX  959  3165.00        9.472117E+13   5.2696E-06   5.2698E-06   0.99995
FLUX  960  3175.00        9.442283E+13   5.2386E-06   5.2388E-06   0.99994
FLUX  961  3185.00        9.412637E+13   5.2081E-06   5.2081E-06   0.99999
FLUX  962  3195.00        9.383177E+13   5.1776E-06   5.1777E-06   0.99998
FLUX  963  3210.00        9.339330E+13   5.1325E-06   5.1326E-06   0.99998
FLUX  964  3230.00        9.281501E+13   5.0732E-06   5.0733E-06   0.99999
FLUX  965  3250.00        9.224385E+13   5.0149E-06   5.0150E-06   0.99999
FLUX  966  3270.00        9.167966E+13   4.9505E-06   4.9577E-06   0.99854
FLUX  967  3290.00        9.112234E+13   4.6919E-06   4.9335E-06   0.95103
FLUX  968  3310.00        9.057175E+13   4.7786E-06   4.8776E-06   0.97970
FLUX  969  3330.00        9.002778E+13   4.7800E-06   4.8227E-06   0.99115
FLUX  970  3350.00        8.949030E+13   4.7303E-06   4.7686E-06   0.99196
FLUX  971  3370.00        8.895920E+13   4.6783E-06   4.7155E-06   0.99212
FLUX  972  3390.00        8.843436E+13   4.6277E-06   4.6633E-06   0.99238
FLUX  973  3410.00        8.791569E+13   4.5775E-06   4.6119E-06   0.99255
FLUX  974  3430.00        8.740306E+13   4.5281E-06   4.5614E-06   0.99270
FLUX  975  3450.00        8.689638E+13   4.4795E-06   4.5117E-06   0.99287
FLUX  976  3470.00        8.639553E+13   4.4314E-06   4.4628E-06   0.99297
FLUX  977  3490.00        8.590043E+13   4.3841E-06   4.4147E-06   0.99306
FLUX  978  3510.00        8.541097E+13   4.3376E-06   4.3674E-06   0.99318
FLUX  979  3530.00        8.492705E+13   4.2917E-06   4.3208E-06   0.99327
FLUX  980  3550.00        8.444859E+13   4.2464E-06   4.2750E-06   0.99331
FLUX  981  3570.00        8.397549E+13   4.2013E-06   4.2299E-06   0.99326
FLUX  982  3590.00        8.350766E+13   4.1588E-06   4.1855E-06   0.99363
FLUX  983  3610.00        8.304501E+13   4.1134E-06   4.1418E-06   0.99315
FLUX  984  3630.00        8.258746E+13   4.0735E-06   4.0988E-06   0.99384
FLUX  985  3650.00        8.213493E+13   4.0272E-06   4.0564E-06   0.99280
FLUX  986  3670.00        8.168733E+13   3.9917E-06   4.0147E-06   0.99426
FLUX  987  3690.00        8.124458E+13   3.9402E-06   3.9737E-06   0.99156
FLUX  988  3710.00        8.080660E+13   3.9065E-06   3.9332E-06   0.99320
FLUX  989  3730.00        8.037332E+13   3.7918E-06   3.8934E-06   0.97389
FLUX  990  3750.00        7.994467E+13   3.7132E-06   3.8542E-06   0.96342
FLUX  991  3770.00        7.952056E+13   3.7919E-06   3.8156E-06   0.99380
FLUX  992  3790.00        7.910092E+13   3.7607E-06   3.7776E-06   0.99555
FLUX  993  3810.00        7.868569E+13   3.7042E-06   3.7401E-06   0.99040
FLUX  994  3830.00        7.827480E+13   3.6711E-06   3.7032E-06   0.99133
FLUX  995  3850.00        7.786818E+13   3.6540E-06   3.6668E-06   0.99651
FLUX  996  3870.00        7.746576E+13   3.6194E-06   3.6310E-06   0.99682
FLUX  997  3890.00        7.706748E+13   3.5748E-06   3.5956E-06   0.99420
FLUX  998  3910.00        7.667327E+13   3.5007E-06   3.5608E-06   0.98310
FLUX  999  3930.00        7.628308E+13   3.5128E-06   3.5265E-06   0.99610
FLUX 1000  3950.00        7.589683E+13   3.4840E-06   3.4927E-06   0.99751
FLUX 1001  3970.00        7.551448E+13   3.4521E-06   3.4594E-06   0.99789
FLUX 1002  3990.00        7.513596E+13   3.4170E-06   3.4266E-06   0.99721
FLUX 1003  4010.00        7.476122E+13   3.3483E-06   3.3942E-06   0.98648
FLUX 1004  4030.00        7.439020E+13   3.3006E-06   3.3623E-06   0.98165
FLUX 1005  4050.00        7.402284E+13   3.2018E-06   3.3308E-06   0.96129
FLUX 1006  4070.00        7.365909E+13   3.2834E-06   3.2997E-06   0.99504
FLUX 1007  4090.00        7.329890E+13   3.2684E-06   3.2691E-06   0.99978
FLUX 1008  4110.00        7.294221E+13   3.2387E-06   3.2389E-06   0.99992
FLUX 1009  4130.00        7.258898E+13   3.2089E-06   3.2092E-06   0.99990
FLUX 1010  4150.00        7.223916E+13   3.1653E-06   3.1798E-06   0.99542
FLUX 1011  4170.00        7.189269E+13   3.0505E-06   3.1509E-06   0.96814
FLUX 1012  4190.00        7.154952E+13   3.1053E-06   3.1223E-06   0.99457
FLUX 1013  4210.00        7.120962E+13   3.0938E-06   3.0941E-06   0.99989
FLUX 1014  4230.00        7.087293E+13   3.0663E-06   3.0663E-06   0.99999
FLUX 1015  4250.00        7.053941E+13   3.0389E-06   3.0389E-06   0.99999
FLUX 1016  4270.00        7.020902E+13   3.0118E-06   3.0118E-06   1.00000
FLUX 1017  4290.00        6.988170E+13   2.9851E-06   2.9851E-06   0.99999
FLUX 1018  4310.00        6.955742E+13   2.9588E-06   2.9588E-06   0.99999
FLUX 1019  4330.00        6.923614E+13   2.9327E-06   2.9328E-06   0.99998
FLUX 1020  4350.00        6.891782E+13   2.9004E-06   2.9071E-06   0.99768
FLUX 1021  4370.00        6.860240E+13   2.7897E-06   2.8818E-06   0.96803
FLUX 1022  4390.00        6.828986E+13   2.8204E-06   2.8568E-06   0.98724
FLUX 1023  4410.00        6.798016E+13   2.8302E-06   2.8322E-06   0.99932
FLUX 1024  4430.00        6.767325E+13   2.8078E-06   2.8078E-06   0.99999
FLUX 1025  4450.00        6.736910E+13   2.7837E-06   2.7838E-06   0.99999
FLUX 1026  4470.00        6.706767E+13   2.7633E-06   2.7688E-06   0.99802
FLUX 1027  4490.00        6.676893E+13   2.7364E-06   2.7452E-06   0.99679
FLUX 1028  4510.00        6.647284E+13   2.7134E-06   2.7220E-06   0.99684
FLUX 1029  4530.00        6.617936E+13   2.6903E-06   2.6990E-06   0.99678
FLUX 1030  4550.00        6.588846E+13   2.6679E-06   2.6764E-06   0.99684
FLUX 1031  4570.00        6.560011E+13   2.6454E-06   2.6540E-06   0.99677
FLUX 1032  4590.00        6.531427E+13   2.6229E-06   2.6319E-06   0.99659
FLUX 1033  4610.00        6.503091E+13   2.5997E-06   2.6101E-06   0.99603
FLUX 1034  4630.00        6.475000E+13   2.5704E-06   2.5885E-06   0.99299
FLUX 1035  4650.00        6.447150E+13   2.4491E-06   2.5673E-06   0.95397
FLUX 1036  4670.00        6.419540E+13   2.4322E-06   2.5462E-06   0.95521
FLUX 1037  4690.00        6.392164E+13   2.4969E-06   2.5255E-06   0.98867
FLUX 1038  4710.00        6.365021E+13   2.4943E-06   2.5050E-06   0.99575
FLUX 1039  4730.00        6.338108E+13   2.4766E-06   2.4847E-06   0.99675
FLUX 1040  4750.00        6.311421E+13   2.4572E-06   2.4647E-06   0.99697
FLUX 1041  4770.00        6.284958E+13   2.4381E-06   2.4449E-06   0.99720
FLUX 1042  4790.00        6.258716E+13   2.4189E-06   2.4253E-06   0.99732
FLUX 1043  4810.00        6.232692E+13   2.3997E-06   2.4060E-06   0.99738
FLUX 1044  4830.00        6.206884E+13   2.3808E-06   2.3870E-06   0.99743
FLUX 1045  4850.00        6.181289E+13   2.3621E-06   2.3681E-06   0.99745
FLUX 1046  4870.00        6.155903E+13   2.3436E-06   2.3495E-06   0.99748
FLUX 1047  4890.00        6.130726E+13   2.3252E-06   2.3311E-06   0.99749
FLUX 1048  4910.00        6.105753E+13   2.3071E-06   2.3128E-06   0.99754
FLUX 1049  4930.00        6.080984E+13   2.2891E-06   2.2949E-06   0.99750
FLUX 1050  4950.00        6.056414E+13   2.2716E-06   2.2771E-06   0.99760
FLUX 1051  4970.00        6.032042E+13   2.2536E-06   2.2595E-06   0.99739
FLUX 1052  4990.00        6.007866E+13   2.2367E-06   2.2421E-06   0.99760
FLUX 1053  5010.00        5.983882E+13   2.2194E-06   2.2249E-06   0.99750
FLUX 1054  5030.00        5.960089E+13   2.2017E-06   2.2080E-06   0.99718
FLUX 1055  5050.00        5.936485E+13   2.1858E-06   2.1912E-06   0.99756
FLUX 1056  5070.00        5.913067E+13   2.1686E-06   2.1746E-06   0.99727
FLUX 1057  5090.00        5.889833E+13   2.1491E-06   2.1582E-06   0.99579
FLUX 1058  5110.00        5.866781E+13   2.1215E-06   2.1419E-06   0.99044
FLUX 1059  5130.00        5.843908E+13   2.0325E-06   2.1259E-06   0.95608
FLUX 1060  5150.00        5.821214E+13   2.0940E-06   2.1100E-06   0.99239
FLUX 1061  5170.00        5.798694E+13   2.0849E-06   2.0944E-06   0.99549
FLUX 1062  5190.00        5.776349E+13   2.0734E-06   2.0788E-06   0.99736
FLUX 1063  5210.00        5.754175E+13   2.0614E-06   2.0635E-06   0.99897
FLUX 1064  5230.00        5.732170E+13   2.0462E-06   2.0483E-06   0.99895
FLUX 1065  5250.00        5.710333E+13   2.0270E-06   2.0333E-06   0.99687
FLUX 1066  5270.00        5.688662E+13   2.0100E-06   2.0185E-06   0.99581
FLUX 1067  5290.00        5.667155E+13   2.0011E-06   2.0038E-06   0.99866
FLUX 1068  5310.00        5.645810E+13   1.9892E-06   1.9893E-06   0.99997
FLUX 1069  5330.00        5.624625E+13   1.9749E-06   1.9749E-06   0.99997
FLUX 1070  5350.00        5.603598E+13   1.9586E-06   1.9607E-06   0.99892
FLUX 1071  5370.00        5.582728E+13   1.9374E-06   1.9467E-06   0.99527
FLUX 1072  5390.00        5.562013E+13   1.9238E-06   1.9328E-06   0.99535
FLUX 1073  5410.00        5.541451E+13   1.9174E-06   1.9190E-06   0.99914
FLUX 1074  5430.00        5.521040E+13   1.9053E-06   1.9054E-06   0.99998
FLUX 1075  5450.00        5.500780E+13   1.8919E-06   1.8919E-06   0.99998
FLUX 1076  5470.00        5.480667E+13   1.8786E-06   1.8786E-06   0.99998
FLUX 1077  5490.00        5.460701E+13   1.8647E-06   1.8654E-06   0.99959
FLUX 1078  5510.00        5.440880E+13   1.8444E-06   1.8524E-06   0.99568
FLUX 1079  5530.00        5.421202E+13   1.8239E-06   1.8395E-06   0.99152
FLUX 1080  5550.00        5.401667E+13   1.8232E-06   1.8267E-06   0.99810
FLUX 1081  5570.00        5.382271E+13   1.8140E-06   1.8140E-06   0.99997
FLUX 1082  5590.00        5.363014E+13   1.8015E-06   1.8015E-06   0.99997
FLUX 1083  5610.00        5.343895E+13   1.7891E-06   1.7892E-06   0.99997
FLUX 1084  5630.00        5.324911E+13   1.7769E-06   1.7769E-06   0.99998
FLUX 1085  5650.00        5.306062E+13   1.7647E-06   1.7648E-06   0.99998
FLUX 1086  5670.00        5.287346E+13   1.7527E-06   1.7528E-06   0.99997
FLUX 1087  5690.00        5.268761E+13   1.7348E-06   1.7409E-06   0.99650
FLUX 1088  5710.00        5.250306E+13   1.7054E-06   1.7291E-06   0.98630
FLUX 1089  5730.00        5.231981E+13   1.7099E-06   1.7175E-06   0.99558
FLUX 1090  5750.00        5.213783E+13   1.7058E-06   1.7059E-06   0.99990
FLUX 1091  5770.00        5.195711E+13   1.6945E-06   1.6945E-06   0.99998
FLUX 1092  5790.00        5.177763E+13   1.6832E-06   1.6832E-06   0.99998
FLUX 1093  5810.00        5.159940E+13   1.6720E-06   1.6720E-06   0.99999
FLUX 1094  5830.00        5.142238E+13   1.6599E-06   1.6609E-06   0.99940
FLUX 1095  5850.00        5.124658E+13   1.6482E-06   1.6528E-06   0.99724
FLUX 1096  5870.00        5.107198E+13   1.6358E-06   1.6419E-06   0.99628
FLUX 1097  5890.00        5.089856E+13   1.6139E-06   1.6311E-06   0.98943
FLUX 1098  5910.00        5.072631E+13   1.5458E-06   1.6204E-06   0.95397
FLUX 1099  5930.00        5.055523E+13   1.5945E-06   1.6099E-06   0.99046
FLUX 1100  5950.00        5.038529E+13   1.5669E-06   1.5994E-06   0.97966
FLUX 1101  5970.00        5.021650E+13   1.5705E-06   1.5890E-06   0.98831
FLUX 1102  5990.00        5.004883E+13   1.5729E-06   1.5788E-06   0.99628
FLUX 1103  6010.00        4.988228E+13   1.5647E-06   1.5686E-06   0.99753
FLUX 1104  6030.00        4.971683E+13   1.5552E-06   1.5585E-06   0.99789
FLUX 1105  6050.00        4.955248E+13   1.5484E-06   1.5486E-06   0.99990
FLUX 1106  6070.00        4.938921E+13   1.5386E-06   1.5387E-06   0.99997
FLUX 1107  6090.00        4.922701E+13   1.5288E-06   1.5289E-06   0.99997
FLUX 1108  6110.00        4.906588E+13   1.5191E-06   1.5192E-06   0.99991
FLUX 1109  6130.00        4.890579E+13   1.5096E-06   1.5096E-06   0.99997
FLUX 1110  6150.00        4.874675E+13   1.5001E-06   1.5001E-06   0.99997
FLUX 1111  6170.00        4.858874E+13   1.4906E-06   1.4907E-06   0.99997
FLUX 1112  6190.00        4.843174E+13   1.4813E-06   1.4814E-06   0.99997
FLUX 1113  6210.00        4.827576E+13   1.4721E-06   1.4721E-06   0.99997
FLUX 1114  6230.00        4.812079E+13   1.4614E-06   1.4629E-06   0.99897
FLUX 1115  6250.00        4.796680E+13   1.4499E-06   1.4539E-06   0.99726
FLUX 1116  6270.00        4.781380E+13   1.4347E-06   1.4449E-06   0.99298
FLUX 1117  6290.00        4.766176E+13   1.3918E-06   1.4360E-06   0.96925
FLUX 1118  6310.00        4.751070E+13   1.4138E-06   1.4272E-06   0.99061
FLUX 1119  6330.00        4.736058E+13   1.4141E-06   1.4184E-06   0.99696
FLUX 1120  6350.00        4.721142E+13   1.4083E-06   1.4098E-06   0.99896
FLUX 1121  6370.00        4.706319E+13   1.4011E-06   1.4012E-06   0.99997
FLUX 1122  6390.00        4.691588E+13   1.3926E-06   1.3927E-06   0.99997
FLUX 1123  6420.00        4.669665E+13   1.3800E-06   1.3801E-06   0.99998
FLUX 1124  6460.00        4.640751E+13   1.3635E-06   1.3635E-06   0.99998
FLUX 1125  6500.00        4.612192E+13   1.3472E-06   1.3472E-06   0.99998
FLUX 1126  6540.00        4.583983E+13   1.3312E-06   1.3313E-06   0.99998
FLUX 1127  6580.00        4.556117E+13   1.3156E-06   1.3156E-06   0.99997
FLUX 1128  6620.00        4.528588E+13   1.3000E-06   1.3002E-06   0.99989
FLUX 1129  6660.00        4.501389E+13   1.2850E-06   1.2850E-06   0.99997
FLUX 1130  6700.00        4.474515E+13   1.2694E-06   1.2702E-06   0.99940
FLUX 1131  6740.00        4.447960E+13   1.2489E-06   1.2555E-06   0.99471
FLUX 1132  6780.00        4.421718E+13   1.2123E-06   1.2411E-06   0.97676
FLUX 1133  6820.00        4.395784E+13   1.2239E-06   1.2270E-06   0.99745
FLUX 1134  6860.00        4.370153E+13   1.2130E-06   1.2131E-06   0.99989
FLUX 1135  6900.00        4.344819E+13   1.1994E-06   1.1995E-06   0.99997
FLUX 1136  6940.00        4.319777E+13   1.1855E-06   1.1860E-06   0.99958
FLUX 1137  6980.00        4.295021E+13   1.1728E-06   1.1728E-06   0.99997
FLUX 1138  7020.00        4.270548E+13   1.1598E-06   1.1598E-06   0.99998
FLUX 1139  7060.00        4.246353E+13   1.1470E-06   1.1471E-06   0.99991
FLUX 1140  7100.00        4.222430E+13   1.1332E-06   1.1345E-06   0.99885
FLUX 1141  7140.00        4.198774E+13   1.1220E-06   1.1221E-06   0.99990
FLUX 1142  7180.00        4.175383E+13   1.1099E-06   1.1100E-06   0.99997
FLUX 1143  7220.00        4.152251E+13   1.0980E-06   1.0980E-06   0.99997
FLUX 1144  7260.00        4.129373E+13   1.0840E-06   1.0862E-06   0.99794
FLUX 1145  7300.00        4.106747E+13   1.0739E-06   1.0747E-06   0.99934
FLUX 1146  7340.00        4.084366E+13   1.0632E-06   1.0633E-06   0.99998
FLUX 1147  7380.00        4.062229E+13   1.0511E-06   1.0520E-06   0.99914
FLUX 1148  7420.00        4.040330E+13   1.0370E-06   1.0410E-06   0.99618
FLUX 1149  7460.00        4.018666E+13   9.9901E-07   1.0302E-06   0.96975
FLUX 1150  7500.00        3.997233E+13   9.7722E-07   1.0195E-06   0.95854
FLUX 1151  7540.00        3.976028E+13   1.0014E-06   1.0090E-06   0.99250
FLUX 1152  7580.00        3.955046E+13   9.9649E-07   9.9863E-07   0.99786
FLUX 1153  7620.00        3.934285E+13   9.8840E-07   9.8843E-07   0.99997
FLUX 1154  7660.00        3.913740E+13   9.7836E-07   9.7839E-07   0.99997
FLUX 1155  7700.00        3.893409E+13   9.6848E-07   9.6851E-07   0.99997
FLUX 1156  7740.00        3.873288E+13   9.5734E-07   9.5877E-07   0.99851
FLUX 1157  7780.00        3.853374E+13   9.4297E-07   9.4917E-07   0.99347
FLUX 1158  7820.00        3.833664E+13   9.3831E-07   9.3972E-07   0.99850
FLUX 1159  7860.00        3.814154E+13   9.3039E-07   9.3041E-07   0.99998
FLUX 1160  7900.00        3.794842E+13   9.2122E-07   9.2123E-07   0.99998
FLUX 1161  7940.00        3.775724E+13   9.1218E-07   9.1219E-07   0.99998
FLUX 1162  7980.00        3.756798E+13   9.0327E-07   9.0328E-07   0.99998
FLUX 1163  8020.00        3.738061E+13   8.9449E-07   8.9450E-07   0.99998
FLUX 1164  8060.00        3.719510E+13   8.8583E-07   8.8585E-07   0.99998
FLUX 1165  8100.00        3.701142E+13   8.7677E-07   8.7732E-07   0.99937
FLUX 1166  8140.00        3.682955E+13   8.6178E-07   8.6891E-07   0.99179
FLUX 1167  8180.00        3.664945E+13   8.5663E-07   8.6062E-07   0.99536
FLUX 1168  8220.00        3.647111E+13   8.5243E-07   8.5245E-07   0.99997
FLUX 1169  8260.00        3.629449E+13   8.4438E-07   8.4440E-07   0.99998
FLUX 1170  8300.00        3.611958E+13   8.3644E-07   8.3646E-07   0.99998
FLUX 1171  8340.00        3.594634E+13   8.2861E-07   8.2863E-07   0.99998
FLUX 1172  8380.00        3.577476E+13   8.2088E-07   8.2090E-07   0.99998
FLUX 1173  8420.00        3.560481E+13   8.1327E-07   8.1329E-07   0.99998
FLUX 1174  8460.00        3.543647E+13   8.0577E-07   8.0578E-07   0.99998
FLUX 1175  8500.00        3.526971E+13   7.9836E-07   7.9837E-07   0.99998
FLUX 1176  8540.00        3.510451E+13   7.9105E-07   7.9107E-07   0.99998
FLUX 1177  8580.00        3.494085E+13   7.8384E-07   7.8386E-07   0.99997
FLUX 1178  8620.00        3.477871E+13   7.7520E-07   7.7675E-07   0.99801
FLUX 1179  8660.00        3.461807E+13   7.5802E-07   7.6974E-07   0.98477
FLUX 1180  8700.00        3.445891E+13   7.5951E-07   7.6282E-07   0.99567
FLUX 1181  8740.00        3.430120E+13   7.4269E-07   7.5599E-07   0.98241
FLUX 1182  8780.00        3.414493E+13   7.3615E-07   7.4926E-07   0.98251
FLUX 1183  8820.00        3.399008E+13   7.4211E-07   7.4261E-07   0.99932
FLUX 1184  8860.00        3.383662E+13   7.3604E-07   7.3605E-07   0.99998
FLUX 1185  8900.00        3.368455E+13   7.2957E-07   7.2958E-07   0.99998
FLUX 1186  8940.00        3.353384E+13   7.2319E-07   7.2320E-07   0.99999
FLUX 1187  8980.00        3.338447E+13   7.1688E-07   7.1689E-07   0.99999
FLUX 1188  9020.00        3.323642E+13   7.1066E-07   7.1067E-07   0.99998
FLUX 1189  9060.00        3.308968E+13   7.0451E-07   7.0453E-07   0.99998
FLUX 1190  9100.00        3.294423E+13   6.9845E-07   6.9846E-07   0.99998
FLUX 1191  9140.00        3.280005E+13   6.9246E-07   6.9248E-07   0.99998
FLUX 1192  9180.00        3.265713E+13   6.8656E-07   6.8657E-07   0.99998
FLUX 1193  9220.00        3.251546E+13   6.8072E-07   6.8073E-07   0.99997
FLUX 1194  9260.00        3.237500E+13   6.7442E-07   6.7497E-07   0.99917
FLUX 1195  9300.00        3.223575E+13   6.6926E-07   6.6929E-07   0.99997
FLUX 1196  9340.00        3.209770E+13   6.6216E-07   6.6367E-07   0.99773
FLUX 1197  9380.00        3.196082E+13   6.4502E-07   6.5812E-07   0.98010
FLUX 1198  9420.00        3.182511E+13   6.4775E-07   6.5264E-07   0.99251
FLUX 1199  9460.00        3.169054E+13   6.4666E-07   6.4723E-07   0.99913
FLUX 1200  9500.00        3.155710E+13   6.4117E-07   6.4188E-07   0.99888
FLUX 1201  9540.00        3.142479E+13   6.3588E-07   6.3661E-07   0.99887
FLUX 1202  9580.00        3.129358E+13   6.3138E-07   6.3139E-07   0.99998
FLUX 1203  9620.00        3.116346E+13   6.2623E-07   6.2624E-07   0.99998
FLUX 1204  9660.00        3.103442E+13   6.2114E-07   6.2115E-07   0.99998
FLUX 1205  9700.00        3.090644E+13   6.1611E-07   6.1612E-07   0.99998
FLUX 1206  9740.00        3.077952E+13   6.1115E-07   6.1116E-07   0.99998
FLUX 1207  9780.00        3.065363E+13   6.0624E-07   6.0625E-07   0.99998
FLUX 1208  9820.00        3.052877E+13   6.0085E-07   6.0140E-07   0.99908
FLUX 1209  9860.00        3.040492E+13   5.9533E-07   5.9661E-07   0.99785
FLUX 1210  9900.00        3.028207E+13   5.9186E-07   5.9187E-07   0.99998
FLUX 1211  9940.00        3.016021E+13   5.8719E-07   5.8720E-07   0.99998
FLUX 1212  9980.00        3.003933E+13   5.8256E-07   5.8257E-07   0.99999
FLUX 1213 10020.00        2.991941E+13   5.7799E-07   5.7800E-07   0.99999
FLUX 1214 20000.00        1.498962E+13   1.4632E-07   1.4632E-07   1.00000
FLUX 1215 40000.00        7.494812E+12   3.6186E-08   3.6186E-08   1.00000
FLUX 1216 60000.00        4.996542E+12   1.5895E-08   1.5895E-08   1.00000
FLUX 1217 80000.00        3.747406E+12   8.8514E-09   8.8514E-09   1.00000
FLUX 1218100000.00        2.997925E+12   5.6169E-09   5.6169E-09   1.00000
FLUX 1219120000.00        2.498271E+12   3.8721E-09   3.8721E-09   1.00000
FLUX 1220140000.00        2.141375E+12   2.8267E-09   2.8267E-09   1.00000
FLUX 1221160000.00        1.873703E+12   2.1519E-09   2.1519E-09   1.00000
FLUX
