TEFF   3750.  GRAVITY 4.50000 LTE 
TITLE  [ 0.0] VTURB=0  L/H=1.25 NOVER NEW ODF                                   
FLUX    1     9.09        3.298047E+16   2.5000E-39   2.5000E-39   1.00000
FLUX    2     9.35        3.206337E+16   2.5000E-39   2.5000E-39   1.00000
FLUX    3     9.61        3.119589E+16   2.5000E-39   2.5000E-39   1.00000
FLUX    4     9.77        3.068500E+16   2.5000E-39   2.5000E-39   1.00000
FLUX    5     9.96        3.009965E+16   2.5000E-39   2.5000E-39   1.00000
FLUX    6    10.20        2.939142E+16   2.5000E-39   2.5000E-39   1.00000
FLUX    7    10.38        2.888174E+16   2.5000E-39   2.5000E-39   1.00000
FLUX    8    10.56        2.838944E+16   2.5000E-39   2.5000E-39   1.00000
FLUX    9    10.77        2.783589E+16   2.5000E-39   2.5000E-39   1.00000
FLUX   10    11.04        2.715512E+16   2.5000E-39   2.5000E-39   1.00000
FLUX   11    11.40        2.629759E+16   2.5000E-39   2.5000E-39   1.00000
FLUX   12    11.78        2.544928E+16   2.5000E-39   2.5000E-39   1.00000
FLUX   13    12.13        2.471496E+16   2.5000E-39   2.5000E-39   1.00000
FLUX   14    12.48        2.402184E+16   2.5000E-39   2.5000E-39   1.00000
FLUX   15    12.71        2.358714E+16   2.5000E-39   2.5000E-39   1.00000
FLUX   16    12.84        2.334833E+16   2.5000E-39   2.5000E-39   1.00000
FLUX   17    13.05        2.297260E+16   2.5000E-39   2.5000E-39   1.00000
FLUX   18    13.24        2.264294E+16   2.5000E-39   2.5000E-39   1.00000
FLUX   19    13.39        2.238928E+16   2.5000E-39   2.5000E-39   1.00000
FLUX   20    13.66        2.194674E+16   2.5000E-39   2.5000E-39   1.00000
FLUX   21    13.98        2.144439E+16   2.5000E-39   2.5000E-39   1.00000
FLUX   22    14.33        2.092062E+16   2.5000E-39   2.5000E-39   1.00000
FLUX   23    14.72        2.036634E+16   2.5000E-39   2.5000E-39   1.00000
FLUX   24    15.10        1.985381E+16   2.5000E-39   2.5000E-39   1.00000
FLUX   25    15.52        1.931653E+16   2.5000E-39   2.5000E-39   1.00000
FLUX   26    15.88        1.887862E+16   2.5000E-39   2.5000E-39   1.00000
FLUX   27    16.20        1.850571E+16   2.5000E-39   2.5000E-39   1.00000
FLUX   28    16.60        1.805979E+16   2.5000E-39   2.5000E-39   1.00000
FLUX   29    17.03        1.760379E+16   2.5000E-39   2.5000E-39   1.00000
FLUX   30    17.34        1.728907E+16   2.6020-142   2.6021-142   0.99998
FLUX   31    17.68        1.695659E+16   1.2595-139   1.2595-139   0.99998
FLUX   32    18.02        1.663665E+16   4.8183-137   4.8184-137   0.99998
FLUX   33    18.17        1.649931E+16   6.1841-136   6.1842-136   0.99998
FLUX   34    18.61        1.610921E+16   8.6855-133   8.6857-133   0.99998
FLUX   35    19.10        1.569594E+16   1.8685-129   1.8685-129   0.99998
FLUX   36    19.39        1.546119E+16   1.4551-127   1.4551-127   0.99998
FLUX   37    19.84        1.511051E+16   9.7156-125   9.7158-125   0.99998
FLUX   38    20.18        1.485592E+16   1.0915-122   1.0915-122   0.99998
FLUX   39    20.50        1.462402E+16   8.0494-121   8.0496-121   0.99998
FLUX   40    21.05        1.424192E+16   9.5511-118   9.5513-118   0.99998
FLUX   41    21.62        1.386644E+16   9.9887-115   9.9889-115   0.99998
FLUX   42    21.98        1.363933E+16   6.6836-113   6.6838-113   0.99998
FLUX   43    22.30        1.344361E+16   2.4934-111   2.4935-111   0.99998
FLUX   44    22.68        1.321836E+16   1.6053-109   1.6053-109   0.99998
FLUX   45    23.00        1.303446E+16   4.8119-108   4.8120-108   0.99998
FLUX   46    23.40        1.281165E+16   2.9497-106   2.9497-106   0.99998
FLUX   47    24.00        1.249135E+16   1.0915-103   1.0915-103   0.99998
FLUX   48    24.65        1.216197E+16   4.7620-101   4.7621-101   0.99998
FLUX   49    25.24        1.187767E+16   9.0122E-99   9.0124E-99   0.99998
FLUX   50    25.68        1.167416E+16   3.8372E-97   3.8372E-97   0.99998
FLUX   51    26.00        1.153048E+16   5.4173E-96   5.4174E-96   0.99998
FLUX   52    26.40        1.135578E+16   1.3530E-94   1.3530E-94   0.99998
FLUX   53    26.85        1.116546E+16   4.4915E-93   4.4915E-93   0.99998
FLUX   54    27.35        1.096133E+16   1.9179E-91   1.9179E-91   0.99998
FLUX   55    27.85        1.076454E+16   7.1535E-90   7.1536E-90   0.99998
FLUX   56    28.40        1.055607E+16   3.2973E-88   3.2974E-88   0.99998
FLUX   57    29.00        1.033767E+16   1.8188E-86   1.8188E-86   0.99998
FLUX   58    29.60        1.012812E+16   8.4921E-85   8.4923E-85   0.99998
FLUX   59    30.10        9.959883E+15   1.8580E-83   1.8582E-83   0.99991
FLUX   60    30.80        9.733523E+15   1.1768E-81   1.1768E-81   0.99998
FLUX   61    31.80        9.427437E+15   3.1938E-79   3.1939E-79   0.99998
FLUX   62    32.80        9.140015E+15   6.1237E-77   6.1238E-77   0.99998
FLUX   63    33.80        8.869601E+15   8.5469E-75   8.5470E-75   0.99998
FLUX   64    34.80        8.614727E+15   8.9388E-73   8.9390E-73   0.99998
FLUX   65    35.70        8.397549E+15   4.6746E-71   4.6747E-71   0.99998
FLUX   66    36.60        8.191052E+15   2.0078E-69   2.0079E-69   0.99998
FLUX   67    37.50        7.994467E+15   7.1662E-68   7.1664E-68   0.99998
FLUX   68    38.50        7.786818E+15   3.1155E-66   3.1156E-66   0.99998
FLUX   69    39.50        7.589683E+15   1.1136E-64   1.1136E-64   0.99998
FLUX   70    40.50        7.402284E+15   3.3236E-63   3.3236E-63   0.99998
FLUX   71    41.40        7.241364E+15   6.1216E-62   6.1217E-62   0.99998
FLUX   72    42.20        7.104087E+15   7.3278E-61   7.3279E-61   0.99998
FLUX   73    43.00        6.971919E+15   7.9806E-60   7.9807E-60   0.99998
FLUX   74    44.10        6.798016E+15   1.8412E-58   1.8413E-58   0.99998
FLUX   75    45.10        6.647284E+15   2.7854E-57   2.7855E-57   0.99998
FLUX   76    46.00        6.517228E+15   2.8961E-56   2.8961E-56   0.99998
FLUX   77    47.00        6.378564E+15   3.5075E-55   3.5075E-55   0.99998
FLUX   78    48.00        6.245677E+15   3.8162E-54   3.8163E-54   0.99998
FLUX   79    49.00        6.118214E+15   3.7588E-53   3.7588E-53   0.99998
FLUX   80    50.00        5.995850E+15   3.3667E-52   3.3668E-52   0.99998
FLUX   81    50.60        5.924753E+15   1.6307E-51   1.8415E-51   0.88550
FLUX   82    51.20        5.855322E+15   6.2911E-51   6.3495E-51   0.99081
FLUX   83    52.00        5.765240E+15   3.1351E-50   3.1591E-50   0.99239
FLUX   84    53.00        5.656462E+15   2.1880E-49   2.1880E-49   0.99998
FLUX   85    54.00        5.551713E+15   1.4008E-48   1.4075E-48   0.99523
FLUX   86    55.00        5.450773E+15   8.4469E-48   8.4471E-48   0.99998
FLUX   87    56.00        5.353437E+15   4.7448E-47   4.7449E-47   0.99998
FLUX   88    57.00        5.259517E+15   2.5033E-46   2.5034E-46   0.99998
FLUX   89    58.00        5.168836E+15   1.2325E-45   1.2450E-45   0.98993
FLUX   90    59.00        5.081229E+15   5.8498E-45   5.8507E-45   0.99985
FLUX   91    60.00        4.996542E+15   2.6059E-44   2.6062E-44   0.99989
FLUX   92    61.00        4.914631E+15   1.1034E-43   1.1034E-43   0.99998
FLUX   93    62.00        4.835363E+15   4.4506E-43   4.4510E-43   0.99992
FLUX   94    63.00        4.758611E+15   1.7146E-42   1.7148E-42   0.99993
FLUX   95    64.00        4.684258E+15   6.3264E-42   6.3265E-42   0.99998
FLUX   96    65.00        4.612192E+15   2.2387E-41   2.2388E-41   0.99998
FLUX   97    65.80        4.556117E+15   5.9783E-41   5.9784E-41   0.99998
FLUX   98    66.50        4.508158E+15   1.3832E-40   1.3838E-40   0.99959
FLUX   99    67.50        4.441370E+15   4.4458E-40   4.4472E-40   0.99969
FLUX  100    68.50        4.376533E+15   1.3793E-39   1.3794E-39   0.99998
FLUX  101    69.50        4.313561E+15   4.1352E-39   4.1353E-39   0.99998
FLUX  102    70.50        4.252376E+15   1.1984E-38   1.2001E-38   0.99859
FLUX  103    71.60        4.187046E+15   3.7375E-38   3.7376E-38   0.99998
FLUX  104    72.60        4.129373E+15   1.0175E-37   1.0175E-37   0.99998
FLUX  105    73.50        4.078809E+15   2.4463E-37   2.4465E-37   0.99993
FLUX  106    74.50        4.024060E+15   6.3179E-37   6.3190E-37   0.99983
FLUX  107    75.50        3.970762E+15   1.5892E-36   1.5897E-36   0.99972
FLUX  108    76.50        3.918856E+15   3.8992E-36   3.8994E-36   0.99993
FLUX  109    77.50        3.868290E+15   9.3331E-36   9.3357E-36   0.99973
FLUX  110    78.50        3.819013E+15   2.1834E-35   2.1835E-35   0.99998
FLUX  111    79.50        3.770975E+15   4.9821E-35   4.9935E-35   0.99771
FLUX  112    80.50        3.724130E+15   1.1158E-34   1.1176E-34   0.99842
FLUX  113    81.50        3.678436E+15   2.4495E-34   2.4498E-34   0.99986
FLUX  114    82.50        3.633848E+15   5.2642E-34   5.2644E-34   0.99997
FLUX  115    83.50        3.590329E+15   1.1098E-33   1.1098E-33   0.99997
FLUX  116    84.50        3.547840E+15   2.2952E-33   2.2967E-33   0.99935
FLUX  117    85.50        3.506345E+15   4.6538E-33   4.6681E-33   0.99692
FLUX  118    86.50        3.465809E+15   9.2707E-33   9.3255E-33   0.99412
FLUX  119    87.50        3.426200E+15   1.8140E-32   1.8321E-32   0.99009
FLUX  120    88.50        3.387486E+15   3.4972E-32   3.5423E-32   0.98727
FLUX  121    89.50        3.349637E+15   6.6444E-32   6.7431E-32   0.98536
FLUX  122    90.50        3.312624E+15   1.2383E-31   1.2644E-31   0.97937
FLUX  123    91.50        3.276421E+15   3.7094E-27   3.5043E-25   0.01059
FLUX  124    92.50        3.241000E+15   1.7591E-26   5.1155E-25   0.03439
FLUX  125    93.50        3.206337E+15   2.8063E-26   6.4265E-25   0.04367
FLUX  126    94.50        3.172407E+15   4.0024E-26   7.3808E-25   0.05423
FLUX  127    95.50        3.139188E+15   5.6882E-26   9.2873E-25   0.06125
FLUX  128    96.50        3.106658E+15   1.1282E-25   1.2042E-24   0.09369
FLUX  129    97.50        3.074795E+15   1.1918E-25   1.6101E-24   0.07402
FLUX  130    98.50        3.043579E+15   2.5119E-25   2.5415E-24   0.09883
FLUX  131    99.50        3.012990E+15   4.3036E-25   3.6277E-24   0.11863
FLUX  132   100.50        2.983010E+15   5.3172E-25   5.1420E-24   0.10341
FLUX  133   101.50        2.953621E+15   7.4879E-25   7.0970E-24   0.10551
FLUX  134   102.50        2.924805E+15   1.0693E-24   1.0887E-23   0.09822
FLUX  135   103.50        2.896546E+15   2.3805E-24   1.5832E-23   0.15036
FLUX  136   104.50        2.868828E+15   3.5003E-24   2.3838E-23   0.14683
FLUX  137   105.50        2.841635E+15   4.4254E-24   3.6171E-23   0.12235
FLUX  138   106.50        2.814953E+15   1.0491E-23   5.5411E-23   0.18934
FLUX  139   107.50        2.788767E+15   1.4351E-23   8.5514E-23   0.16782
FLUX  140   108.50        2.763064E+15   2.8560E-23   1.3242E-22   0.21567
FLUX  141   109.50        2.737831E+15   4.1036E-23   2.0463E-22   0.20054
FLUX  142   110.50        2.713054E+15   6.2801E-23   3.1430E-22   0.19981
FLUX  143   111.50        2.688722E+15   8.6027E-23   4.7851E-22   0.17978
FLUX  144   112.50        2.664822E+15   1.9006E-22   7.1977E-22   0.26406
FLUX  145   113.50        2.641344E+15   3.1565E-22   1.0681E-21   0.29553
FLUX  146   114.50        2.618275E+15   5.2474E-22   1.5623E-21   0.33588
FLUX  147   115.50        2.595606E+15   7.7740E-22   2.2472E-21   0.34594
FLUX  148   116.50        2.573326E+15   1.0082E-21   3.1680E-21   0.31826
FLUX  149   117.50        2.551426E+15   1.6245E-21   4.3469E-21   0.37371
FLUX  150   118.50        2.529894E+15   2.1324E-21   6.7429E-21   0.31625
FLUX  151   119.50        2.508724E+15   2.3403E-21   9.3966E-21   0.24905
FLUX  152   120.50        2.487905E+15   1.8062E-21   1.2973E-20   0.13922
FLUX  153   121.50        2.467428E+15   2.8170E-22   1.7752E-20   0.01587
FLUX  154   122.50        2.447286E+15   2.9659E-21   2.4109E-20   0.12302
FLUX  155   123.50        2.427470E+15   1.0063E-20   3.2508E-20   0.30957
FLUX  156   124.50        2.407972E+15   1.7405E-20   3.5050E-20   0.49658
FLUX  157   125.50        2.388785E+15   2.5877E-20   5.1526E-20   0.50220
FLUX  158   126.50        2.369901E+15   3.5184E-20   7.1640E-20   0.49113
FLUX  159   127.50        2.351314E+15   4.9478E-20   9.6754E-20   0.51138
FLUX  160   128.50        2.333016E+15   5.9448E-20   1.2944E-19   0.45928
FLUX  161   129.50        2.315000E+15   7.7870E-20   1.7116E-19   0.45494
FLUX  162   130.50        2.297261E+15   1.0501E-19   2.2468E-19   0.46737
FLUX  163   131.50        2.279791E+15   1.3671E-19   2.9268E-19   0.46710
FLUX  164   132.50        2.262585E+15   1.6793E-19   3.7791E-19   0.44435
FLUX  165   133.50        2.245637E+15   2.0030E-19   4.8338E-19   0.41436
FLUX  166   134.50        2.228940E+15   2.7246E-19   6.1272E-19   0.44468
FLUX  167   135.50        2.212491E+15   3.5661E-19   7.7174E-19   0.46209
FLUX  168   136.50        2.196282E+15   4.2971E-19   9.6788E-19   0.44397
FLUX  169   137.50        2.180309E+15   5.0118E-19   1.2041E-18   0.41621
FLUX  170   138.50        2.164567E+15   6.4542E-19   1.4885E-18   0.43361
FLUX  171   139.50        2.149050E+15   7.4702E-19   1.8337E-18   0.40739
FLUX  172   140.50        2.133754E+15   1.0102E-18   2.2533E-18   0.44832
FLUX  173   141.50        2.118675E+15   1.3420E-18   2.7688E-18   0.48469
FLUX  174   142.50        2.103807E+15   1.5511E-18   3.4035E-18   0.45575
FLUX  175   143.50        2.089146E+15   2.0946E-18   4.1830E-18   0.50074
FLUX  176   144.20        2.079005E+15   2.8465E-18   4.8347E-18   0.58876
FLUX  177   144.70        2.071821E+15   2.6983E-18   5.3601E-18   0.50341
FLUX  178   145.50        2.060430E+15   3.2079E-18   6.3191E-18   0.50764
FLUX  179   146.50        2.046365E+15   4.4040E-18   7.7524E-18   0.56809
FLUX  180   147.50        2.032492E+15   4.5720E-18   9.4880E-18   0.48187
FLUX  181   148.50        2.018805E+15   6.0737E-18   1.1581E-17   0.52446
FLUX  182   149.50        2.005301E+15   8.6288E-18   1.4089E-17   0.61244
FLUX  183   150.50        1.991977E+15   1.1663E-17   1.7091E-17   0.68242
FLUX  184   151.20        1.982755E+15   8.6813E-18   1.9526E-17   0.44461
FLUX  185   151.70        1.976220E+15   1.2243E-17   2.3782E-17   0.51483
FLUX  186   152.50        1.965852E+15   1.7496E-17   3.5059E-17   0.49904
FLUX  187   153.50        1.953046E+15   2.6253E-17   4.5414E-17   0.57808
FLUX  188   154.50        1.940405E+15   2.2575E-17   5.4330E-17   0.41552
FLUX  189   155.50        1.927926E+15   3.3210E-17   6.5115E-17   0.51002
FLUX  190   156.50        1.915607E+15   3.3352E-17   7.8282E-17   0.42605
FLUX  191   157.50        1.903444E+15   5.5913E-17   1.3150E-16   0.42518
FLUX  192   158.50        1.891435E+15   6.2026E-17   1.5621E-16   0.39707
FLUX  193   159.50        1.879577E+15   6.3304E-17   1.8542E-16   0.34140
FLUX  194   160.50        1.867866E+15   7.2551E-17   2.1980E-16   0.33009
FLUX  195   161.50        1.856300E+15   8.1494E-17   2.6017E-16   0.31324
FLUX  196   162.50        1.844877E+15   8.8475E-17   3.7657E-16   0.23495
FLUX  197   163.50        1.833593E+15   1.1602E-16   4.5086E-16   0.25733
FLUX  198   164.50        1.822447E+15   1.5298E-16   5.3940E-16   0.28361
FLUX  199   165.50        1.811435E+15   1.4146E-16   6.4341E-16   0.21986
FLUX  200   166.50        1.800556E+15   2.0993E-16   7.6675E-16   0.27378
FLUX  201   167.20        1.793017E+15   1.9435E-16   8.6513E-16   0.22465
FLUX  202   167.70        1.787671E+15   2.8438E-16   9.4665E-16   0.30041
FLUX  203   168.50        1.779184E+15   3.4352E-16   1.0872E-15   0.31596
FLUX  204   169.50        1.768687E+15   4.6557E-16   1.2848E-15   0.36236
FLUX  205   170.50        1.758314E+15   5.2776E-16   1.5142E-15   0.34855
FLUX  206   171.50        1.748061E+15   5.8750E-16   1.8056E-15   0.32538
FLUX  207   172.50        1.737928E+15   7.7802E-16   2.1136E-15   0.36811
FLUX  208   173.50        1.727911E+15   8.7376E-16   2.4667E-15   0.35422
FLUX  209   174.50        1.718009E+15   1.1581E-15   2.8699E-15   0.40352
FLUX  210   175.50        1.708219E+15   1.2794E-15   3.3291E-15   0.38430
FLUX  211   176.50        1.698541E+15   1.4864E-15   3.8510E-15   0.38599
FLUX  212   177.50        1.688972E+15   1.5834E-15   4.4426E-15   0.35642
FLUX  213   178.50        1.679510E+15   2.4362E-15   5.1117E-15   0.47659
FLUX  214   179.50        1.670153E+15   2.2958E-15   5.8678E-15   0.39125
FLUX  215   180.50        1.660900E+15   3.3427E-15   6.7203E-15   0.49741
FLUX  216   181.50        1.651749E+15   2.9792E-15   7.6802E-15   0.38790
FLUX  217   182.50        1.642699E+15   4.2417E-15   8.7587E-15   0.48429
FLUX  218   183.50        1.633747E+15   4.1111E-15   9.9691E-15   0.41239
FLUX  219   184.50        1.624892E+15   5.6196E-15   1.1324E-14   0.49625
FLUX  220   185.50        1.616132E+15   5.4129E-15   1.2840E-14   0.42155
FLUX  221   186.50        1.607466E+15   7.6222E-15   1.4535E-14   0.52440
FLUX  222   187.50        1.598893E+15   7.7866E-15   1.6436E-14   0.47376
FLUX  223   188.50        1.590411E+15   9.4240E-15   1.8545E-14   0.50816
FLUX  224   189.50        1.582018E+15   1.1148E-14   2.0894E-14   0.53355
FLUX  225   190.50        1.573714E+15   1.2559E-14   2.3503E-14   0.53434
FLUX  226   191.50        1.565496E+15   1.5615E-14   2.6400E-14   0.59147
FLUX  227   192.50        1.557364E+15   1.5393E-14   2.9612E-14   0.51982
FLUX  228   193.50        1.549315E+15   1.1459E-14   3.3164E-14   0.34553
FLUX  229   194.50        1.541350E+15   2.1190E-14   3.7080E-14   0.57148
FLUX  230   195.50        1.533465E+15   2.7191E-14   4.1403E-14   0.65675
FLUX  231   196.70        1.524110E+15   3.0284E-14   4.7177E-14   0.64192
FLUX  232   197.60        1.517168E+15   3.4707E-14   5.1960E-14   0.66795
FLUX  233   198.40        1.511051E+15   4.0399E-14   5.6567E-14   0.71417
FLUX  234   199.50        1.502719E+15   4.1646E-14   6.3499E-14   0.65585
FLUX  235   200.50        1.495224E+15   4.8435E-14   7.0452E-14   0.68749
FLUX  236   201.50        1.487804E+15   5.4713E-14   7.8066E-14   0.70085
FLUX  237   202.50        1.480457E+15   5.6957E-14   8.6397E-14   0.65925
FLUX  238   203.50        1.473182E+15   6.7487E-14   9.5511E-14   0.70659
FLUX  239   204.50        1.465978E+15   7.2902E-14   1.0547E-13   0.69120
FLUX  240   205.50        1.458844E+15   8.4351E-14   1.1635E-13   0.72500
FLUX  241   206.50        1.451780E+15   8.7734E-14   1.2821E-13   0.68430
FLUX  242   207.40        1.445480E+15   8.4252E-14   1.3980E-13   0.60265
FLUX  243   207.80        1.442697E+15   1.0710E-13   3.4607E-12   0.03095
FLUX  244   208.50        1.437854E+15   1.2787E-13   4.0189E-12   0.03182
FLUX  245   209.50        1.430990E+15   1.6968E-13   4.9590E-12   0.03422
FLUX  246   210.50        1.424192E+15   1.9695E-13   6.1084E-12   0.03224
FLUX  247   211.50        1.417459E+15   2.1323E-13   7.5203E-12   0.02835
FLUX  248   212.50        1.410788E+15   2.4961E-13   9.2043E-12   0.02712
FLUX  249   213.50        1.404180E+15   2.9545E-13   1.1206E-11   0.02637
FLUX  250   214.50        1.397634E+15   2.6613E-13   1.3597E-11   0.01957
FLUX  251   215.50        1.391148E+15   3.2730E-13   1.6413E-11   0.01994
FLUX  252   216.50        1.384723E+15   3.2789E-13   1.9663E-11   0.01668
FLUX  253   217.50        1.378356E+15   3.6625E-13   2.3380E-11   0.01567
FLUX  254   218.50        1.372048E+15   3.6665E-13   2.7700E-11   0.01324
FLUX  255   219.50        1.365797E+15   5.1304E-13   3.2555E-11   0.01576
FLUX  256   220.50        1.359603E+15   4.9548E-13   3.7973E-11   0.01305
FLUX  257   221.50        1.353465E+15   5.9470E-13   4.4021E-11   0.01351
FLUX  258   222.50        1.347382E+15   5.7953E-13   5.1325E-11   0.01129
FLUX  259   223.50        1.341353E+15   8.2881E-13   5.8786E-11   0.01410
FLUX  260   224.50        1.335379E+15   9.2236E-13   6.6918E-11   0.01378
FLUX  261   225.50        1.329457E+15   1.0311E-12   8.1720E-11   0.01262
FLUX  262   226.50        1.323587E+15   8.2297E-13   9.1873E-11   0.00896
FLUX  263   227.50        1.317769E+15   1.1764E-12   1.0260E-10   0.01147
FLUX  264   228.50        1.312002E+15   1.2409E-12   1.1385E-10   0.01090
FLUX  265   229.50        1.306285E+15   1.7315E-12   1.2566E-10   0.01378
FLUX  266   230.50        1.300618E+15   1.1235E-12   1.3807E-10   0.00814
FLUX  267   231.50        1.295000E+15   2.0426E-12   1.5096E-10   0.01353
FLUX  268   232.50        1.289430E+15   1.8523E-12   1.6436E-10   0.01127
FLUX  269   233.50        1.283908E+15   2.6354E-12   1.8088E-10   0.01457
FLUX  270   234.50        1.278433E+15   1.9615E-12   1.9528E-10   0.01004
FLUX  271   235.50        1.273004E+15   2.0519E-12   2.1011E-10   0.00977
FLUX  272   236.50        1.267622E+15   2.4689E-12   2.2531E-10   0.01096
FLUX  273   237.50        1.262284E+15   2.6603E-12   2.4092E-10   0.01104
FLUX  274   238.50        1.256992E+15   3.9166E-12   2.5695E-10   0.01524
FLUX  275   239.50        1.251743E+15   3.7315E-12   2.7344E-10   0.01365
FLUX  276   240.50        1.246538E+15   6.1878E-12   2.9036E-10   0.02131
FLUX  277   241.50        1.241377E+15   4.0613E-12   3.0772E-10   0.01320
FLUX  278   242.50        1.236258E+15   5.2075E-12   3.2553E-10   0.01600
FLUX  279   243.50        1.231181E+15   6.6933E-12   3.4382E-10   0.01947
FLUX  280   244.50        1.226145E+15   8.4776E-12   3.6792E-10   0.02304
FLUX  281   245.50        1.221151E+15   9.6604E-12   3.8715E-10   0.02495
FLUX  282   246.50        1.216197E+15   7.5848E-12   4.0686E-10   0.01864
FLUX  283   247.50        1.211283E+15   1.1252E-11   4.2706E-10   0.02635
FLUX  284   248.50        1.206408E+15   5.4874E-12   4.4778E-10   0.01225
FLUX  285   249.50        1.201573E+15   7.5028E-12   4.6907E-10   0.01600
FLUX  286   250.50        1.196776E+15   1.1356E-11   4.9519E-10   0.02293
FLUX  287   251.30        1.192967E+15   9.4782E-12   5.1301E-10   0.01848
FLUX  288   251.80        1.190598E+15   1.1010E-11   8.2313E-09   0.00134
FLUX  289   252.50        1.187297E+15   1.1245E-11   8.5246E-09   0.00132
FLUX  290   253.50        1.182613E+15   2.1336E-11   8.9473E-09   0.00238
FLUX  291   254.50        1.177967E+15   2.6041E-11   9.3745E-09   0.00278
FLUX  292   255.50        1.173356E+15   2.8843E-11   9.8091E-09   0.00294
FLUX  293   256.50        1.168782E+15   1.9113E-11   1.0252E-08   0.00186
FLUX  294   257.50        1.164243E+15   2.7900E-11   1.0702E-08   0.00261
FLUX  295   258.50        1.159739E+15   2.1439E-11   1.1162E-08   0.00192
FLUX  296   259.50        1.155270E+15   2.7600E-11   1.1630E-08   0.00237
FLUX  297   260.50        1.150835E+15   3.5547E-11   1.2107E-08   0.00294
FLUX  298   261.50        1.146434E+15   3.1691E-11   1.2595E-08   0.00252
FLUX  299   262.50        1.142067E+15   4.9476E-11   1.3093E-08   0.00378
FLUX  300   263.50        1.137732E+15   7.3610E-11   1.4004E-08   0.00526
FLUX  301   264.50        1.133431E+15   5.9543E-11   1.4517E-08   0.00410
FLUX  302   265.50        1.129162E+15   8.4124E-11   1.5041E-08   0.00559
FLUX  303   266.50        1.124925E+15   6.7678E-11   1.5575E-08   0.00435
FLUX  304   267.50        1.120720E+15   7.1565E-11   1.6119E-08   0.00444
FLUX  305   268.50        1.116546E+15   8.5226E-11   1.6674E-08   0.00511
FLUX  306   269.50        1.112403E+15   6.2541E-11   1.7240E-08   0.00363
FLUX  307   270.50        1.108290E+15   1.1022E-10   1.8312E-08   0.00602
FLUX  308   271.50        1.104208E+15   9.5280E-11   1.8882E-08   0.00505
FLUX  309   272.50        1.100156E+15   8.2262E-11   1.9461E-08   0.00423
FLUX  310   273.50        1.096133E+15   9.0618E-11   2.0050E-08   0.00452
FLUX  311   274.50        1.092140E+15   1.2377E-10   2.0650E-08   0.00599
FLUX  312   275.50        1.088176E+15   1.2294E-10   2.1260E-08   0.00578
FLUX  313   276.50        1.084240E+15   1.8463E-10   2.1878E-08   0.00844
FLUX  314   277.50        1.080333E+15   2.1568E-10   2.2506E-08   0.00958
FLUX  315   278.50        1.076454E+15   1.5718E-10   2.3146E-08   0.00679
FLUX  316   279.50        1.072603E+15   2.0463E-10   2.3798E-08   0.00860
FLUX  317   280.50        1.068779E+15   1.9922E-10   2.4463E-08   0.00814
FLUX  318   281.50        1.064982E+15   2.0239E-10   2.5140E-08   0.00805
FLUX  319   282.50        1.061212E+15   1.9614E-10   2.5832E-08   0.00759
FLUX  320   283.50        1.057469E+15   1.5804E-10   2.6537E-08   0.00596
FLUX  321   284.50        1.053752E+15   1.1624E-10   2.7255E-08   0.00426
FLUX  322   285.50        1.050061E+15   6.9925E-11   2.7986E-08   0.00250
FLUX  323   286.50        1.046396E+15   1.7967E-10   2.8730E-08   0.00625
FLUX  324   287.50        1.042757E+15   2.1859E-10   2.9488E-08   0.00741
FLUX  325   288.50        1.039142E+15   3.5973E-10   3.0259E-08   0.01189
FLUX  326   289.50        1.035553E+15   4.3101E-10   3.1041E-08   0.01389
FLUX  327   291.00        1.030215E+15   5.6057E-10   3.2585E-08   0.01720
FLUX  328   293.00        1.023183E+15   6.2948E-10   3.4200E-08   0.01841
FLUX  329   295.00        1.016246E+15   6.0256E-10   3.5934E-08   0.01677
FLUX  330   297.00        1.009402E+15   6.1183E-10   3.7647E-08   0.01625
FLUX  331   299.00        1.002650E+15   7.2509E-10   3.9418E-08   0.01840
FLUX  332   301.00        9.959884E+14   7.8118E-10   4.1246E-08   0.01894
FLUX  333   303.00        9.894142E+14   9.9163E-10   4.3131E-08   0.02299
FLUX  334   305.00        9.829262E+14   1.1848E-09   4.5066E-08   0.02629
FLUX  335   307.00        9.765228E+14   1.2997E-09   4.7056E-08   0.02762
FLUX  336   309.00        9.702023E+14   1.1865E-09   4.9375E-08   0.02403
FLUX  337   311.00        9.639630E+14   1.9672E-09   5.1441E-08   0.03824
FLUX  338   313.00        9.578035E+14   2.1043E-09   5.3631E-08   0.03924
FLUX  339   315.00        9.517222E+14   3.1408E-09   5.5789E-08   0.05630
FLUX  340   317.00        9.457177E+14   4.8612E-09   5.7995E-08   0.08382
FLUX  341   319.00        9.397884E+14   4.0062E-09   6.0262E-08   0.06648
FLUX  342   321.00        9.339330E+14   5.3063E-09   6.2592E-08   0.08478
FLUX  343   323.00        9.281501E+14   5.7068E-09   6.5044E-08   0.08774
FLUX  344   325.00        9.224385E+14   8.2890E-09   6.7471E-08   0.12285
FLUX  345   327.00        9.167966E+14   1.1270E-08   6.9956E-08   0.16111
FLUX  346   329.00        9.112234E+14   1.4278E-08   7.2542E-08   0.19683
FLUX  347   331.00        9.057175E+14   1.2172E-08   7.5144E-08   0.16199
FLUX  348   333.00        9.002778E+14   1.3869E-08   7.7801E-08   0.17826
FLUX  349   335.00        8.949030E+14   1.2678E-08   8.0513E-08   0.15746
FLUX  350   337.00        8.895920E+14   8.3031E-09   8.3304E-08   0.09967
FLUX  351   339.00        8.843436E+14   1.1673E-08   8.6180E-08   0.13545
FLUX  352   341.00        8.791569E+14   1.3693E-08   8.9088E-08   0.15370
FLUX  353   343.00        8.740306E+14   1.4856E-08   9.2058E-08   0.16137
FLUX  354   345.00        8.689638E+14   1.2188E-08   9.5115E-08   0.12814
FLUX  355   347.00        8.639553E+14   1.2474E-08   9.8239E-08   0.12698
FLUX  356   349.00        8.590043E+14   1.7209E-08   1.0142E-07   0.16968
FLUX  357   351.00        8.541097E+14   2.3571E-08   1.0467E-07   0.22519
FLUX  358   353.00        8.492705E+14   2.4654E-08   1.0799E-07   0.22830
FLUX  359   355.00        8.444859E+14   3.6421E-08   1.1139E-07   0.32697
FLUX  360   357.00        8.397549E+14   1.6533E-08   1.1489E-07   0.14390
FLUX  361   359.00        8.350766E+14   1.4146E-08   1.1846E-07   0.11942
FLUX  362   361.00        8.304501E+14   2.2040E-08   1.2209E-07   0.18052
FLUX  363   363.00        8.258746E+14   3.0460E-08   1.2580E-07   0.24214
FLUX  364   364.00        8.236058E+14   3.3342E-08   1.2768E-07   0.26114
FLUX  365   365.00        8.213493E+14   3.6908E-08   1.2959E-07   0.28480
FLUX  366   367.00        8.168733E+14   5.2457E-08   1.3349E-07   0.39298
FLUX  367   369.00        8.124458E+14   4.1638E-08   1.3744E-07   0.30294
FLUX  368   371.00        8.080660E+14   3.0619E-08   1.4148E-07   0.21642
FLUX  369   373.00        8.037332E+14   1.3693E-08   1.4557E-07   0.09406
FLUX  370   375.00        7.994467E+14   1.8058E-08   1.4973E-07   0.12061
FLUX  371   377.00        7.952056E+14   4.6314E-08   1.5510E-07   0.29860
FLUX  372   379.00        7.910092E+14   5.3951E-08   1.5945E-07   0.33835
FLUX  373   381.00        7.868569E+14   4.9897E-08   1.6387E-07   0.30450
FLUX  374   383.00        7.827480E+14   2.1143E-08   1.6834E-07   0.12560
FLUX  375   385.00        7.786818E+14   3.8169E-08   1.7289E-07   0.22077
FLUX  376   387.00        7.746576E+14   3.5866E-08   1.7750E-07   0.20206
FLUX  377   389.00        7.706748E+14   3.7700E-08   1.8220E-07   0.20692
FLUX  378   391.00        7.667327E+14   5.2223E-08   1.8697E-07   0.27932
FLUX  379   393.00        7.628308E+14   1.9899E-08   1.9179E-07   0.10375
FLUX  380   395.00        7.589683E+14   3.6270E-08   1.9668E-07   0.18441
FLUX  381   397.00        7.551448E+14   2.8020E-08   2.0164E-07   0.13896
FLUX  382   399.00        7.513596E+14   8.3523E-08   2.0665E-07   0.40418
FLUX  383   401.00        7.476122E+14   1.1521E-07   2.1175E-07   0.54410
FLUX  384   403.00        7.439020E+14   8.6800E-08   2.1691E-07   0.40016
FLUX  385   405.00        7.402284E+14   1.0618E-07   2.2214E-07   0.47800
FLUX  386   407.00        7.365909E+14   1.0098E-07   2.2742E-07   0.44403
FLUX  387   409.00        7.329890E+14   1.3257E-07   2.3275E-07   0.56957
FLUX  388   411.00        7.294221E+14   9.5719E-08   2.3815E-07   0.40193
FLUX  389   413.00        7.258898E+14   1.1142E-07   2.4360E-07   0.45741
FLUX  390   415.00        7.223916E+14   1.0821E-07   2.4912E-07   0.43435
FLUX  391   417.00        7.189269E+14   1.1018E-07   2.5471E-07   0.43256
FLUX  392   419.00        7.154952E+14   1.1402E-07   2.6034E-07   0.43796
FLUX  393   421.00        7.120962E+14   8.4309E-08   2.6603E-07   0.31692
FLUX  394   423.00        7.087293E+14   3.6121E-08   2.7177E-07   0.13291
FLUX  395   425.00        7.053941E+14   8.9989E-08   2.7756E-07   0.32421
FLUX  396   427.00        7.020902E+14   1.0106E-07   2.8341E-07   0.35657
FLUX  397   429.00        6.988170E+14   1.0238E-07   2.8932E-07   0.35389
FLUX  398   431.00        6.955742E+14   1.1739E-07   2.9528E-07   0.39755
FLUX  399   433.00        6.923614E+14   1.6269E-07   3.0129E-07   0.53998
FLUX  400   435.00        6.891782E+14   1.7120E-07   3.0737E-07   0.55697
FLUX  401   437.00        6.860240E+14   1.8459E-07   3.1349E-07   0.58883
FLUX  402   439.00        6.828986E+14   1.6051E-07   3.1967E-07   0.50211
FLUX  403   441.00        6.798016E+14   1.6638E-07   3.2590E-07   0.51051
FLUX  404   443.00        6.767325E+14   1.6666E-07   3.3218E-07   0.50171
FLUX  405   445.00        6.736910E+14   1.7756E-07   3.3852E-07   0.52452
FLUX  406   447.00        6.706767E+14   1.9755E-07   3.4491E-07   0.57275
FLUX  407   449.00        6.676893E+14   2.0827E-07   3.5135E-07   0.59277
FLUX  408   451.00        6.647284E+14   2.3036E-07   3.5784E-07   0.64376
FLUX  409   453.00        6.617936E+14   1.9355E-07   3.6438E-07   0.53116
FLUX  410   455.00        6.588846E+14   2.1955E-07   3.7098E-07   0.59181
FLUX  411   457.00        6.560011E+14   2.4452E-07   3.7763E-07   0.64751
FLUX  412   459.00        6.531427E+14   2.1543E-07   3.8433E-07   0.56055
FLUX  413   461.00        6.503091E+14   2.3235E-07   3.9107E-07   0.59412
FLUX  414   463.00        6.475000E+14   2.2585E-07   3.9787E-07   0.56764
FLUX  415   465.00        6.447150E+14   2.1807E-07   4.0472E-07   0.53882
FLUX  416   467.00        6.419540E+14   2.3504E-07   4.1161E-07   0.57102
FLUX  417   469.00        6.392164E+14   2.3081E-07   4.1855E-07   0.55146
FLUX  418   471.00        6.365021E+14   2.3147E-07   4.2554E-07   0.54394
FLUX  419   473.00        6.338108E+14   2.2586E-07   4.3258E-07   0.52213
FLUX  420   475.00        6.311421E+14   2.3521E-07   4.3966E-07   0.53498
FLUX  421   477.00        6.284958E+14   1.5897E-07   4.4679E-07   0.35581
FLUX  422   479.00        6.258716E+14   1.8938E-07   4.5395E-07   0.41719
FLUX  423   481.00        6.232692E+14   2.0309E-07   4.6115E-07   0.44040
FLUX  424   483.00        6.206884E+14   2.2232E-07   4.6840E-07   0.47463
FLUX  425   485.00        6.181289E+14   2.4441E-07   4.7572E-07   0.51377
FLUX  426   487.00        6.155903E+14   2.5985E-07   4.8305E-07   0.53792
FLUX  427   489.00        6.130726E+14   2.8455E-07   4.9042E-07   0.58020
FLUX  428   491.00        6.105753E+14   2.9811E-07   4.9784E-07   0.59882
FLUX  429   493.00        6.080984E+14   3.0149E-07   5.0529E-07   0.59666
FLUX  430   495.00        6.056414E+14   2.7966E-07   5.1278E-07   0.54538
FLUX  431   497.00        6.032042E+14   1.9962E-07   5.2031E-07   0.38366
FLUX  432   499.00        6.007866E+14   2.1500E-07   5.2788E-07   0.40728
FLUX  433   501.00        5.983882E+14   1.7132E-07   5.3549E-07   0.31994
FLUX  434   503.00        5.960089E+14   2.0488E-07   5.4313E-07   0.37723
FLUX  435   505.00        5.936485E+14   2.0253E-07   5.5080E-07   0.36770
FLUX  436   507.00        5.913067E+14   2.0890E-07   5.5851E-07   0.37402
FLUX  437   509.00        5.889833E+14   2.1269E-07   5.6626E-07   0.37561
FLUX  438   511.00        5.866781E+14   2.2313E-07   5.7404E-07   0.38870
FLUX  439   513.00        5.843908E+14   2.2087E-07   5.8184E-07   0.37961
FLUX  440   515.00        5.821214E+14   2.1201E-07   5.8968E-07   0.35953
FLUX  441   517.00        5.798694E+14   1.8602E-07   5.9754E-07   0.31131
FLUX  442   519.00        5.776349E+14   1.8722E-07   6.0544E-07   0.30922
FLUX  443   521.00        5.754175E+14   2.3126E-07   6.1337E-07   0.37703
FLUX  444   523.00        5.732170E+14   3.7351E-07   6.2133E-07   0.60114
FLUX  445   525.00        5.710333E+14   3.7299E-07   6.2931E-07   0.59270
FLUX  446   527.00        5.688662E+14   3.3851E-07   6.3732E-07   0.53114
FLUX  447   529.00        5.667155E+14   4.2371E-07   6.4536E-07   0.65656
FLUX  448   531.00        5.645810E+14   4.6080E-07   6.5342E-07   0.70521
FLUX  449   533.00        5.624625E+14   4.1545E-07   6.6151E-07   0.62804
FLUX  450   535.00        5.603598E+14   4.5413E-07   6.6962E-07   0.67818
FLUX  451   537.00        5.582728E+14   4.3830E-07   6.7776E-07   0.64668
FLUX  452   539.00        5.562013E+14   4.5569E-07   6.8594E-07   0.66433
FLUX  453   541.00        5.541451E+14   4.5456E-07   6.9412E-07   0.65486
FLUX  454   543.00        5.521040E+14   4.6014E-07   7.0233E-07   0.65516
FLUX  455   545.00        5.500780E+14   4.0162E-07   7.1056E-07   0.56522
FLUX  456   547.00        5.480667E+14   3.8908E-07   7.1881E-07   0.54128
FLUX  457   549.00        5.460701E+14   4.2883E-07   7.2708E-07   0.58980
FLUX  458   551.00        5.440880E+14   3.9368E-07   7.3537E-07   0.53535
FLUX  459   553.00        5.421202E+14   4.5799E-07   7.4369E-07   0.61583
FLUX  460   555.00        5.401667E+14   4.8548E-07   7.5203E-07   0.64556
FLUX  461   557.00        5.382271E+14   4.9374E-07   7.6038E-07   0.64933
FLUX  462   559.00        5.363014E+14   4.5141E-07   7.6875E-07   0.58720
FLUX  463   561.00        5.343895E+14   3.8874E-07   7.7714E-07   0.50022
FLUX  464   563.00        5.324911E+14   4.1394E-07   7.8556E-07   0.52694
FLUX  465   565.00        5.306062E+14   4.5478E-07   7.9398E-07   0.57278
FLUX  466   567.00        5.287346E+14   4.4613E-07   8.0241E-07   0.55599
FLUX  467   569.00        5.268761E+14   4.9555E-07   8.1086E-07   0.61114
FLUX  468   571.00        5.250306E+14   4.9966E-07   8.1932E-07   0.60985
FLUX  469   573.00        5.231981E+14   5.6066E-07   8.2779E-07   0.67730
FLUX  470   575.00        5.213783E+14   5.9427E-07   8.3628E-07   0.71061
FLUX  471   577.00        5.195711E+14   5.5370E-07   8.4476E-07   0.65546
FLUX  472   579.00        5.177763E+14   5.8553E-07   8.5325E-07   0.68623
FLUX  473   581.00        5.159940E+14   5.9674E-07   8.6175E-07   0.69248
FLUX  474   583.00        5.142238E+14   6.1289E-07   8.7026E-07   0.70425
FLUX  475   585.00        5.124658E+14   5.6839E-07   8.7878E-07   0.64680
FLUX  476   587.00        5.107198E+14   4.9198E-07   8.8731E-07   0.55446
FLUX  477   589.00        5.089856E+14   2.5191E-07   8.9585E-07   0.28120
FLUX  478   591.00        5.072631E+14   3.9617E-07   9.0440E-07   0.43805
FLUX  479   593.00        5.055523E+14   4.6358E-07   9.1295E-07   0.50778
FLUX  480   595.00        5.038529E+14   4.8675E-07   9.2151E-07   0.52821
FLUX  481   597.00        5.021650E+14   5.0414E-07   9.3007E-07   0.54205
FLUX  482   599.00        5.004883E+14   5.4766E-07   9.3864E-07   0.58346
FLUX  483   601.00        4.988228E+14   5.6553E-07   9.4722E-07   0.59705
FLUX  484   603.00        4.971683E+14   6.2215E-07   9.5580E-07   0.65092
FLUX  485   605.00        4.955248E+14   6.5566E-07   9.6439E-07   0.67987
FLUX  486   607.00        4.938921E+14   6.8833E-07   9.7297E-07   0.70745
FLUX  487   609.00        4.922701E+14   7.1885E-07   9.8157E-07   0.73235
FLUX  488   611.00        4.906588E+14   7.1383E-07   9.9016E-07   0.72093
FLUX  489   613.00        4.890579E+14   7.0431E-07   9.9875E-07   0.70519
FLUX  490   615.00        4.874675E+14   7.4546E-07   1.0074E-06   0.74002
FLUX  491   617.00        4.858874E+14   5.0324E-07   1.0159E-06   0.49534
FLUX  492   619.00        4.843174E+14   5.3798E-07   1.0245E-06   0.52509
FLUX  493   621.00        4.827576E+14   5.3171E-07   1.0331E-06   0.51466
FLUX  494   623.00        4.812079E+14   4.5791E-07   1.0417E-06   0.43956
FLUX  495   625.00        4.796680E+14   5.0293E-07   1.0503E-06   0.47883
FLUX  496   627.00        4.781380E+14   5.7051E-07   1.0589E-06   0.53875
FLUX  497   629.00        4.766176E+14   6.1129E-07   1.0675E-06   0.57262
FLUX  498   631.00        4.751070E+14   6.6254E-07   1.0761E-06   0.61567
FLUX  499   633.00        4.736058E+14   6.9584E-07   1.0847E-06   0.64150
FLUX  500   635.00        4.721142E+14   7.2880E-07   1.0933E-06   0.66661
FLUX  501   637.00        4.706319E+14   7.2660E-07   1.1019E-06   0.65943
FLUX  502   639.00        4.691588E+14   7.5745E-07   1.1104E-06   0.68213
FLUX  503   641.00        4.676950E+14   7.7690E-07   1.1190E-06   0.69428
FLUX  504   643.00        4.662403E+14   7.3585E-07   1.1276E-06   0.65260
FLUX  505   645.00        4.647946E+14   7.3901E-07   1.1361E-06   0.65048
FLUX  506   647.00        4.633578E+14   7.8151E-07   1.1447E-06   0.68275
FLUX  507   649.00        4.619299E+14   7.5222E-07   1.1532E-06   0.65229
FLUX  508   651.00        4.605107E+14   8.1053E-07   1.1617E-06   0.69770
FLUX  509   653.00        4.591003E+14   8.6512E-07   1.1702E-06   0.73927
FLUX  510   655.00        4.576985E+14   8.4475E-07   1.1790E-06   0.71647
FLUX  511   657.00        4.563052E+14   8.4518E-07   1.1875E-06   0.71171
FLUX  512   659.00        4.549203E+14   8.5950E-07   1.1960E-06   0.71863
FLUX  513   661.00        4.535439E+14   8.6127E-07   1.2045E-06   0.71504
FLUX  514   663.00        4.521757E+14   8.3907E-07   1.2130E-06   0.69174
FLUX  515   665.00        4.508158E+14   7.8850E-07   1.2214E-06   0.64555
FLUX  516   667.00        4.494640E+14   7.6153E-07   1.2299E-06   0.61919
FLUX  517   669.00        4.481203E+14   6.6713E-07   1.2383E-06   0.53873
FLUX  518   671.00        4.467846E+14   6.8816E-07   1.2468E-06   0.55195
FLUX  519   673.00        4.454569E+14   6.0352E-07   1.2552E-06   0.48082
FLUX  520   675.00        4.441370E+14   6.3024E-07   1.2636E-06   0.49877
FLUX  521   677.00        4.428250E+14   7.0427E-07   1.2720E-06   0.55368
FLUX  522   679.00        4.415206E+14   6.4300E-07   1.2804E-06   0.50220
FLUX  523   681.00        4.402239E+14   6.9993E-07   1.2887E-06   0.54311
FLUX  524   683.00        4.389348E+14   7.5021E-07   1.2971E-06   0.57837
FLUX  525   685.00        4.376533E+14   7.8352E-07   1.3054E-06   0.60020
FLUX  526   687.00        4.363792E+14   7.9884E-07   1.3138E-06   0.60805
FLUX  527   689.00        4.351125E+14   8.6733E-07   1.3221E-06   0.65604
FLUX  528   691.00        4.338531E+14   9.4140E-07   1.3304E-06   0.70763
FLUX  529   693.00        4.326010E+14   9.3368E-07   1.3386E-06   0.69748
FLUX  530   695.00        4.313561E+14   1.0019E-06   1.3469E-06   0.74383
FLUX  531   697.00        4.301184E+14   1.0719E-06   1.3551E-06   0.79096
FLUX  532   699.00        4.288877E+14   1.0958E-06   1.3634E-06   0.80372
FLUX  533   701.00        4.276640E+14   1.1329E-06   1.3716E-06   0.82601
FLUX  534   703.00        4.264474E+14   1.1714E-06   1.3798E-06   0.84898
FLUX  535   705.00        4.252376E+14   1.1152E-06   1.3880E-06   0.80347
FLUX  536   707.00        4.240346E+14   8.8822E-07   1.3961E-06   0.63620
FLUX  537   709.00        4.228385E+14   8.1484E-07   1.4043E-06   0.58024
FLUX  538   711.00        4.216491E+14   8.1094E-07   1.4124E-06   0.57414
FLUX  539   713.00        4.204663E+14   6.8723E-07   1.4205E-06   0.48378
FLUX  540   715.00        4.192902E+14   6.9061E-07   1.4286E-06   0.48340
FLUX  541   717.00        4.181206E+14   7.4416E-07   1.4367E-06   0.51796
FLUX  542   719.00        4.169576E+14   8.4876E-07   1.4448E-06   0.58747
FLUX  543   721.00        4.158010E+14   8.1296E-07   1.4528E-06   0.55958
FLUX  544   723.00        4.146508E+14   9.3139E-07   1.4608E-06   0.63757
FLUX  545   725.00        4.135069E+14   1.0081E-06   1.4690E-06   0.68622
FLUX  546   727.00        4.123693E+14   1.0908E-06   1.4770E-06   0.73853
FLUX  547   729.00        4.112380E+14   1.1479E-06   1.4849E-06   0.77305
FLUX  548   731.00        4.101129E+14   1.2103E-06   1.4932E-06   0.81049
FLUX  549   733.00        4.089939E+14   1.2499E-06   1.5012E-06   0.83262
FLUX  550   735.00        4.078809E+14   1.2962E-06   1.5090E-06   0.85896
FLUX  551   737.00        4.067741E+14   1.3556E-06   1.5169E-06   0.89362
FLUX  552   739.00        4.056732E+14   1.3888E-06   1.5248E-06   0.91083
FLUX  553   741.00        4.045783E+14   1.4088E-06   1.5326E-06   0.91925
FLUX  554   743.00        4.034892E+14   1.4369E-06   1.5404E-06   0.93281
FLUX  555   745.00        4.024060E+14   1.4485E-06   1.5482E-06   0.93558
FLUX  556   747.00        4.013286E+14   1.4731E-06   1.5560E-06   0.94671
FLUX  557   749.00        4.002570E+14   1.4856E-06   1.5637E-06   0.95001
FLUX  558   751.00        3.991911E+14   1.5047E-06   1.5715E-06   0.95750
FLUX  559   753.00        3.981308E+14   1.5225E-06   1.5792E-06   0.96410
FLUX  560   755.00        3.970762E+14   1.5315E-06   1.5869E-06   0.96513
FLUX  561   757.00        3.960271E+14   1.5381E-06   1.5945E-06   0.96459
FLUX  562   759.00        3.949835E+14   1.4700E-06   1.6022E-06   0.91752
FLUX  563   761.00        3.939455E+14   1.4390E-06   1.6098E-06   0.89392
FLUX  564   763.00        3.929128E+14   1.4025E-06   1.6174E-06   0.86712
FLUX  565   765.00        3.918856E+14   1.3881E-06   1.6250E-06   0.85420
FLUX  566   767.00        3.908638E+14   1.2359E-06   1.6325E-06   0.75704
FLUX  567   769.00        3.898472E+14   1.2726E-06   1.6401E-06   0.77593
FLUX  568   771.00        3.888359E+14   1.2363E-06   1.6476E-06   0.75038
FLUX  569   773.00        3.878299E+14   1.3215E-06   1.6551E-06   0.79848
FLUX  570   775.00        3.868290E+14   1.2902E-06   1.6625E-06   0.77607
FLUX  571   777.00        3.858333E+14   1.3013E-06   1.6700E-06   0.77921
FLUX  572   779.00        3.848427E+14   1.3179E-06   1.6774E-06   0.78567
FLUX  573   781.00        3.838572E+14   1.3837E-06   1.6848E-06   0.82125
FLUX  574   783.00        3.828768E+14   1.3639E-06   1.6922E-06   0.80598
FLUX  575   785.00        3.819013E+14   1.3887E-06   1.6995E-06   0.81711
FLUX  576   787.00        3.809307E+14   1.4308E-06   1.7069E-06   0.83827
FLUX  577   789.00        3.799651E+14   1.4852E-06   1.7142E-06   0.86644
FLUX  578   791.00        3.790044E+14   1.4781E-06   1.7215E-06   0.85863
FLUX  579   793.00        3.780485E+14   1.5022E-06   1.7287E-06   0.86897
FLUX  580   795.00        3.770975E+14   1.5195E-06   1.7360E-06   0.87534
FLUX  581   797.00        3.761512E+14   1.5862E-06   1.7432E-06   0.90996
FLUX  582   799.00        3.752096E+14   1.5863E-06   1.7503E-06   0.90627
FLUX  583   801.00        3.742728E+14   1.6108E-06   1.7575E-06   0.91650
FLUX  584   803.00        3.733406E+14   1.6372E-06   1.7646E-06   0.92778
FLUX  585   805.00        3.724130E+14   1.6600E-06   1.7717E-06   0.93692
FLUX  586   807.00        3.714901E+14   1.6679E-06   1.7788E-06   0.93763
FLUX  587   809.00        3.705717E+14   1.6908E-06   1.7859E-06   0.94676
FLUX  588   811.00        3.696578E+14   1.7138E-06   1.7929E-06   0.95589
FLUX  589   813.00        3.687485E+14   1.7405E-06   1.7999E-06   0.96698
FLUX  590   815.00        3.678436E+14   1.7530E-06   1.8069E-06   0.97019
FLUX  591   817.00        3.669431E+14   1.7613E-06   1.8138E-06   0.97106
FLUX  592   819.00        3.660470E+14   1.6164E-06   1.8208E-06   0.88778
FLUX  593   821.00        3.651553E+14   1.6721E-06   1.8277E-06   0.91490
FLUX  594   823.00        3.642679E+14   1.7128E-06   1.8345E-06   0.93366
FLUX  595   825.00        3.633848E+14   1.7280E-06   1.8414E-06   0.93841
FLUX  596   827.00        3.625060E+14   1.7281E-06   1.8482E-06   0.93499
FLUX  597   829.00        3.616315E+14   1.6961E-06   1.8550E-06   0.91429
FLUX  598   831.00        3.607611E+14   1.6930E-06   1.8618E-06   0.90932
FLUX  599   833.00        3.598950E+14   1.6955E-06   1.8686E-06   0.90737
FLUX  600   835.00        3.590329E+14   1.6983E-06   1.8753E-06   0.90560
FLUX  601   837.00        3.581750E+14   1.7040E-06   1.8820E-06   0.90539
FLUX  602   839.00        3.573212E+14   1.6448E-06   1.8887E-06   0.87088
FLUX  603   841.00        3.564715E+14   1.7338E-06   1.8954E-06   0.91478
FLUX  604   843.00        3.556257E+14   1.6541E-06   1.9020E-06   0.86966
FLUX  605   845.00        3.547840E+14   1.6732E-06   1.9086E-06   0.87666
FLUX  606   847.00        3.539463E+14   1.6515E-06   1.9152E-06   0.86230
FLUX  607   849.00        3.531125E+14   1.6817E-06   1.9217E-06   0.87512
FLUX  608   851.00        3.522826E+14   1.6330E-06   1.9283E-06   0.84685
FLUX  609   853.00        3.514566E+14   1.6936E-06   1.9348E-06   0.87535
FLUX  610   855.00        3.506345E+14   1.5677E-06   1.9413E-06   0.80757
FLUX  611   857.00        3.498162E+14   1.7717E-06   1.9477E-06   0.90962
FLUX  612   859.00        3.490017E+14   1.7869E-06   1.9542E-06   0.91443
FLUX  613   861.00        3.481911E+14   1.8086E-06   1.9606E-06   0.92249
FLUX  614   863.00        3.473841E+14   1.8423E-06   1.9670E-06   0.93664
FLUX  615   865.00        3.465809E+14   1.8501E-06   1.9733E-06   0.93755
FLUX  616   867.00        3.457814E+14   1.6845E-06   1.9796E-06   0.85089
FLUX  617   869.00        3.449856E+14   1.8136E-06   1.9860E-06   0.91320
FLUX  618   871.00        3.441935E+14   1.9131E-06   1.9922E-06   0.96026
FLUX  619   873.00        3.434049E+14   1.9194E-06   1.9985E-06   0.96044
FLUX  620   875.00        3.426200E+14   1.9341E-06   2.0047E-06   0.96478
FLUX  621   877.00        3.418387E+14   1.9336E-06   2.0109E-06   0.96155
FLUX  622   879.00        3.410609E+14   1.9643E-06   2.0171E-06   0.97383
FLUX  623   881.00        3.402866E+14   1.9315E-06   2.0233E-06   0.95466
FLUX  624   883.00        3.395159E+14   1.9439E-06   2.0294E-06   0.95786
FLUX  625   885.00        3.387486E+14   1.9732E-06   2.0355E-06   0.96940
FLUX  626   887.00        3.379848E+14   1.7365E-06   2.0416E-06   0.85057
FLUX  627   889.00        3.372244E+14   1.7729E-06   2.0477E-06   0.86582
FLUX  628   891.00        3.364674E+14   1.8269E-06   2.0537E-06   0.88956
FLUX  629   893.00        3.357139E+14   1.8419E-06   2.0597E-06   0.89423
FLUX  630   895.00        3.349637E+14   1.8107E-06   2.0657E-06   0.87656
FLUX  631   897.00        3.342168E+14   1.8413E-06   2.0717E-06   0.88881
FLUX  632   899.00        3.334733E+14   1.8915E-06   2.0776E-06   0.91042
FLUX  633   901.00        3.327331E+14   1.8748E-06   2.0835E-06   0.89980
FLUX  634   903.00        3.319961E+14   1.9185E-06   2.0894E-06   0.91821
FLUX  635   905.00        3.312624E+14   1.9609E-06   2.0953E-06   0.93585
FLUX  636   907.00        3.305320E+14   1.9914E-06   2.1011E-06   0.94778
FLUX  637   909.00        3.298047E+14   1.9792E-06   2.1069E-06   0.93938
FLUX  638   911.00        3.290807E+14   1.9981E-06   2.1127E-06   0.94576
FLUX  639   913.00        3.283598E+14   2.0368E-06   2.1184E-06   0.96145
FLUX  640   915.00        3.276421E+14   2.0512E-06   2.1242E-06   0.96566
FLUX  641   917.00        3.269275E+14   2.0649E-06   2.1299E-06   0.96949
FLUX  642   919.00        3.262160E+14   2.0832E-06   2.1356E-06   0.97547
FLUX  643   921.00        3.255076E+14   2.0750E-06   2.1412E-06   0.96909
FLUX  644   923.00        3.248023E+14   2.0757E-06   2.1469E-06   0.96683
FLUX  645   925.00        3.241000E+14   2.0682E-06   2.1525E-06   0.96082
FLUX  646   927.00        3.234008E+14   2.0830E-06   2.1581E-06   0.96518
FLUX  647   929.00        3.227045E+14   2.0690E-06   2.1637E-06   0.95623
FLUX  648   931.00        3.220113E+14   2.0895E-06   2.1693E-06   0.96323
FLUX  649   933.00        3.213210E+14   2.0987E-06   2.1748E-06   0.96503
FLUX  650   935.00        3.206337E+14   2.1082E-06   2.1803E-06   0.96693
FLUX  651   937.00        3.199493E+14   2.0947E-06   2.1858E-06   0.95830
FLUX  652   939.00        3.192678E+14   2.1178E-06   2.1913E-06   0.96649
FLUX  653   941.00        3.185893E+14   2.1146E-06   2.1967E-06   0.96261
FLUX  654   943.00        3.179136E+14   2.1372E-06   2.2021E-06   0.97050
FLUX  655   945.00        3.172407E+14   2.1184E-06   2.2075E-06   0.95963
FLUX  656   947.00        3.165707E+14   2.1510E-06   2.2129E-06   0.97204
FLUX  657   949.00        3.159036E+14   2.1672E-06   2.2183E-06   0.97697
FLUX  658   951.00        3.152392E+14   2.1705E-06   2.2236E-06   0.97612
FLUX  659   953.00        3.145776E+14   2.1702E-06   2.2289E-06   0.97365
FLUX  660   955.00        3.139188E+14   2.1513E-06   2.2342E-06   0.96289
FLUX  661   957.00        3.132628E+14   2.1804E-06   2.2395E-06   0.97361
FLUX  662   959.00        3.126095E+14   2.2053E-06   2.2447E-06   0.98246
FLUX  663   961.00        3.119589E+14   2.1796E-06   2.2499E-06   0.96876
FLUX  664   963.00        3.113110E+14   2.2105E-06   2.2551E-06   0.98021
FLUX  665   965.00        3.106658E+14   2.1340E-06   2.2603E-06   0.94415
FLUX  666   967.00        3.100233E+14   2.1558E-06   2.2654E-06   0.95160
FLUX  667   969.00        3.093834E+14   2.2088E-06   2.2705E-06   0.97279
FLUX  668   971.00        3.087461E+14   2.1962E-06   2.2757E-06   0.96507
FLUX  669   973.00        3.081115E+14   2.1671E-06   2.2807E-06   0.95019
FLUX  670   975.00        3.074795E+14   2.1635E-06   2.2858E-06   0.94651
FLUX  671   977.00        3.068500E+14   2.1947E-06   2.2908E-06   0.95802
FLUX  672   979.00        3.062232E+14   2.1604E-06   2.2958E-06   0.94102
FLUX  673   981.00        3.055989E+14   2.2217E-06   2.3008E-06   0.96562
FLUX  674   983.00        3.049771E+14   2.1931E-06   2.3058E-06   0.95113
FLUX  675   985.00        3.043579E+14   2.2266E-06   2.3108E-06   0.96358
FLUX  676   987.00        3.037411E+14   2.2402E-06   2.3157E-06   0.96740
FLUX  677   989.00        3.031269E+14   2.2500E-06   2.3206E-06   0.96958
FLUX  678   991.00        3.025151E+14   2.2377E-06   2.3255E-06   0.96226
FLUX  679   993.00        3.019058E+14   2.2457E-06   2.3304E-06   0.96366
FLUX  680   995.00        3.012990E+14   2.2602E-06   2.3352E-06   0.96789
FLUX  681   997.00        3.006946E+14   2.2747E-06   2.3401E-06   0.97207
FLUX  682   999.00        3.000926E+14   2.2807E-06   2.3449E-06   0.97264
FLUX  683  1002.50        2.990449E+14   2.2774E-06   2.3532E-06   0.96776
FLUX  684  1007.50        2.975608E+14   2.2963E-06   2.3651E-06   0.97090
FLUX  685  1012.50        2.960914E+14   2.3210E-06   2.3768E-06   0.97649
FLUX  686  1017.50        2.946364E+14   2.3302E-06   2.3885E-06   0.97562
FLUX  687  1022.50        2.931956E+14   2.3501E-06   2.4000E-06   0.97922
FLUX  688  1027.50        2.917689E+14   2.3715E-06   2.4114E-06   0.98345
FLUX  689  1032.50        2.903559E+14   2.3647E-06   2.4227E-06   0.97605
FLUX  690  1037.50        2.889566E+14   2.3882E-06   2.4339E-06   0.98124
FLUX  691  1042.50        2.875707E+14   2.4158E-06   2.4450E-06   0.98806
FLUX  692  1047.50        2.861981E+14   2.4169E-06   2.4559E-06   0.98412
FLUX  693  1052.50        2.848385E+14   2.4427E-06   2.4668E-06   0.99024
FLUX  694  1057.50        2.834917E+14   2.4427E-06   2.4775E-06   0.98595
FLUX  695  1062.50        2.821576E+14   2.4638E-06   2.4881E-06   0.99025
FLUX  696  1067.50        2.808361E+14   2.4592E-06   2.4986E-06   0.98422
FLUX  697  1072.50        2.795268E+14   2.4721E-06   2.5090E-06   0.98527
FLUX  698  1077.50        2.782297E+14   2.4892E-06   2.5194E-06   0.98804
FLUX  699  1082.50        2.769446E+14   2.4712E-06   2.5297E-06   0.97688
FLUX  700  1087.50        2.756713E+14   2.5034E-06   2.5399E-06   0.98562
FLUX  701  1092.50        2.744096E+14   2.5146E-06   2.5500E-06   0.98613
FLUX  702  1097.50        2.731595E+14   2.5057E-06   2.5600E-06   0.97877
FLUX  703  1102.50        2.719206E+14   2.5099E-06   2.5700E-06   0.97660
FLUX  704  1107.50        2.706930E+14   2.5165E-06   2.5798E-06   0.97543
FLUX  705  1112.50        2.694764E+14   2.5242E-06   2.5896E-06   0.97474
FLUX  706  1117.50        2.682707E+14   2.5299E-06   2.5993E-06   0.97330
FLUX  707  1122.50        2.670757E+14   2.5529E-06   2.6089E-06   0.97854
FLUX  708  1127.50        2.658913E+14   2.5354E-06   2.6185E-06   0.96826
FLUX  709  1132.50        2.647174E+14   2.5583E-06   2.6280E-06   0.97348
FLUX  710  1137.50        2.635538E+14   2.5376E-06   2.6375E-06   0.96214
FLUX  711  1142.50        2.624004E+14   2.5336E-06   2.6469E-06   0.95720
FLUX  712  1147.50        2.612571E+14   2.6000E-06   2.6562E-06   0.97882
FLUX  713  1152.50        2.601236E+14   2.6147E-06   2.6655E-06   0.98093
FLUX  714  1157.50        2.590000E+14   2.6162E-06   2.6748E-06   0.97811
FLUX  715  1162.50        2.578860E+14   2.5957E-06   2.6840E-06   0.96711
FLUX  716  1167.50        2.567816E+14   2.6169E-06   2.6931E-06   0.97167
FLUX  717  1172.50        2.556866E+14   2.6565E-06   2.7023E-06   0.98304
FLUX  718  1177.50        2.546008E+14   2.6207E-06   2.7114E-06   0.96656
FLUX  719  1182.50        2.535243E+14   2.6385E-06   2.7204E-06   0.96987
FLUX  720  1187.50        2.524568E+14   2.6327E-06   2.7295E-06   0.96456
FLUX  721  1192.50        2.513983E+14   2.6893E-06   2.7385E-06   0.98205
FLUX  722  1197.50        2.503486E+14   2.6325E-06   2.7474E-06   0.95817
FLUX  723  1202.50        2.493077E+14   2.7003E-06   2.7564E-06   0.97967
FLUX  724  1207.50        2.482754E+14   2.6980E-06   2.7653E-06   0.97565
FLUX  725  1212.50        2.472515E+14   2.7295E-06   2.7742E-06   0.98391
FLUX  726  1217.50        2.462361E+14   2.7443E-06   2.7830E-06   0.98611
FLUX  727  1222.50        2.452290E+14   2.7533E-06   2.7918E-06   0.98620
FLUX  728  1227.50        2.442301E+14   2.7583E-06   2.8006E-06   0.98488
FLUX  729  1232.50        2.432393E+14   2.7655E-06   2.8095E-06   0.98436
FLUX  730  1237.50        2.422566E+14   2.7794E-06   2.8183E-06   0.98618
FLUX  731  1242.50        2.412817E+14   2.7766E-06   2.8272E-06   0.98209
FLUX  732  1247.50        2.403146E+14   2.7960E-06   2.8362E-06   0.98585
FLUX  733  1252.50        2.393553E+14   2.7955E-06   2.8451E-06   0.98257
FLUX  734  1257.50        2.384036E+14   2.8125E-06   2.8541E-06   0.98542
FLUX  735  1262.50        2.374594E+14   2.8193E-06   2.8631E-06   0.98469
FLUX  736  1267.50        2.365227E+14   2.8169E-06   2.8722E-06   0.98076
FLUX  737  1272.50        2.355933E+14   2.8414E-06   2.8813E-06   0.98616
FLUX  738  1277.50        2.346712E+14   2.8550E-06   2.8904E-06   0.98773
FLUX  739  1282.50        2.337563E+14   2.8148E-06   2.8997E-06   0.97074
FLUX  740  1287.50        2.328485E+14   2.8618E-06   2.9089E-06   0.98380
FLUX  741  1292.50        2.319478E+14   2.8502E-06   2.9182E-06   0.97672
FLUX  742  1297.50        2.310539E+14   2.8915E-06   2.9275E-06   0.98769
FLUX  743  1302.50        2.301670E+14   2.8936E-06   2.9369E-06   0.98523
FLUX  744  1307.50        2.292868E+14   2.9041E-06   2.9464E-06   0.98564
FLUX  745  1312.50        2.284133E+14   2.8444E-06   2.9560E-06   0.96226
FLUX  746  1317.50        2.275465E+14   2.8781E-06   2.9656E-06   0.97047
FLUX  747  1322.50        2.266862E+14   2.9248E-06   2.9754E-06   0.98299
FLUX  748  1327.50        2.258324E+14   2.9002E-06   2.9853E-06   0.97151
FLUX  749  1332.50        2.249850E+14   2.8248E-06   2.9952E-06   0.94311
FLUX  750  1337.50        2.241439E+14   2.7492E-06   3.0052E-06   0.91483
FLUX  751  1342.50        2.233091E+14   2.7293E-06   3.0154E-06   0.90513
FLUX  752  1347.50        2.224805E+14   2.7937E-06   3.0256E-06   0.92333
FLUX  753  1352.50        2.216580E+14   2.7581E-06   3.0361E-06   0.90842
FLUX  754  1357.50        2.208416E+14   2.7789E-06   3.0467E-06   0.91208
FLUX  755  1362.50        2.200312E+14   2.7640E-06   3.0574E-06   0.90403
FLUX  756  1367.50        2.192267E+14   2.8244E-06   3.0684E-06   0.92048
FLUX  757  1372.50        2.184280E+14   2.8431E-06   3.0794E-06   0.92325
FLUX  758  1377.50        2.176352E+14   2.8614E-06   3.0907E-06   0.92582
FLUX  759  1382.50        2.168481E+14   2.8677E-06   3.1021E-06   0.92442
FLUX  760  1387.50        2.160667E+14   2.8276E-06   3.1137E-06   0.90810
FLUX  761  1392.50        2.152908E+14   2.6954E-06   3.1254E-06   0.86241
FLUX  762  1397.50        2.145206E+14   2.7416E-06   3.1374E-06   0.87383
FLUX  763  1402.50        2.137558E+14   2.7831E-06   3.1496E-06   0.88362
FLUX  764  1407.50        2.129964E+14   2.7972E-06   3.1621E-06   0.88459
FLUX  765  1412.50        2.122425E+14   2.7476E-06   3.1748E-06   0.86543
FLUX  766  1417.50        2.114938E+14   2.7676E-06   3.1877E-06   0.86819
FLUX  767  1422.50        2.107504E+14   2.7829E-06   3.2008E-06   0.86943
FLUX  768  1427.50        2.100123E+14   2.7286E-06   3.2142E-06   0.84894
FLUX  769  1432.50        2.092792E+14   2.8070E-06   3.2278E-06   0.86963
FLUX  770  1437.50        2.085513E+14   2.8072E-06   3.2417E-06   0.86596
FLUX  771  1442.50        2.078284E+14   2.8238E-06   3.2559E-06   0.86727
FLUX  772  1447.50        2.071105E+14   2.8422E-06   3.2705E-06   0.86904
FLUX  773  1452.50        2.063976E+14   2.8331E-06   3.2854E-06   0.86233
FLUX  774  1457.00        2.057601E+14   2.8440E-06   3.2991E-06   0.86205
FLUX  775  1462.00        2.050564E+14   2.7714E-06   3.3146E-06   0.83613
FLUX  776  1467.50        2.042879E+14   2.7898E-06   3.3321E-06   0.83725
FLUX  777  1472.50        2.035942E+14   2.8399E-06   3.3484E-06   0.84813
FLUX  778  1477.50        2.029052E+14   2.8281E-06   3.3650E-06   0.84046
FLUX  779  1482.50        2.022209E+14   2.8577E-06   3.3818E-06   0.84501
FLUX  780  1487.50        2.015412E+14   2.8346E-06   3.3990E-06   0.83397
FLUX  781  1492.50        2.008660E+14   2.9255E-06   3.4165E-06   0.85628
FLUX  782  1497.50        2.001953E+14   2.9631E-06   3.4346E-06   0.86273
FLUX  783  1502.50        1.995291E+14   2.8173E-06   3.4531E-06   0.81589
FLUX  784  1507.50        1.988673E+14   2.9281E-06   3.4720E-06   0.84334
FLUX  785  1512.50        1.982099E+14   2.9868E-06   3.4912E-06   0.85552
FLUX  786  1517.50        1.975568E+14   3.0024E-06   3.5108E-06   0.85519
FLUX  787  1522.50        1.969080E+14   3.0618E-06   3.5307E-06   0.86719
FLUX  788  1527.50        1.962635E+14   3.0306E-06   3.5509E-06   0.85347
FLUX  789  1532.50        1.956232E+14   3.0858E-06   3.5714E-06   0.86402
FLUX  790  1537.50        1.949870E+14   3.0594E-06   3.5922E-06   0.85168
FLUX  791  1542.50        1.943549E+14   3.0341E-06   3.6133E-06   0.83972
FLUX  792  1547.50        1.937270E+14   3.1594E-06   3.6347E-06   0.86923
FLUX  793  1552.50        1.931031E+14   3.1144E-06   3.6565E-06   0.85174
FLUX  794  1557.50        1.924831E+14   3.1382E-06   3.6785E-06   0.85312
FLUX  795  1562.50        1.918672E+14   3.2112E-06   3.7004E-06   0.86781
FLUX  796  1567.50        1.912552E+14   3.2010E-06   3.7222E-06   0.85998
FLUX  797  1572.50        1.906471E+14   3.1941E-06   3.7439E-06   0.85314
FLUX  798  1577.50        1.900428E+14   3.1315E-06   3.7655E-06   0.83161
FLUX  799  1582.50        1.894423E+14   3.2761E-06   3.7870E-06   0.86509
FLUX  800  1587.50        1.888457E+14   3.2431E-06   3.8079E-06   0.85168
FLUX  801  1592.50        1.882527E+14   3.3171E-06   3.8284E-06   0.86643
FLUX  802  1597.50        1.876635E+14   3.3659E-06   3.8484E-06   0.87463
FLUX  803  1605.00        1.867866E+14   3.3723E-06   3.8763E-06   0.87000
FLUX  804  1615.00        1.856300E+14   3.3840E-06   3.9081E-06   0.86591
FLUX  805  1625.00        1.844877E+14   3.4048E-06   3.9319E-06   0.86594
FLUX  806  1635.00        1.833593E+14   3.4802E-06   3.9411E-06   0.88305
FLUX  807  1645.00        1.822447E+14   3.5011E-06   3.9287E-06   0.89115
FLUX  808  1655.00        1.811435E+14   3.5538E-06   3.9013E-06   0.91094
FLUX  809  1665.00        1.800556E+14   3.5294E-06   3.8741E-06   0.91104
FLUX  810  1675.00        1.789806E+14   3.4556E-06   3.8471E-06   0.89823
FLUX  811  1685.00        1.779184E+14   3.5034E-06   3.8203E-06   0.91703
FLUX  812  1695.00        1.768687E+14   3.4912E-06   3.7938E-06   0.92024
FLUX  813  1705.00        1.758314E+14   3.4216E-06   3.7675E-06   0.90821
FLUX  814  1715.00        1.748061E+14   3.2896E-06   3.7414E-06   0.87925
FLUX  815  1725.00        1.737928E+14   3.2895E-06   3.7155E-06   0.88533
FLUX  816  1735.00        1.727911E+14   3.2228E-06   3.6899E-06   0.87341
FLUX  817  1745.00        1.718009E+14   3.1787E-06   3.6645E-06   0.86743
FLUX  818  1755.00        1.708219E+14   3.0699E-06   3.6394E-06   0.84352
FLUX  819  1765.00        1.698541E+14   3.0239E-06   3.6144E-06   0.83661
FLUX  820  1775.00        1.688972E+14   2.9243E-06   3.5898E-06   0.81463
FLUX  821  1785.00        1.679510E+14   2.8631E-06   3.5653E-06   0.80306
FLUX  822  1795.00        1.670153E+14   2.8332E-06   3.5410E-06   0.80010
FLUX  823  1805.00        1.660900E+14   2.7454E-06   3.5170E-06   0.78062
FLUX  824  1815.00        1.651749E+14   2.7303E-06   3.4932E-06   0.78162
FLUX  825  1825.00        1.642699E+14   2.7082E-06   3.4695E-06   0.78058
FLUX  826  1835.00        1.633747E+14   2.6866E-06   3.4460E-06   0.77963
FLUX  827  1845.00        1.624892E+14   2.5641E-06   3.4226E-06   0.74915
FLUX  828  1855.00        1.616132E+14   2.5167E-06   3.3995E-06   0.74031
FLUX  829  1865.00        1.607466E+14   2.5236E-06   3.3766E-06   0.74738
FLUX  830  1875.00        1.598893E+14   2.4974E-06   3.3538E-06   0.74463
FLUX  831  1885.00        1.590411E+14   2.5822E-06   3.3313E-06   0.77514
FLUX  832  1895.00        1.582018E+14   2.5255E-06   3.3090E-06   0.76322
FLUX  833  1905.00        1.573714E+14   2.5790E-06   3.2869E-06   0.78463
FLUX  834  1915.00        1.565496E+14   2.5695E-06   3.2650E-06   0.78700
FLUX  835  1925.00        1.557364E+14   2.5651E-06   3.2432E-06   0.79092
FLUX  836  1935.00        1.549315E+14   2.5053E-06   3.2217E-06   0.77764
FLUX  837  1945.00        1.541350E+14   2.4934E-06   3.2003E-06   0.77909
FLUX  838  1955.00        1.533465E+14   2.5317E-06   3.1792E-06   0.79635
FLUX  839  1965.00        1.525662E+14   2.5258E-06   3.1582E-06   0.79977
FLUX  840  1975.00        1.517937E+14   2.4269E-06   3.1374E-06   0.77354
FLUX  841  1985.00        1.510290E+14   2.4002E-06   3.1168E-06   0.77008
FLUX  842  1995.00        1.502719E+14   2.3879E-06   3.0963E-06   0.77119
FLUX  843  2005.00        1.495224E+14   2.4155E-06   3.0761E-06   0.78527
FLUX  844  2015.00        1.487804E+14   2.3793E-06   3.0560E-06   0.77859
FLUX  845  2025.00        1.480457E+14   2.3572E-06   3.0361E-06   0.77640
FLUX  846  2035.00        1.473182E+14   2.3652E-06   3.0163E-06   0.78414
FLUX  847  2045.00        1.465978E+14   2.3512E-06   2.9968E-06   0.78459
FLUX  848  2055.00        1.458844E+14   2.3607E-06   2.9774E-06   0.79289
FLUX  849  2065.00        1.451780E+14   2.3144E-06   2.9581E-06   0.78237
FLUX  850  2075.00        1.444783E+14   2.3410E-06   2.9391E-06   0.79650
FLUX  851  2085.00        1.437854E+14   2.3099E-06   2.9202E-06   0.79102
FLUX  852  2095.00        1.430990E+14   2.3242E-06   2.9015E-06   0.80104
FLUX  853  2105.00        1.424192E+14   2.3346E-06   2.8829E-06   0.80980
FLUX  854  2115.00        1.417459E+14   2.3354E-06   2.8645E-06   0.81530
FLUX  855  2125.00        1.410788E+14   2.3416E-06   2.8463E-06   0.82268
FLUX  856  2135.00        1.404180E+14   2.3607E-06   2.8282E-06   0.83471
FLUX  857  2145.00        1.397634E+14   2.3672E-06   2.8103E-06   0.84233
FLUX  858  2155.00        1.391148E+14   2.3790E-06   2.7925E-06   0.85192
FLUX  859  2165.00        1.384723E+14   2.4044E-06   2.7749E-06   0.86648
FLUX  860  2175.00        1.378356E+14   2.3811E-06   2.7575E-06   0.86352
FLUX  861  2185.00        1.372048E+14   2.4027E-06   2.7402E-06   0.87684
FLUX  862  2195.00        1.365797E+14   2.4115E-06   2.7230E-06   0.88560
FLUX  863  2205.00        1.359603E+14   2.3544E-06   2.7060E-06   0.87007
FLUX  864  2215.00        1.353465E+14   2.4356E-06   2.6892E-06   0.90571
FLUX  865  2225.00        1.347382E+14   2.4000E-06   2.6725E-06   0.89804
FLUX  866  2235.00        1.341353E+14   2.4208E-06   2.6559E-06   0.91150
FLUX  867  2245.00        1.335379E+14   2.4283E-06   2.6395E-06   0.92001
FLUX  868  2255.00        1.329457E+14   2.4278E-06   2.6232E-06   0.92552
FLUX  869  2265.00        1.323587E+14   2.3889E-06   2.6070E-06   0.91633
FLUX  870  2275.00        1.317769E+14   2.4167E-06   2.5910E-06   0.93273
FLUX  871  2285.00        1.312002E+14   2.3925E-06   2.5752E-06   0.92906
FLUX  872  2295.00        1.306285E+14   2.2278E-06   2.5595E-06   0.87041
FLUX  873  2305.00        1.300618E+14   2.2898E-06   2.5439E-06   0.90012
FLUX  874  2315.00        1.295000E+14   2.2783E-06   2.5284E-06   0.90106
FLUX  875  2325.00        1.289430E+14   2.1237E-06   2.5131E-06   0.84503
FLUX  876  2335.00        1.283908E+14   2.1489E-06   2.4980E-06   0.86026
FLUX  877  2345.00        1.278433E+14   2.1822E-06   2.4829E-06   0.87889
FLUX  878  2355.00        1.273004E+14   2.0246E-06   2.4680E-06   0.82034
FLUX  879  2365.00        1.267622E+14   2.1046E-06   2.4531E-06   0.85794
FLUX  880  2375.00        1.262284E+14   2.1126E-06   2.4385E-06   0.86635
FLUX  881  2385.00        1.256992E+14   1.9407E-06   2.4239E-06   0.80064
FLUX  882  2395.00        1.251743E+14   1.9935E-06   2.4095E-06   0.82734
FLUX  883  2405.00        1.246538E+14   1.9195E-06   2.3952E-06   0.80139
FLUX  884  2415.00        1.241377E+14   1.8341E-06   2.3810E-06   0.77029
FLUX  885  2425.00        1.236258E+14   1.8281E-06   2.3669E-06   0.77234
FLUX  886  2435.00        1.231181E+14   1.7838E-06   2.3530E-06   0.75811
FLUX  887  2445.00        1.226145E+14   1.7099E-06   2.3391E-06   0.73100
FLUX  888  2455.00        1.221151E+14   1.6695E-06   2.3254E-06   0.71796
FLUX  889  2465.00        1.216197E+14   1.6427E-06   2.3117E-06   0.71061
FLUX  890  2475.00        1.211283E+14   1.6007E-06   2.2982E-06   0.69648
FLUX  891  2485.00        1.206408E+14   1.5494E-06   2.2848E-06   0.67814
FLUX  892  2495.00        1.201573E+14   1.5501E-06   2.2715E-06   0.68240
FLUX  893  2505.00        1.196776E+14   1.5233E-06   2.2583E-06   0.67450
FLUX  894  2515.00        1.192018E+14   1.4741E-06   2.2453E-06   0.65656
FLUX  895  2525.00        1.187297E+14   1.4350E-06   2.2323E-06   0.64282
FLUX  896  2535.00        1.182613E+14   1.4463E-06   2.2194E-06   0.65167
FLUX  897  2545.00        1.177967E+14   1.4410E-06   2.2067E-06   0.65301
FLUX  898  2555.00        1.173356E+14   1.4502E-06   2.1940E-06   0.66096
FLUX  899  2565.00        1.168782E+14   1.3975E-06   2.1815E-06   0.64061
FLUX  900  2575.00        1.164243E+14   1.4365E-06   2.1690E-06   0.66227
FLUX  901  2585.00        1.159739E+14   1.4403E-06   2.1567E-06   0.66785
FLUX  902  2595.00        1.155270E+14   1.4367E-06   2.1445E-06   0.66995
FLUX  903  2605.00        1.150835E+14   1.4484E-06   2.1323E-06   0.67926
FLUX  904  2615.00        1.146434E+14   1.4909E-06   2.1203E-06   0.70317
FLUX  905  2625.00        1.142067E+14   1.4818E-06   2.1083E-06   0.70282
FLUX  906  2635.00        1.137732E+14   1.4908E-06   2.0964E-06   0.71112
FLUX  907  2645.00        1.133431E+14   1.4639E-06   2.0847E-06   0.70222
FLUX  908  2655.00        1.129162E+14   1.5064E-06   2.0730E-06   0.72670
FLUX  909  2665.00        1.124925E+14   1.4915E-06   2.0614E-06   0.72354
FLUX  910  2675.00        1.120720E+14   1.4631E-06   2.0499E-06   0.71372
FLUX  911  2685.00        1.116546E+14   1.4652E-06   2.0385E-06   0.71878
FLUX  912  2695.00        1.112403E+14   1.4076E-06   2.0272E-06   0.69437
FLUX  913  2705.00        1.108290E+14   1.4259E-06   2.0160E-06   0.70727
FLUX  914  2715.00        1.104208E+14   1.3804E-06   2.0049E-06   0.68852
FLUX  915  2725.00        1.100156E+14   1.3440E-06   1.9938E-06   0.67409
FLUX  916  2735.00        1.096133E+14   1.3471E-06   1.9829E-06   0.67935
FLUX  917  2745.00        1.092140E+14   1.3538E-06   1.9720E-06   0.68650
FLUX  918  2755.00        1.088176E+14   1.3137E-06   1.9612E-06   0.66986
FLUX  919  2765.00        1.084240E+14   1.3049E-06   1.9505E-06   0.66898
FLUX  920  2775.00        1.080333E+14   1.3118E-06   1.9399E-06   0.67623
FLUX  921  2785.00        1.076454E+14   1.2746E-06   1.9294E-06   0.66064
FLUX  922  2795.00        1.072603E+14   1.3054E-06   1.9189E-06   0.68030
FLUX  923  2805.00        1.068779E+14   1.2209E-06   1.9085E-06   0.63968
FLUX  924  2815.00        1.064982E+14   1.2492E-06   1.8982E-06   0.65811
FLUX  925  2825.00        1.061212E+14   1.2377E-06   1.8880E-06   0.65556
FLUX  926  2835.00        1.057469E+14   1.2323E-06   1.8779E-06   0.65623
FLUX  927  2845.00        1.053752E+14   1.2458E-06   1.8678E-06   0.66698
FLUX  928  2855.00        1.050061E+14   1.2113E-06   1.8578E-06   0.65201
FLUX  929  2865.00        1.046396E+14   1.2334E-06   1.8479E-06   0.66745
FLUX  930  2875.00        1.042757E+14   1.2262E-06   1.8381E-06   0.66709
FLUX  931  2885.00        1.039142E+14   1.2077E-06   1.8283E-06   0.66052
FLUX  932  2895.00        1.035553E+14   1.2304E-06   1.8187E-06   0.67655
FLUX  933  2905.00        1.031988E+14   1.1763E-06   1.8091E-06   0.65025
FLUX  934  2915.00        1.028448E+14   1.2282E-06   1.7995E-06   0.68253
FLUX  935  2925.00        1.024932E+14   1.1279E-06   1.7901E-06   0.63010
FLUX  936  2935.00        1.021440E+14   1.2210E-06   1.7807E-06   0.68569
FLUX  937  2945.00        1.017971E+14   1.1170E-06   1.7713E-06   0.63061
FLUX  938  2955.00        1.014526E+14   1.1802E-06   1.7621E-06   0.66978
FLUX  939  2965.00        1.011105E+14   1.1324E-06   1.7529E-06   0.64599
FLUX  940  2975.00        1.007706E+14   1.1714E-06   1.7438E-06   0.67178
FLUX  941  2985.00        1.004330E+14   1.1148E-06   1.7347E-06   0.64261
FLUX  942  2995.00        1.000977E+14   1.1689E-06   1.7258E-06   0.67735
FLUX  943  3005.00        9.976456E+13   1.0990E-06   1.7168E-06   0.64010
FLUX  944  3015.00        9.943366E+13   1.1728E-06   1.7080E-06   0.68667
FLUX  945  3025.00        9.910496E+13   1.0959E-06   1.6992E-06   0.64495
FLUX  946  3035.00        9.877842E+13   1.1431E-06   1.6905E-06   0.67617
FLUX  947  3045.00        9.845402E+13   1.1004E-06   1.6818E-06   0.65429
FLUX  948  3055.00        9.813175E+13   1.1308E-06   1.6732E-06   0.67584
FLUX  949  3065.00        9.781158E+13   1.1239E-06   1.6646E-06   0.67514
FLUX  950  3075.00        9.749349E+13   1.1126E-06   1.6562E-06   0.67181
FLUX  951  3085.00        9.717747E+13   1.0995E-06   1.6477E-06   0.66731
FLUX  952  3095.00        9.686349E+13   1.0853E-06   1.6394E-06   0.66200
FLUX  953  3105.00        9.655153E+13   1.1162E-06   1.6311E-06   0.68434
FLUX  954  3115.00        9.624157E+13   1.0866E-06   1.6228E-06   0.66956
FLUX  955  3125.00        9.593360E+13   1.1132E-06   1.6146E-06   0.68945
FLUX  956  3135.00        9.562759E+13   1.0830E-06   1.6065E-06   0.67410
FLUX  957  3145.00        9.532353E+13   1.0985E-06   1.5985E-06   0.68721
FLUX  958  3155.00        9.502139E+13   1.0843E-06   1.5905E-06   0.68173
FLUX  959  3165.00        9.472117E+13   1.1070E-06   1.5825E-06   0.69952
FLUX  960  3175.00        9.442283E+13   1.0818E-06   1.5746E-06   0.68705
FLUX  961  3185.00        9.412637E+13   1.1026E-06   1.5668E-06   0.70372
FLUX  962  3195.00        9.383177E+13   1.0830E-06   1.5590E-06   0.69470
FLUX  963  3210.00        9.339330E+13   1.1021E-06   1.5475E-06   0.71222
FLUX  964  3230.00        9.281501E+13   1.0941E-06   1.5322E-06   0.71403
FLUX  965  3250.00        9.224385E+13   1.0999E-06   1.5172E-06   0.72492
FLUX  966  3270.00        9.167966E+13   1.0973E-06   1.5024E-06   0.73033
FLUX  967  3290.00        9.112234E+13   1.1002E-06   1.4878E-06   0.73944
FLUX  968  3310.00        9.057175E+13   1.1083E-06   1.4735E-06   0.75218
FLUX  969  3330.00        9.002778E+13   1.1053E-06   1.4593E-06   0.75743
FLUX  970  3350.00        8.949030E+13   1.1055E-06   1.4453E-06   0.76494
FLUX  971  3370.00        8.895920E+13   1.1144E-06   1.4315E-06   0.77853
FLUX  972  3390.00        8.843436E+13   1.1089E-06   1.4179E-06   0.78206
FLUX  973  3410.00        8.791569E+13   1.1110E-06   1.4044E-06   0.79103
FLUX  974  3430.00        8.740306E+13   1.1283E-06   1.3912E-06   0.81102
FLUX  975  3450.00        8.689638E+13   1.1037E-06   1.3782E-06   0.80087
FLUX  976  3470.00        8.639553E+13   1.1286E-06   1.3653E-06   0.82666
FLUX  977  3490.00        8.590043E+13   1.1148E-06   1.3526E-06   0.82422
FLUX  978  3510.00        8.541097E+13   1.1171E-06   1.3401E-06   0.83361
FLUX  979  3530.00        8.492705E+13   1.1096E-06   1.3277E-06   0.83573
FLUX  980  3550.00        8.444859E+13   1.1197E-06   1.3155E-06   0.85115
FLUX  981  3570.00        8.397549E+13   1.1067E-06   1.3035E-06   0.84908
FLUX  982  3590.00        8.350766E+13   1.1092E-06   1.2916E-06   0.85882
FLUX  983  3610.00        8.304501E+13   1.1143E-06   1.2799E-06   0.87062
FLUX  984  3630.00        8.258746E+13   1.1028E-06   1.2683E-06   0.86948
FLUX  985  3650.00        8.213493E+13   1.1005E-06   1.2569E-06   0.87561
FLUX  986  3670.00        8.168733E+13   1.0990E-06   1.2456E-06   0.88231
FLUX  987  3690.00        8.124458E+13   1.0954E-06   1.2345E-06   0.88736
FLUX  988  3710.00        8.080660E+13   1.0881E-06   1.2235E-06   0.88929
FLUX  989  3730.00        8.037332E+13   1.0872E-06   1.2127E-06   0.89655
FLUX  990  3750.00        7.994467E+13   1.0930E-06   1.2020E-06   0.90929
FLUX  991  3770.00        7.952056E+13   1.0742E-06   1.1914E-06   0.90159
FLUX  992  3790.00        7.910092E+13   1.0859E-06   1.1810E-06   0.91948
FLUX  993  3810.00        7.868569E+13   1.0721E-06   1.1707E-06   0.91575
FLUX  994  3830.00        7.827480E+13   1.0624E-06   1.1606E-06   0.91542
FLUX  995  3850.00        7.786818E+13   1.0622E-06   1.1505E-06   0.92318
FLUX  996  3870.00        7.746576E+13   1.0583E-06   1.1406E-06   0.92782
FLUX  997  3890.00        7.706748E+13   1.0444E-06   1.1309E-06   0.92351
FLUX  998  3910.00        7.667327E+13   1.0394E-06   1.1212E-06   0.92700
FLUX  999  3930.00        7.628308E+13   1.0332E-06   1.1117E-06   0.92940
FLUX 1000  3950.00        7.589683E+13   1.0262E-06   1.1022E-06   0.93105
FLUX 1001  3970.00        7.551448E+13   1.0138E-06   1.0929E-06   0.92758
FLUX 1002  3990.00        7.513596E+13   9.8567E-07   1.0837E-06   0.90951
FLUX 1003  4010.00        7.476122E+13   9.8763E-07   1.0747E-06   0.91900
FLUX 1004  4030.00        7.439020E+13   9.7962E-07   1.0657E-06   0.91922
FLUX 1005  4050.00        7.402284E+13   9.5223E-07   1.0569E-06   0.90101
FLUX 1006  4070.00        7.365909E+13   9.4031E-07   1.0481E-06   0.89715
FLUX 1007  4090.00        7.329890E+13   9.2610E-07   1.0395E-06   0.89095
FLUX 1008  4110.00        7.294221E+13   9.2573E-07   1.0309E-06   0.89797
FLUX 1009  4130.00        7.258898E+13   9.1198E-07   1.0225E-06   0.89192
FLUX 1010  4150.00        7.223916E+13   9.1117E-07   1.0142E-06   0.89845
FLUX 1011  4170.00        7.189269E+13   8.8836E-07   1.0059E-06   0.88314
FLUX 1012  4190.00        7.154952E+13   8.9244E-07   9.9778E-07   0.89442
FLUX 1013  4210.00        7.120962E+13   8.7575E-07   9.8974E-07   0.88483
FLUX 1014  4230.00        7.087293E+13   8.8293E-07   9.8179E-07   0.89931
FLUX 1015  4250.00        7.053941E+13   8.5829E-07   9.7393E-07   0.88126
FLUX 1016  4270.00        7.020902E+13   8.5729E-07   9.6617E-07   0.88731
FLUX 1017  4290.00        6.988170E+13   8.3756E-07   9.5849E-07   0.87384
FLUX 1018  4310.00        6.955742E+13   8.0434E-07   9.5090E-07   0.84588
FLUX 1019  4330.00        6.923614E+13   8.1126E-07   9.4340E-07   0.85993
FLUX 1020  4350.00        6.891782E+13   7.8079E-07   9.3599E-07   0.83419
FLUX 1021  4370.00        6.860240E+13   7.6498E-07   9.2866E-07   0.82375
FLUX 1022  4390.00        6.828986E+13   7.5921E-07   9.2141E-07   0.82396
FLUX 1023  4410.00        6.798016E+13   7.3812E-07   9.1425E-07   0.80734
FLUX 1024  4430.00        6.767325E+13   7.2407E-07   9.0717E-07   0.79816
FLUX 1025  4450.00        6.736910E+13   7.2307E-07   9.0018E-07   0.80325
FLUX 1026  4470.00        6.706767E+13   7.0536E-07   8.9326E-07   0.78965
FLUX 1027  4490.00        6.676893E+13   7.0453E-07   8.8642E-07   0.79480
FLUX 1028  4510.00        6.647284E+13   6.9362E-07   8.7965E-07   0.78852
FLUX 1029  4530.00        6.617936E+13   6.8461E-07   8.7296E-07   0.78424
FLUX 1030  4550.00        6.588846E+13   6.8412E-07   8.6635E-07   0.78966
FLUX 1031  4570.00        6.560011E+13   6.8024E-07   8.5981E-07   0.79115
FLUX 1032  4590.00        6.531427E+13   6.6969E-07   8.5333E-07   0.78480
FLUX 1033  4610.00        6.503091E+13   6.7056E-07   8.4693E-07   0.79175
FLUX 1034  4630.00        6.475000E+13   6.6241E-07   8.4061E-07   0.78801
FLUX 1035  4650.00        6.447150E+13   6.6608E-07   8.3434E-07   0.79833
FLUX 1036  4670.00        6.419540E+13   6.5941E-07   8.2815E-07   0.79624
FLUX 1037  4690.00        6.392164E+13   6.5719E-07   8.2203E-07   0.79947
FLUX 1038  4710.00        6.365021E+13   6.5395E-07   8.1597E-07   0.80144
FLUX 1039  4730.00        6.338108E+13   6.5196E-07   8.0998E-07   0.80491
FLUX 1040  4750.00        6.311421E+13   6.4638E-07   8.0405E-07   0.80390
FLUX 1041  4770.00        6.284958E+13   6.3452E-07   7.9819E-07   0.79495
FLUX 1042  4790.00        6.258716E+13   6.3747E-07   7.9239E-07   0.80449
FLUX 1043  4810.00        6.232692E+13   6.2254E-07   7.8665E-07   0.79138
FLUX 1044  4830.00        6.206884E+13   6.3367E-07   7.8098E-07   0.81138
FLUX 1045  4850.00        6.181289E+13   6.1932E-07   7.7536E-07   0.79875
FLUX 1046  4870.00        6.155903E+13   6.1096E-07   7.6981E-07   0.79365
FLUX 1047  4890.00        6.130726E+13   6.0639E-07   7.6431E-07   0.79338
FLUX 1048  4910.00        6.105753E+13   6.1406E-07   7.5887E-07   0.80917
FLUX 1049  4930.00        6.080984E+13   5.9656E-07   7.5349E-07   0.79174
FLUX 1050  4950.00        6.056414E+13   5.9761E-07   7.4816E-07   0.79878
FLUX 1051  4970.00        6.032042E+13   5.9012E-07   7.4288E-07   0.79436
FLUX 1052  4990.00        6.007866E+13   5.9003E-07   7.3767E-07   0.79986
FLUX 1053  5010.00        5.983882E+13   5.7794E-07   7.3250E-07   0.78899
FLUX 1054  5030.00        5.960089E+13   5.7291E-07   7.2739E-07   0.78762
FLUX 1055  5050.00        5.936485E+13   5.7139E-07   7.2232E-07   0.79104
FLUX 1056  5070.00        5.913067E+13   5.6885E-07   7.1731E-07   0.79304
FLUX 1057  5090.00        5.889833E+13   5.6228E-07   7.1234E-07   0.78934
FLUX 1058  5110.00        5.866781E+13   5.6130E-07   7.0743E-07   0.79343
FLUX 1059  5130.00        5.843908E+13   5.5583E-07   7.0257E-07   0.79115
FLUX 1060  5150.00        5.821214E+13   5.5677E-07   6.9775E-07   0.79795
FLUX 1061  5170.00        5.798694E+13   5.4328E-07   6.9299E-07   0.78397
FLUX 1062  5190.00        5.776349E+13   5.4456E-07   6.8827E-07   0.79121
FLUX 1063  5210.00        5.754175E+13   5.4608E-07   6.8360E-07   0.79882
FLUX 1064  5230.00        5.732170E+13   5.3791E-07   6.7898E-07   0.79223
FLUX 1065  5250.00        5.710333E+13   5.3134E-07   6.7440E-07   0.78787
FLUX 1066  5270.00        5.688662E+13   5.3394E-07   6.6987E-07   0.79708
FLUX 1067  5290.00        5.667155E+13   5.2372E-07   6.6538E-07   0.78710
FLUX 1068  5310.00        5.645810E+13   5.2853E-07   6.6094E-07   0.79966
FLUX 1069  5330.00        5.624625E+13   5.1994E-07   6.5654E-07   0.79194
FLUX 1070  5350.00        5.603598E+13   5.1678E-07   6.5219E-07   0.79238
FLUX 1071  5370.00        5.582728E+13   5.1275E-07   6.4787E-07   0.79143
FLUX 1072  5390.00        5.562013E+13   5.1683E-07   6.4361E-07   0.80302
FLUX 1073  5410.00        5.541451E+13   5.0665E-07   6.3938E-07   0.79241
FLUX 1074  5430.00        5.521040E+13   4.9333E-07   6.3519E-07   0.77666
FLUX 1075  5450.00        5.500780E+13   5.0493E-07   6.3105E-07   0.80015
FLUX 1076  5470.00        5.480667E+13   5.0024E-07   6.2694E-07   0.79791
FLUX 1077  5490.00        5.460701E+13   4.9991E-07   6.2288E-07   0.80259
FLUX 1078  5510.00        5.440880E+13   4.9537E-07   6.1885E-07   0.80046
FLUX 1079  5530.00        5.421202E+13   4.9122E-07   6.1486E-07   0.79891
FLUX 1080  5550.00        5.401667E+13   4.8307E-07   6.1091E-07   0.79074
FLUX 1081  5570.00        5.382271E+13   4.8507E-07   6.0700E-07   0.79912
FLUX 1082  5590.00        5.363014E+13   4.8839E-07   6.0312E-07   0.80977
FLUX 1083  5610.00        5.343895E+13   4.8167E-07   5.9928E-07   0.80373
FLUX 1084  5630.00        5.324911E+13   4.7873E-07   5.9548E-07   0.80394
FLUX 1085  5650.00        5.306062E+13   4.7797E-07   5.9171E-07   0.80777
FLUX 1086  5670.00        5.287346E+13   4.7207E-07   5.8798E-07   0.80287
FLUX 1087  5690.00        5.268761E+13   4.6562E-07   5.8428E-07   0.79691
FLUX 1088  5710.00        5.250306E+13   4.7234E-07   5.8062E-07   0.81351
FLUX 1089  5730.00        5.231981E+13   4.5892E-07   5.7699E-07   0.79536
FLUX 1090  5750.00        5.213783E+13   4.7568E-07   5.7339E-07   0.82959
FLUX 1091  5770.00        5.195711E+13   4.6335E-07   5.6983E-07   0.81314
FLUX 1092  5790.00        5.177763E+13   4.5601E-07   5.6630E-07   0.80526
FLUX 1093  5810.00        5.159940E+13   4.6387E-07   5.6280E-07   0.82422
FLUX 1094  5830.00        5.142238E+13   4.5365E-07   5.5933E-07   0.81106
FLUX 1095  5850.00        5.124658E+13   4.5313E-07   5.5590E-07   0.81513
FLUX 1096  5870.00        5.107198E+13   4.5391E-07   5.5249E-07   0.82157
FLUX 1097  5890.00        5.089856E+13   4.5449E-07   5.4912E-07   0.82767
FLUX 1098  5910.00        5.072631E+13   4.4848E-07   5.4578E-07   0.82173
FLUX 1099  5930.00        5.055523E+13   4.5098E-07   5.4246E-07   0.83135
FLUX 1100  5950.00        5.038529E+13   4.4826E-07   5.3917E-07   0.83140
FLUX 1101  5970.00        5.021650E+13   4.4338E-07   5.3591E-07   0.82733
FLUX 1102  5990.00        5.004883E+13   4.4437E-07   5.3268E-07   0.83421
FLUX 1103  6010.00        4.988228E+13   4.4987E-07   5.2948E-07   0.84965
FLUX 1104  6030.00        4.971683E+13   4.3593E-07   5.2630E-07   0.82829
FLUX 1105  6050.00        4.955248E+13   4.3064E-07   5.2316E-07   0.82315
FLUX 1106  6070.00        4.938921E+13   4.4169E-07   5.2004E-07   0.84934
FLUX 1107  6090.00        4.922701E+13   4.4063E-07   5.1695E-07   0.85236
FLUX 1108  6110.00        4.906588E+13   4.2828E-07   5.1389E-07   0.83341
FLUX 1109  6130.00        4.890579E+13   4.4315E-07   5.1085E-07   0.86748
FLUX 1110  6150.00        4.874675E+13   4.3038E-07   5.0784E-07   0.84746
FLUX 1111  6170.00        4.858874E+13   4.3100E-07   5.0486E-07   0.85370
FLUX 1112  6190.00        4.843174E+13   4.2943E-07   5.0190E-07   0.85561
FLUX 1113  6210.00        4.827576E+13   4.2840E-07   4.9897E-07   0.85857
FLUX 1114  6230.00        4.812079E+13   4.3055E-07   4.9606E-07   0.86794
FLUX 1115  6250.00        4.796680E+13   4.2126E-07   4.9318E-07   0.85417
FLUX 1116  6270.00        4.781380E+13   4.1738E-07   4.9032E-07   0.85124
FLUX 1117  6290.00        4.766176E+13   4.2083E-07   4.8749E-07   0.86325
FLUX 1118  6310.00        4.751070E+13   4.1537E-07   4.8468E-07   0.85700
FLUX 1119  6330.00        4.736058E+13   4.1525E-07   4.8190E-07   0.86169
FLUX 1120  6350.00        4.721142E+13   4.0462E-07   4.7914E-07   0.84447
FLUX 1121  6370.00        4.706319E+13   4.1044E-07   4.7640E-07   0.86153
FLUX 1122  6390.00        4.691588E+13   4.0345E-07   4.7369E-07   0.85172
FLUX 1123  6420.00        4.669665E+13   3.9444E-07   4.6966E-07   0.83985
FLUX 1124  6460.00        4.640751E+13   3.7611E-07   4.6437E-07   0.80995
FLUX 1125  6500.00        4.612192E+13   3.6712E-07   4.5917E-07   0.79953
FLUX 1126  6540.00        4.583983E+13   3.5846E-07   4.5405E-07   0.78947
FLUX 1127  6580.00        4.556117E+13   3.4721E-07   4.4902E-07   0.77327
FLUX 1128  6620.00        4.528588E+13   3.4205E-07   4.4407E-07   0.77026
FLUX 1129  6660.00        4.501389E+13   3.3945E-07   4.3920E-07   0.77289
FLUX 1130  6700.00        4.474515E+13   3.3367E-07   4.3441E-07   0.76809
FLUX 1131  6740.00        4.447960E+13   3.3315E-07   4.2970E-07   0.77531
FLUX 1132  6780.00        4.421718E+13   3.2473E-07   4.2506E-07   0.76397
FLUX 1133  6820.00        4.395784E+13   3.2218E-07   4.2050E-07   0.76620
FLUX 1134  6860.00        4.370153E+13   3.2360E-07   4.1600E-07   0.77789
FLUX 1135  6900.00        4.344819E+13   3.1771E-07   4.1158E-07   0.77192
FLUX 1136  6940.00        4.319777E+13   3.1361E-07   4.0722E-07   0.77011
FLUX 1137  6980.00        4.295021E+13   3.1620E-07   4.0294E-07   0.78474
FLUX 1138  7020.00        4.270548E+13   3.0937E-07   3.9872E-07   0.77591
FLUX 1139  7060.00        4.246353E+13   3.0714E-07   3.9456E-07   0.77842
FLUX 1140  7100.00        4.222430E+13   3.0326E-07   3.9047E-07   0.77667
FLUX 1141  7140.00        4.198774E+13   3.0190E-07   3.8644E-07   0.78125
FLUX 1142  7180.00        4.175383E+13   3.0214E-07   3.8247E-07   0.78997
FLUX 1143  7220.00        4.152251E+13   2.9490E-07   3.7856E-07   0.77902
FLUX 1144  7260.00        4.129373E+13   2.9356E-07   3.7471E-07   0.78345
FLUX 1145  7300.00        4.106747E+13   2.9285E-07   3.7092E-07   0.78955
FLUX 1146  7340.00        4.084366E+13   2.8954E-07   3.6718E-07   0.78855
FLUX 1147  7380.00        4.062229E+13   2.8856E-07   3.6350E-07   0.79383
FLUX 1148  7420.00        4.040330E+13   2.8312E-07   3.5987E-07   0.78673
FLUX 1149  7460.00        4.018666E+13   2.8436E-07   3.5630E-07   0.79810
FLUX 1150  7500.00        3.997233E+13   2.8011E-07   3.5278E-07   0.79401
FLUX 1151  7540.00        3.976028E+13   2.7826E-07   3.4931E-07   0.79658
FLUX 1152  7580.00        3.955046E+13   2.7306E-07   3.4590E-07   0.78944
FLUX 1153  7620.00        3.934285E+13   2.6858E-07   3.4253E-07   0.78411
FLUX 1154  7660.00        3.913740E+13   2.6722E-07   3.3921E-07   0.78778
FLUX 1155  7700.00        3.893409E+13   2.6698E-07   3.3593E-07   0.79473
FLUX 1156  7740.00        3.873288E+13   2.6050E-07   3.3271E-07   0.78297
FLUX 1157  7780.00        3.853374E+13   2.6086E-07   3.2953E-07   0.79164
FLUX 1158  7820.00        3.833664E+13   2.5756E-07   3.2639E-07   0.78910
FLUX 1159  7860.00        3.814154E+13   2.5515E-07   3.2330E-07   0.78923
FLUX 1160  7900.00        3.794842E+13   2.5027E-07   3.2025E-07   0.78148
FLUX 1161  7940.00        3.775724E+13   2.5096E-07   3.1724E-07   0.79108
FLUX 1162  7980.00        3.756798E+13   2.4549E-07   3.1428E-07   0.78113
FLUX 1163  8020.00        3.738061E+13   2.4659E-07   3.1135E-07   0.79200
FLUX 1164  8060.00        3.719510E+13   2.4183E-07   3.0847E-07   0.78395
FLUX 1165  8100.00        3.701142E+13   2.3926E-07   3.0563E-07   0.78285
FLUX 1166  8140.00        3.682955E+13   2.3872E-07   3.0282E-07   0.78833
FLUX 1167  8180.00        3.664945E+13   2.3749E-07   3.0005E-07   0.79148
FLUX 1168  8220.00        3.647111E+13   2.3357E-07   2.9732E-07   0.78556
FLUX 1169  8260.00        3.629449E+13   2.3413E-07   2.9463E-07   0.79466
FLUX 1170  8300.00        3.611958E+13   2.3027E-07   2.9198E-07   0.78865
FLUX 1171  8340.00        3.594634E+13   2.2766E-07   2.8935E-07   0.78677
FLUX 1172  8380.00        3.577476E+13   2.2444E-07   2.8677E-07   0.78267
FLUX 1173  8420.00        3.560481E+13   2.2687E-07   2.8421E-07   0.79825
FLUX 1174  8460.00        3.543647E+13   2.2357E-07   2.8169E-07   0.79368
FLUX 1175  8500.00        3.526971E+13   2.2077E-07   2.7920E-07   0.79071
FLUX 1176  8540.00        3.510451E+13   2.2083E-07   2.7675E-07   0.79795
FLUX 1177  8580.00        3.494085E+13   2.1841E-07   2.7433E-07   0.79618
FLUX 1178  8620.00        3.477871E+13   2.1735E-07   2.7193E-07   0.79928
FLUX 1179  8660.00        3.461807E+13   2.1545E-07   2.6957E-07   0.79923
FLUX 1180  8700.00        3.445891E+13   2.1622E-07   2.6724E-07   0.80910
FLUX 1181  8740.00        3.430120E+13   2.1068E-07   2.6494E-07   0.79521
FLUX 1182  8780.00        3.414493E+13   2.1056E-07   2.6267E-07   0.80163
FLUX 1183  8820.00        3.399008E+13   2.0901E-07   2.6043E-07   0.80256
FLUX 1184  8860.00        3.383662E+13   2.0798E-07   2.5821E-07   0.80545
FLUX 1185  8900.00        3.368455E+13   2.0696E-07   2.5603E-07   0.80836
FLUX 1186  8940.00        3.353384E+13   2.0542E-07   2.5387E-07   0.80918
FLUX 1187  8980.00        3.338447E+13   2.0309E-07   2.5173E-07   0.80675
FLUX 1188  9020.00        3.323642E+13   2.0376E-07   2.4963E-07   0.81625
FLUX 1189  9060.00        3.308968E+13   2.0171E-07   2.4755E-07   0.81482
FLUX 1190  9100.00        3.294423E+13   2.0071E-07   2.4549E-07   0.81757
FLUX 1191  9140.00        3.280005E+13   1.9886E-07   2.4346E-07   0.81680
FLUX 1192  9180.00        3.265713E+13   1.9776E-07   2.4146E-07   0.81900
FLUX 1193  9220.00        3.251546E+13   1.9610E-07   2.3948E-07   0.81885
FLUX 1194  9260.00        3.237500E+13   1.9360E-07   2.3753E-07   0.81508
FLUX 1195  9300.00        3.223575E+13   1.9377E-07   2.3560E-07   0.82245
FLUX 1196  9340.00        3.209770E+13   1.9218E-07   2.3369E-07   0.82239
FLUX 1197  9380.00        3.196082E+13   1.9048E-07   2.3180E-07   0.82175
FLUX 1198  9420.00        3.182511E+13   1.8860E-07   2.2994E-07   0.82023
FLUX 1199  9460.00        3.169054E+13   1.8729E-07   2.2810E-07   0.82109
FLUX 1200  9500.00        3.155710E+13   1.8608E-07   2.2628E-07   0.82235
FLUX 1201  9540.00        3.142479E+13   1.8719E-07   2.2448E-07   0.83388
FLUX 1202  9580.00        3.129358E+13   1.8306E-07   2.2270E-07   0.82198
FLUX 1203  9620.00        3.116346E+13   1.8162E-07   2.2095E-07   0.82200
FLUX 1204  9660.00        3.103442E+13   1.8028E-07   2.1921E-07   0.82241
FLUX 1205  9700.00        3.090644E+13   1.7925E-07   2.1750E-07   0.82416
FLUX 1206  9740.00        3.077952E+13   1.7886E-07   2.1580E-07   0.82881
FLUX 1207  9780.00        3.065363E+13   1.7731E-07   2.1413E-07   0.82808
FLUX 1208  9820.00        3.052877E+13   1.7628E-07   2.1247E-07   0.82968
FLUX 1209  9860.00        3.040492E+13   1.7517E-07   2.1083E-07   0.83085
FLUX 1210  9900.00        3.028207E+13   1.7040E-07   2.0921E-07   0.81452
FLUX 1211  9940.00        3.016021E+13   1.7188E-07   2.0761E-07   0.82790
FLUX 1212  9980.00        3.003933E+13   1.7012E-07   2.0602E-07   0.82571
FLUX 1213 10020.00        2.991941E+13   1.6892E-07   2.0446E-07   0.82620
FLUX 1214 20000.00        1.498962E+13   4.7602E-08   5.3157E-08   0.89550
FLUX 1215 40000.00        7.494812E+12   1.2514E-08   1.3273E-08   0.94281
FLUX 1216 60000.00        4.996542E+12   5.6259E-09   5.8459E-09   0.96237
FLUX 1217 80000.00        3.747406E+12   3.1729E-09   3.2609E-09   0.97302
FLUX 1218100000.00        2.997925E+12   2.0298E-09   2.0719E-09   0.97970
FLUX 1219120000.00        2.498271E+12   1.4073E-09   1.4299E-09   0.98420
FLUX 1220140000.00        2.141375E+12   1.0318E-09   1.0449E-09   0.98744
FLUX 1221160000.00        1.873703E+12   7.8816E-10   7.9626E-10   0.98983
FLUX
