1	9.09E+00	3.30E+16	8.43E-30	8.46E-30	0.99647	
2	9.35E+00	3.21E+16	4.13E-29	4.15E-29	0.99681	
3	9.61E+00	3.12E+16	1.87E-28	1.88E-28	0.99281	
4	9.77E+00	3.07E+16	4.58E-28	4.59E-28	0.99695	
5	9.96E+00	3.01E+16	1.28E-27	1.28E-27	0.99698	
6	1.02E+01	2.94E+16	4.45E-27	4.47E-27	0.99708	
7	1.04E+01	2.89E+16	1.10E-26	1.10E-26	0.99712	
8	1.06E+01	2.84E+16	2.63E-26	2.64E-26	0.99717	
9	1.08E+01	2.78E+16	7.04E-26	7.06E-26	0.99723	
10	1.10E+01	2.72E+16	2.38E-25	2.38E-25	0.99728	
11	1.14E+01	2.63E+16	1.11E-24	1.11E-24	0.99734	
12	1.18E+01	2.54E+16	5.12E-24	5.13E-24	0.99719	
13	1.21E+01	2.47E+16	1.94E-23	1.94E-23	0.9975	
14	1.25E+01	2.40E+16	6.84E-23	6.86E-23	0.99748	
15	1.27E+01	2.36E+16	1.51E-22	1.52E-22	0.99759	
16	1.28E+01	2.33E+16	2.34E-22	2.35E-22	0.9976	
17	1.31E+01	2.30E+16	4.66E-22	4.67E-22	0.99716	
18	1.32E+01	2.26E+16	8.53E-22	8.55E-22	0.99725	
19	1.34E+01	2.24E+16	1.36E-21	1.36E-21	0.99757	
20	1.37E+01	2.19E+16	3.07E-21	3.08E-21	0.99679	
21	1.40E+01	2.14E+16	7.79E-21	7.80E-21	0.99776	
22	1.43E+01	2.09E+16	2.06E-20	2.06E-20	0.99738	
23	1.47E+01	2.04E+16	5.73E-20	5.78E-20	0.99183	
24	1.51E+01	1.99E+16	1.50E-19	1.50E-19	0.99789	
25	1.55E+01	1.93E+16	4.10E-19	4.11E-19	0.99814	
26	1.59E+01	1.89E+16	9.34E-19	9.35E-19	0.99858	
27	1.62E+01	1.85E+16	1.88E-18	1.89E-18	0.99672	
28	1.66E+01	1.81E+16	4.39E-18	4.39E-18	0.9996	
29	1.70E+01	1.76E+16	1.04E-17	1.04E-17	0.99818	
30	1.73E+01	1.73E+16	1.90E-17	1.90E-17	0.99964	
31	1.77E+01	1.70E+16	3.60E-17	3.60E-17	0.99958	
32	1.80E+01	1.66E+16	6.63E-17	6.64E-17	0.99989	
33	1.82E+01	1.65E+16	8.67E-17	8.68E-17	0.99788	
34	1.86E+01	1.61E+16	1.84E-16	1.84E-16	0.99881	
35	1.91E+01	1.57E+16	4.09E-16	4.09E-16	0.99979	
36	1.94E+01	1.55E+16	6.46E-16	6.46E-16	0.99962	
37	1.98E+01	1.51E+16	1.28E-15	1.28E-15	0.99961	
38	2.02E+01	1.49E+16	2.10E-15	2.10E-15	0.99895	
39	2.05E+01	1.46E+16	3.31E-15	3.31E-15	0.99929	
40	2.11E+01	1.42E+16	7.01E-15	7.01E-15	0.99982	
41	2.16E+01	1.39E+16	1.46E-14	1.47E-14	0.99475	
42	2.20E+01	1.36E+16	2.30E-14	2.30E-14	0.99984	
43	2.23E+01	1.34E+16	3.39E-14	3.39E-14	0.9991	
44	2.27E+01	1.32E+16	5.32E-14	5.42E-14	0.98179	
45	2.30E+01	1.30E+16	6.29E-11	1.63E-10	0.38547	
46	2.34E+01	1.28E+16	1.56E-10	2.26E-10	0.69071	
47	2.40E+01	1.25E+16	2.35E-10	3.62E-10	0.64862	
48	2.47E+01	1.22E+16	3.75E-10	5.89E-10	0.63637	
49	2.52E+01	1.19E+16	6.26E-10	9.63E-10	0.64994	
50	2.57E+01	1.17E+16	8.50E-10	1.42E-09	0.59883	
51	2.60E+01	1.15E+16	1.42E-09	2.50E-09	0.57012	
52	2.64E+01	1.14E+16	3.33E-09	7.78E-09	0.42858	
53	2.69E+01	1.12E+16	5.30E-09	9.88E-09	0.53686	
54	2.74E+01	1.10E+16	6.87E-09	1.28E-08	0.53737	
55	2.79E+01	1.08E+16	7.56E-09	1.64E-08	0.46085	
56	2.84E+01	1.06E+16	1.50E-08	2.29E-08	0.65576	
57	2.90E+01	1.03E+16	2.10E-08	3.06E-08	0.68783	
58	2.96E+01	1.01E+16	2.55E-08	3.98E-08	0.64251	
59	3.01E+01	9.96E+15	5.58E-08	2.00E-06	0.02786	
60	3.08E+01	9.73E+15	1.63E-07	8.05E-06	0.02023	
61	3.18E+01	9.43E+15	3.40E-07	7.69E-06	0.04419	
62	3.28E+01	9.14E+15	5.56E-07	7.58E-06	0.07337	
63	3.38E+01	8.87E+15	9.21E-07	7.38E-06	0.12485	
64	3.48E+01	8.61E+15	1.34E-06	7.63E-06	0.17492	
65	3.57E+01	8.40E+15	3.06E-06	2.33E-05	0.13116	
66	3.66E+01	8.19E+15	6.73E-06	3.09E-05	0.21775	
67	3.75E+01	7.99E+15	8.05E-06	3.10E-05	0.25966	
68	3.85E+01	7.79E+15	9.43E-06	3.30E-05	0.28591	
69	3.95E+01	7.59E+15	1.66E-05	4.19E-05	0.3961	
70	4.05E+01	7.40E+15	2.35E-05	4.24E-05	0.55555	
71	4.14E+01	7.24E+15	2.43E-05	4.60E-05	0.52978	
72	4.22E+01	7.10E+15	2.63E-05	4.75E-05	0.5548	
73	4.30E+01	6.97E+15	2.61E-05	4.84E-05	0.53989	
74	4.41E+01	6.80E+15	3.20E-05	5.01E-05	0.63934	
75	4.51E+01	6.65E+15	3.42E-05	5.21E-05	0.65637	
76	4.60E+01	6.52E+15	3.21E-05	5.41E-05	0.59381	
77	4.70E+01	6.38E+15	3.66E-05	5.68E-05	0.64445	
78	4.80E+01	6.25E+15	4.34E-05	5.99E-05	0.72503	
79	4.90E+01	6.12E+15	3.82E-05	6.35E-05	0.60134	
80	5.00E+01	6.00E+15	5.05E-05	6.73E-05	0.75108	
81	5.06E+01	5.92E+15	6.41E-05	4.13E-04	0.15501	
82	5.12E+01	5.86E+15	2.32E-04	4.22E-04	0.55075	
83	5.20E+01	5.77E+15	2.28E-04	4.29E-04	0.53042	
84	5.30E+01	5.66E+15	2.09E-04	4.38E-04	0.47604	
85	5.40E+01	5.55E+15	1.98E-04	4.47E-04	0.44278	
86	5.50E+01	5.45E+15	2.02E-04	4.57E-04	0.4417	
87	5.60E+01	5.35E+15	2.82E-04	4.66E-04	0.60409	
88	5.70E+01	5.26E+15	3.30E-04	4.76E-04	0.69356	
89	5.80E+01	5.17E+15	3.22E-04	4.86E-04	0.6628	
90	5.90E+01	5.08E+15	3.40E-04	4.95E-04	0.68685	
91	6.00E+01	5.00E+15	2.66E-04	5.05E-04	0.52641	
92	6.10E+01	4.91E+15	3.12E-04	5.15E-04	0.60626	
93	6.20E+01	4.84E+15	4.06E-04	5.25E-04	0.77447	
94	6.30E+01	4.76E+15	4.01E-04	5.35E-04	0.74955	
95	6.40E+01	4.68E+15	4.37E-04	5.45E-04	0.80241	
96	6.50E+01	4.61E+15	4.26E-04	5.55E-04	0.76812	
97	6.58E+01	4.56E+15	3.54E-04	5.63E-04	0.6276	
98	6.65E+01	4.51E+15	4.38E-04	5.71E-04	0.76827	
99	6.75E+01	4.44E+15	5.07E-04	5.81E-04	0.87326	
100	6.85E+01	4.38E+15	4.05E-04	5.91E-04	0.68531	
101	6.95E+01	4.31E+15	5.28E-04	6.02E-04	0.87749	
102	7.05E+01	4.25E+15	4.16E-04	6.12E-04	0.67931	
103	7.16E+01	4.19E+15	5.83E-04	6.23E-04	0.93521	
104	7.26E+01	4.13E+15	5.92E-04	6.34E-04	0.93462	
105	7.35E+01	4.08E+15	6.11E-04	6.43E-04	0.95044	
106	7.45E+01	4.02E+15	5.71E-04	6.54E-04	0.87361	
107	7.55E+01	3.97E+15	5.84E-04	6.64E-04	0.8798	
108	7.65E+01	3.92E+15	5.70E-04	6.75E-04	0.84492	
109	7.75E+01	3.87E+15	6.24E-04	6.85E-04	0.91047	
110	7.85E+01	3.82E+15	6.12E-04	6.95E-04	0.87998	
111	7.95E+01	3.77E+15	6.64E-04	7.05E-04	0.94167	
112	8.05E+01	3.72E+15	6.56E-04	7.15E-04	0.91653	
113	8.15E+01	3.68E+15	6.70E-04	7.25E-04	0.92281	
114	8.25E+01	3.63E+15	7.07E-04	7.35E-04	0.96142	
115	8.35E+01	3.59E+15	5.85E-04	7.45E-04	0.78513	
116	8.45E+01	3.55E+15	7.07E-04	7.55E-04	0.93678	
117	8.55E+01	3.51E+15	7.06E-04	7.65E-04	0.92321	
118	8.65E+01	3.47E+15	7.43E-04	7.74E-04	0.95938	
119	8.75E+01	3.43E+15	7.56E-04	7.84E-04	0.96468	
120	8.85E+01	3.39E+15	7.68E-04	7.93E-04	0.96872	
121	8.95E+01	3.35E+15	7.81E-04	8.02E-04	0.97263	
122	9.05E+01	3.31E+15	7.72E-04	8.12E-04	0.95146	
123	9.15E+01	3.28E+15	7.49E-04	3.57E-03	0.20955	
124	9.25E+01	3.24E+15	1.55E-03	3.57E-03	0.43394	
125	9.35E+01	3.21E+15	2.21E-03	3.56E-03	0.61994	
126	9.45E+01	3.17E+15	2.53E-03	3.55E-03	0.71418	
127	9.55E+01	3.14E+15	2.76E-03	3.54E-03	0.78024	
128	9.65E+01	3.11E+15	3.02E-03	3.53E-03	0.85581	
129	9.75E+01	3.07E+15	1.92E-03	3.52E-03	0.54577	
130	9.85E+01	3.04E+15	2.69E-03	3.51E-03	0.76515	
131	9.95E+01	3.01E+15	2.49E-03	3.50E-03	0.71207	
132	1.01E+02	2.98E+15	2.55E-03	3.49E-03	0.73143	
133	1.02E+02	2.95E+15	2.71E-03	3.48E-03	0.78015	
134	1.03E+02	2.92E+15	2.46E-03	3.46E-03	0.71124	
135	1.04E+02	2.90E+15	2.80E-03	3.45E-03	0.81151	
136	1.05E+02	2.87E+15	3.03E-03	3.44E-03	0.88017	
137	1.06E+02	2.84E+15	2.97E-03	3.42E-03	0.86764	
138	1.07E+02	2.81E+15	2.80E-03	3.41E-03	0.82091	
139	1.08E+02	2.79E+15	2.85E-03	3.40E-03	0.83871	
140	1.09E+02	2.76E+15	2.72E-03	3.38E-03	0.8039	
141	1.10E+02	2.74E+15	2.85E-03	3.37E-03	0.84723	
142	1.11E+02	2.71E+15	2.80E-03	3.35E-03	0.83446	
143	1.12E+02	2.69E+15	2.79E-03	3.34E-03	0.83579	
144	1.13E+02	2.66E+15	2.55E-03	3.32E-03	0.76596	
145	1.14E+02	2.64E+15	2.79E-03	3.31E-03	0.84446	
146	1.15E+02	2.62E+15	2.80E-03	3.29E-03	0.84912	
147	1.16E+02	2.60E+15	2.67E-03	3.28E-03	0.81487	
148	1.17E+02	2.57E+15	2.63E-03	3.26E-03	0.80615	
149	1.18E+02	2.55E+15	2.05E-03	3.25E-03	0.63125	
150	1.19E+02	2.53E+15	2.51E-03	3.23E-03	0.77592	
151	1.20E+02	2.51E+15	2.47E-03	3.21E-03	0.76963	
152	1.21E+02	2.49E+15	2.46E-03	3.20E-03	0.76846	
153	1.22E+02	2.47E+15	2.14E-03	3.18E-03	0.67345	
154	1.23E+02	2.45E+15	2.42E-03	3.17E-03	0.76356	
155	1.24E+02	2.43E+15	2.53E-03	3.15E-03	0.80298	
156	1.25E+02	2.41E+15	2.49E-03	3.13E-03	0.79518	
157	1.26E+02	2.39E+15	2.52E-03	3.12E-03	0.80838	
158	1.27E+02	2.37E+15	2.59E-03	3.10E-03	0.83649	
159	1.28E+02	2.35E+15	2.67E-03	3.08E-03	0.8663	
160	1.29E+02	2.33E+15	2.69E-03	3.07E-03	0.87627	
161	1.30E+02	2.32E+15	2.63E-03	3.05E-03	0.86418	
162	1.31E+02	2.30E+15	2.61E-03	3.03E-03	0.86137	
163	1.32E+02	2.28E+15	2.71E-03	3.02E-03	0.89734	
164	1.33E+02	2.26E+15	2.68E-03	3.00E-03	0.89239	
165	1.34E+02	2.25E+15	2.64E-03	2.98E-03	0.8856	
166	1.35E+02	2.23E+15	2.68E-03	2.97E-03	0.9022	
167	1.36E+02	2.21E+15	2.61E-03	2.95E-03	0.88665	
168	1.37E+02	2.20E+15	2.58E-03	2.93E-03	0.88051	
169	1.38E+02	2.18E+15	2.53E-03	2.92E-03	0.86947	
170	1.39E+02	2.16E+15	2.52E-03	2.90E-03	0.86905	
171	1.40E+02	2.15E+15	2.29E-03	2.88E-03	0.79635	
172	1.41E+02	2.13E+15	2.28E-03	2.87E-03	0.79428	
173	1.42E+02	2.12E+15	2.53E-03	2.85E-03	0.88685	
174	1.43E+02	2.10E+15	2.33E-03	2.83E-03	0.82269	
175	1.44E+02	2.09E+15	2.47E-03	2.82E-03	0.8776	
176	1.44E+02	2.08E+15	2.43E-03	2.80E-03	0.86738	
177	1.45E+02	2.07E+15	2.44E-03	2.80E-03	0.87318	
178	1.46E+02	2.06E+15	2.37E-03	2.78E-03	0.85165	
179	1.47E+02	2.05E+15	2.37E-03	2.77E-03	0.85826	
180	1.48E+02	2.03E+15	2.39E-03	2.75E-03	0.8692	
181	1.49E+02	2.02E+15	2.42E-03	2.73E-03	0.88625	
182	1.50E+02	2.01E+15	2.38E-03	2.72E-03	0.87642	
183	1.51E+02	1.99E+15	2.40E-03	2.70E-03	0.88676	
184	1.51E+02	1.98E+15	2.38E-03	2.69E-03	0.88568	
185	1.52E+02	1.98E+15	2.39E-03	2.68E-03	0.89101	
186	1.53E+02	1.97E+15	2.35E-03	2.67E-03	0.87873	
187	1.54E+02	1.95E+15	2.16E-03	2.65E-03	0.81314	
188	1.55E+02	1.94E+15	1.79E-03	2.64E-03	0.68023	
189	1.56E+02	1.93E+15	1.87E-03	2.62E-03	0.71183	
190	1.57E+02	1.92E+15	2.11E-03	2.61E-03	0.80789	
191	1.58E+02	1.90E+15	2.20E-03	2.59E-03	0.84831	
192	1.59E+02	1.89E+15	2.22E-03	2.58E-03	0.86063	
193	1.60E+02	1.88E+15	2.22E-03	2.56E-03	0.86759	
194	1.61E+02	1.87E+15	2.12E-03	2.54E-03	0.83382	
195	1.62E+02	1.86E+15	2.07E-03	2.53E-03	0.8187	
196	1.63E+02	1.84E+15	2.12E-03	2.51E-03	0.84507	
197	1.64E+02	1.83E+15	2.14E-03	2.50E-03	0.85617	
198	1.65E+02	1.82E+15	2.12E-03	2.48E-03	0.85193	
199	1.66E+02	1.81E+15	2.18E-03	2.47E-03	0.88274	
200	1.67E+02	1.80E+15	2.16E-03	2.45E-03	0.88094	
201	1.67E+02	1.79E+15	2.05E-03	2.44E-03	0.83703	
202	1.68E+02	1.79E+15	2.29E-03	2.44E-03	0.93833	
203	1.69E+02	1.78E+15	2.23E-03	2.42E-03	0.91794	
204	1.70E+02	1.77E+15	2.19E-03	2.41E-03	0.91061	
205	1.71E+02	1.76E+15	2.18E-03	2.40E-03	0.9117	
206	1.72E+02	1.75E+15	2.11E-03	2.38E-03	0.8877	
207	1.73E+02	1.74E+15	2.09E-03	2.37E-03	0.8826	
208	1.74E+02	1.73E+15	2.17E-03	2.35E-03	0.92014	
209	1.75E+02	1.72E+15	2.16E-03	2.34E-03	0.92315	
210	1.76E+02	1.71E+15	2.13E-03	2.32E-03	0.91752	
211	1.77E+02	1.70E+15	2.14E-03	2.31E-03	0.92426	
212	1.78E+02	1.69E+15	2.10E-03	2.30E-03	0.91448	
213	1.79E+02	1.68E+15	2.13E-03	2.28E-03	0.93383	
214	1.80E+02	1.67E+15	2.10E-03	2.27E-03	0.92329	
215	1.81E+02	1.66E+15	2.10E-03	2.26E-03	0.93088	
216	1.82E+02	1.65E+15	2.09E-03	2.24E-03	0.92979	
217	1.83E+02	1.64E+15	2.06E-03	2.23E-03	0.92539	
218	1.84E+02	1.63E+15	2.08E-03	2.22E-03	0.93848	
219	1.85E+02	1.62E+15	2.05E-03	2.20E-03	0.93249	
220	1.86E+02	1.62E+15	2.07E-03	2.19E-03	0.9432	
221	1.87E+02	1.61E+15	2.07E-03	2.18E-03	0.9489	
222	1.88E+02	1.60E+15	2.03E-03	2.16E-03	0.9402	
223	1.89E+02	1.59E+15	2.00E-03	2.15E-03	0.93038	
224	1.90E+02	1.58E+15	2.02E-03	2.14E-03	0.94345	
225	1.91E+02	1.57E+15	2.03E-03	2.13E-03	0.95697	
226	1.92E+02	1.57E+15	2.02E-03	2.11E-03	0.95433	
227	1.93E+02	1.56E+15	1.94E-03	2.10E-03	0.9213	
228	1.94E+02	1.55E+15	2.01E-03	2.09E-03	0.96314	
229	1.95E+02	1.54E+15	2.02E-03	2.08E-03	0.97215	
230	1.96E+02	1.53E+15	1.93E-03	2.06E-03	0.9334	
231	1.97E+02	1.52E+15	1.98E-03	2.05E-03	0.966	
232	1.98E+02	1.52E+15	1.99E-03	2.04E-03	0.97427	
233	1.98E+02	1.51E+15	1.98E-03	2.03E-03	0.97357	
234	2.00E+02	1.50E+15	1.95E-03	2.02E-03	0.96499	
235	2.01E+02	1.50E+15	1.97E-03	2.00E-03	0.98495	
236	2.02E+02	1.49E+15	1.97E-03	1.99E-03	0.98747	
237	2.03E+02	1.48E+15	1.96E-03	1.98E-03	0.98922	
238	2.04E+02	1.47E+15	1.94E-03	1.97E-03	0.98309	
239	2.05E+02	1.47E+15	1.92E-03	1.96E-03	0.98012	
240	2.06E+02	1.46E+15	1.52E-03	2.00E-03	0.75946	
241	2.07E+02	1.45E+15	1.48E-03	1.99E-03	0.74526	
242	2.07E+02	1.45E+15	1.55E-03	1.98E-03	0.78463	
243	2.08E+02	1.44E+15	1.58E-03	1.97E-03	0.80208	
244	2.09E+02	1.44E+15	1.73E-03	1.96E-03	0.8811	
245	2.10E+02	1.43E+15	1.84E-03	1.95E-03	0.94337	
246	2.11E+02	1.42E+15	1.85E-03	1.94E-03	0.95399	
247	2.12E+02	1.42E+15	1.88E-03	1.93E-03	0.97131	
248	2.13E+02	1.41E+15	1.85E-03	1.92E-03	0.96497	
249	2.14E+02	1.40E+15	1.86E-03	1.91E-03	0.9725	
250	2.15E+02	1.40E+15	1.84E-03	1.90E-03	0.97213	
251	2.16E+02	1.39E+15	1.86E-03	1.89E-03	0.98484	
252	2.17E+02	1.38E+15	1.79E-03	1.88E-03	0.95415	
253	2.18E+02	1.38E+15	1.84E-03	1.86E-03	0.98849	
254	2.19E+02	1.37E+15	1.80E-03	1.85E-03	0.96953	
255	2.20E+02	1.37E+15	1.84E-03	1.84E-03	0.99619	
256	2.21E+02	1.36E+15	1.82E-03	1.83E-03	0.99546	
257	2.22E+02	1.35E+15	1.77E-03	1.82E-03	0.9721	
258	2.23E+02	1.35E+15	1.80E-03	1.81E-03	0.99368	
259	2.24E+02	1.34E+15	1.79E-03	1.80E-03	0.99472	
260	2.25E+02	1.34E+15	1.78E-03	1.79E-03	0.99169	
261	2.26E+02	1.33E+15	1.74E-03	1.78E-03	0.97511	
262	2.27E+02	1.32E+15	1.76E-03	1.77E-03	0.99474	
263	2.28E+02	1.32E+15	1.76E-03	1.76E-03	0.9981	
264	2.29E+02	1.31E+15	1.73E-03	1.75E-03	0.98995	
265	2.30E+02	1.31E+15	1.64E-03	1.74E-03	0.94479	
266	2.31E+02	1.30E+15	1.69E-03	1.73E-03	0.97337	
267	2.32E+02	1.30E+15	1.70E-03	1.72E-03	0.9876	
268	2.33E+02	1.29E+15	1.70E-03	1.71E-03	0.99492	
269	2.34E+02	1.28E+15	1.69E-03	1.70E-03	0.99479	
270	2.35E+02	1.28E+15	1.68E-03	1.69E-03	0.99187	
271	2.36E+02	1.27E+15	1.66E-03	1.68E-03	0.98783	
272	2.37E+02	1.27E+15	1.65E-03	1.67E-03	0.98629	
273	2.38E+02	1.26E+15	1.63E-03	1.66E-03	0.9813	
274	2.39E+02	1.26E+15	1.58E-03	1.66E-03	0.95405	
275	2.40E+02	1.25E+15	1.60E-03	1.65E-03	0.97496	
276	2.41E+02	1.25E+15	1.61E-03	1.64E-03	0.98254	
277	2.42E+02	1.24E+15	1.60E-03	1.63E-03	0.98478	
278	2.43E+02	1.24E+15	1.60E-03	1.62E-03	0.99102	
279	2.44E+02	1.23E+15	1.59E-03	1.61E-03	0.98839	
280	2.45E+02	1.23E+15	1.58E-03	1.60E-03	0.98948	
281	2.46E+02	1.22E+15	1.57E-03	1.59E-03	0.98724	
282	2.47E+02	1.22E+15	1.57E-03	1.58E-03	0.98881	
283	2.48E+02	1.21E+15	1.56E-03	1.58E-03	0.99103	
284	2.49E+02	1.21E+15	1.53E-03	1.57E-03	0.97924	
285	2.50E+02	1.20E+15	1.26E-03	1.56E-03	0.80879	
286	2.51E+02	1.20E+15	1.51E-03	1.55E-03	0.97204	
287	2.51E+02	1.19E+15	1.45E-03	1.54E-03	0.94116	
288	2.52E+02	1.19E+15	1.49E-03	1.54E-03	0.96788	
289	2.53E+02	1.19E+15	1.51E-03	1.53E-03	0.98639	
290	2.54E+02	1.18E+15	1.51E-03	1.52E-03	0.99234	
291	2.55E+02	1.18E+15	1.50E-03	1.52E-03	0.99187	
292	2.56E+02	1.17E+15	1.49E-03	1.51E-03	0.99051	
293	2.57E+02	1.17E+15	1.49E-03	1.50E-03	0.99203	
294	2.58E+02	1.16E+15	1.48E-03	1.49E-03	0.99153	
295	2.59E+02	1.16E+15	1.47E-03	1.48E-03	0.9921	
296	2.60E+02	1.16E+15	1.45E-03	1.48E-03	0.98449	
297	2.61E+02	1.15E+15	1.46E-03	1.47E-03	0.993	
298	2.62E+02	1.15E+15	1.44E-03	1.46E-03	0.98723	
299	2.63E+02	1.14E+15	1.44E-03	1.45E-03	0.99269	
300	2.64E+02	1.14E+15	1.44E-03	1.45E-03	0.99487	
301	2.65E+02	1.13E+15	1.43E-03	1.44E-03	0.99139	
302	2.66E+02	1.13E+15	1.42E-03	1.43E-03	0.99365	
303	2.67E+02	1.12E+15	1.41E-03	1.42E-03	0.99066	
304	2.68E+02	1.12E+15	1.39E-03	1.42E-03	0.9808	
305	2.69E+02	1.12E+15	1.40E-03	1.41E-03	0.99164	
306	2.70E+02	1.11E+15	1.39E-03	1.40E-03	0.98847	
307	2.71E+02	1.11E+15	1.39E-03	1.39E-03	0.99408	
308	2.72E+02	1.10E+15	1.37E-03	1.39E-03	0.99037	
309	2.73E+02	1.10E+15	1.37E-03	1.38E-03	0.99205	
310	2.74E+02	1.10E+15	1.34E-03	1.37E-03	0.97444	
311	2.75E+02	1.09E+15	1.36E-03	1.37E-03	0.99578	
312	2.76E+02	1.09E+15	1.35E-03	1.36E-03	0.99447	
313	2.77E+02	1.08E+15	1.34E-03	1.35E-03	0.99249	
314	2.78E+02	1.08E+15	1.34E-03	1.35E-03	0.99605	
315	2.79E+02	1.08E+15	1.33E-03	1.34E-03	0.99212	
316	2.80E+02	1.07E+15	1.31E-03	1.33E-03	0.98247	
317	2.81E+02	1.07E+15	1.31E-03	1.33E-03	0.9923	
318	2.82E+02	1.06E+15	1.31E-03	1.32E-03	0.99514	
319	2.83E+02	1.06E+15	1.30E-03	1.31E-03	0.99359	
320	2.84E+02	1.06E+15	1.30E-03	1.31E-03	0.99351	
321	2.85E+02	1.05E+15	1.29E-03	1.30E-03	0.9972	
322	2.86E+02	1.05E+15	1.29E-03	1.29E-03	0.99633	
323	2.87E+02	1.05E+15	1.28E-03	1.29E-03	0.99262	
324	2.88E+02	1.04E+15	1.27E-03	1.28E-03	0.99406	
325	2.89E+02	1.04E+15	1.27E-03	1.27E-03	0.99528	
326	2.90E+02	1.04E+15	1.26E-03	1.27E-03	0.99532	
327	2.91E+02	1.03E+15	1.25E-03	1.26E-03	0.99292	
328	2.93E+02	1.02E+15	1.24E-03	1.24E-03	0.99652	
329	2.95E+02	1.02E+15	1.23E-03	1.23E-03	0.99444	
330	2.97E+02	1.01E+15	1.21E-03	1.22E-03	0.99366	
331	2.99E+02	1.00E+15	1.19E-03	1.21E-03	0.98877	
332	3.01E+02	9.96E+14	1.18E-03	1.20E-03	0.98843	
333	3.03E+02	9.89E+14	1.17E-03	1.18E-03	0.98414	
334	3.05E+02	9.83E+14	1.16E-03	1.17E-03	0.98944	
335	3.07E+02	9.77E+14	1.15E-03	1.16E-03	0.99115	
336	3.09E+02	9.70E+14	1.14E-03	1.15E-03	0.99143	
337	3.11E+02	9.64E+14	1.13E-03	1.14E-03	0.99412	
338	3.13E+02	9.58E+14	1.12E-03	1.13E-03	0.99271	
339	3.15E+02	9.52E+14	1.11E-03	1.12E-03	0.99513	
340	3.17E+02	9.46E+14	1.10E-03	1.11E-03	0.99425	
341	3.19E+02	9.40E+14	1.09E-03	1.10E-03	0.99487	
342	3.21E+02	9.34E+14	1.07E-03	1.09E-03	0.98464	
343	3.23E+02	9.28E+14	1.07E-03	1.08E-03	0.99562	
344	3.25E+02	9.22E+14	1.07E-03	1.07E-03	0.99777	
345	3.27E+02	9.17E+14	1.05E-03	1.06E-03	0.98977	
346	3.29E+02	9.11E+14	1.04E-03	1.05E-03	0.99519	
347	3.31E+02	9.06E+14	1.03E-03	1.04E-03	0.99429	
348	3.33E+02	9.00E+14	1.02E-03	1.03E-03	0.99386	
349	3.35E+02	8.95E+14	1.01E-03	1.02E-03	0.98881	
350	3.37E+02	8.90E+14	1.00E-03	1.01E-03	0.99234	
351	3.39E+02	8.84E+14	9.98E-04	1.00E-03	0.99612	
352	3.41E+02	8.79E+14	9.88E-04	9.92E-04	0.99541	
353	3.43E+02	8.74E+14	9.81E-04	9.85E-04	0.99547	
354	3.45E+02	8.69E+14	9.67E-04	9.76E-04	0.99073	
355	3.47E+02	8.64E+14	9.63E-04	9.68E-04	0.99527	
356	3.49E+02	8.59E+14	9.55E-04	9.59E-04	0.99621	
357	3.51E+02	8.54E+14	9.48E-04	9.51E-04	0.99706	
358	3.53E+02	8.49E+14	9.39E-04	9.42E-04	0.99614	
359	3.55E+02	8.44E+14	9.30E-04	9.34E-04	0.99592	
360	3.57E+02	8.40E+14	9.24E-04	9.26E-04	0.99757	
361	3.59E+02	8.35E+14	9.14E-04	9.18E-04	0.99554	
362	3.61E+02	8.30E+14	9.04E-04	9.10E-04	0.99377	
363	3.63E+02	8.26E+14	8.97E-04	9.02E-04	0.99431	
364	3.64E+02	8.24E+14	8.85E-04	8.98E-04	0.98467	
365	3.65E+02	8.21E+14	8.26E-04	9.63E-04	0.85769	
366	3.67E+02	8.17E+14	8.21E-04	9.55E-04	0.85942	
367	3.69E+02	8.12E+14	8.16E-04	9.48E-04	0.86116	
368	3.71E+02	8.08E+14	8.10E-04	9.40E-04	0.86197	
369	3.73E+02	8.04E+14	8.13E-04	9.32E-04	0.87263	
370	3.75E+02	7.99E+14	8.29E-04	9.24E-04	0.89745	
371	3.77E+02	7.95E+14	8.33E-04	9.16E-04	0.90927	
372	3.79E+02	7.91E+14	8.50E-04	9.08E-04	0.93612	
373	3.81E+02	7.87E+14	8.66E-04	9.00E-04	0.96197	
374	3.83E+02	7.83E+14	8.20E-04	8.93E-04	0.91785	
375	3.85E+02	7.79E+14	8.68E-04	8.85E-04	0.98014	
376	3.87E+02	7.75E+14	8.60E-04	8.78E-04	0.97915	
377	3.89E+02	7.71E+14	7.98E-04	8.71E-04	0.91646	
378	3.91E+02	7.67E+14	8.58E-04	8.64E-04	0.99369	
379	3.93E+02	7.63E+14	8.42E-04	8.57E-04	0.98333	
380	3.95E+02	7.59E+14	8.38E-04	8.50E-04	0.98648	
381	3.97E+02	7.55E+14	7.68E-04	8.43E-04	0.91089	
382	3.99E+02	7.51E+14	8.30E-04	8.36E-04	0.99323	
383	4.01E+02	7.48E+14	8.22E-04	8.29E-04	0.99162	
384	4.03E+02	7.44E+14	8.04E-04	8.22E-04	0.97736	
385	4.05E+02	7.40E+14	8.12E-04	8.16E-04	0.99517	
386	4.07E+02	7.37E+14	7.98E-04	8.09E-04	0.98672	
387	4.09E+02	7.33E+14	7.76E-04	8.03E-04	0.96646	
388	4.11E+02	7.29E+14	7.35E-04	7.96E-04	0.92273	
389	4.13E+02	7.26E+14	7.80E-04	7.90E-04	0.98733	
390	4.15E+02	7.22E+14	7.75E-04	7.84E-04	0.98905	
391	4.17E+02	7.19E+14	7.74E-04	7.78E-04	0.99482	
392	4.19E+02	7.15E+14	7.66E-04	7.71E-04	0.99292	
393	4.21E+02	7.12E+14	7.55E-04	7.65E-04	0.98627	
394	4.23E+02	7.09E+14	7.57E-04	7.59E-04	0.99737	
395	4.25E+02	7.05E+14	7.49E-04	7.54E-04	0.99431	
396	4.27E+02	7.02E+14	7.42E-04	7.48E-04	0.99294	
397	4.29E+02	6.99E+14	7.38E-04	7.42E-04	0.99413	
398	4.31E+02	6.96E+14	7.29E-04	7.36E-04	0.98983	
399	4.33E+02	6.92E+14	7.07E-04	7.31E-04	0.96708	
400	4.35E+02	6.89E+14	6.75E-04	7.25E-04	0.93095	
401	4.37E+02	6.86E+14	7.14E-04	7.20E-04	0.99189	
402	4.39E+02	6.83E+14	7.04E-04	7.14E-04	0.9852	
403	4.41E+02	6.80E+14	7.01E-04	7.09E-04	0.98865	
404	4.43E+02	6.77E+14	6.99E-04	7.03E-04	0.99412	
405	4.45E+02	6.74E+14	6.94E-04	6.98E-04	0.99368	
406	4.47E+02	6.71E+14	6.81E-04	6.93E-04	0.98332	
407	4.49E+02	6.68E+14	6.84E-04	6.88E-04	0.99433	
408	4.51E+02	6.65E+14	6.75E-04	6.83E-04	0.9883	
409	4.53E+02	6.62E+14	6.72E-04	6.78E-04	0.99111	
410	4.55E+02	6.59E+14	6.60E-04	6.73E-04	0.98161	
411	4.57E+02	6.56E+14	6.64E-04	6.68E-04	0.99457	
412	4.59E+02	6.53E+14	6.58E-04	6.63E-04	0.99206	
413	4.61E+02	6.50E+14	6.54E-04	6.58E-04	0.99374	
414	4.63E+02	6.48E+14	6.46E-04	6.53E-04	0.98873	
415	4.65E+02	6.45E+14	6.25E-04	6.49E-04	0.96427	
416	4.67E+02	6.42E+14	6.37E-04	6.44E-04	0.98994	
417	4.69E+02	6.39E+14	6.21E-04	6.39E-04	0.97109	
418	4.71E+02	6.37E+14	6.28E-04	6.35E-04	0.98934	
419	4.73E+02	6.34E+14	6.30E-04	6.30E-04	0.99917	
420	4.75E+02	6.31E+14	6.25E-04	6.26E-04	0.999	
421	4.77E+02	6.28E+14	6.21E-04	6.21E-04	0.99952	
422	4.79E+02	6.26E+14	6.16E-04	6.17E-04	0.99944	
423	4.81E+02	6.23E+14	6.12E-04	6.12E-04	0.99899	
424	4.83E+02	6.21E+14	6.07E-04	6.08E-04	0.99835	
425	4.85E+02	6.18E+14	5.93E-04	6.04E-04	0.98186	
426	4.87E+02	6.16E+14	5.57E-04	6.00E-04	0.9289	
427	4.89E+02	6.13E+14	5.94E-04	5.95E-04	0.99737	
428	4.91E+02	6.11E+14	5.90E-04	5.91E-04	0.99773	
429	4.93E+02	6.08E+14	5.82E-04	5.87E-04	0.99058	
430	4.95E+02	6.06E+14	5.82E-04	5.83E-04	0.99715	
431	4.97E+02	6.03E+14	5.79E-04	5.79E-04	0.99962	
432	4.99E+02	6.01E+14	5.75E-04	5.75E-04	0.99982	
433	5.01E+02	5.98E+14	5.67E-04	5.71E-04	0.99204	
434	5.03E+02	5.96E+14	5.66E-04	5.67E-04	0.99794	
435	5.05E+02	5.94E+14	5.62E-04	5.64E-04	0.99698	
436	5.07E+02	5.91E+14	5.60E-04	5.60E-04	0.99966	
437	5.09E+02	5.89E+14	5.56E-04	5.56E-04	0.99964	
438	5.11E+02	5.87E+14	5.52E-04	5.52E-04	0.99966	
439	5.13E+02	5.84E+14	5.48E-04	5.49E-04	0.99924	
440	5.15E+02	5.82E+14	5.44E-04	5.45E-04	0.9992	
441	5.17E+02	5.80E+14	5.41E-04	5.41E-04	0.99921	
442	5.19E+02	5.78E+14	5.37E-04	5.38E-04	0.99943	
443	5.21E+02	5.75E+14	5.34E-04	5.34E-04	0.99963	
444	5.23E+02	5.73E+14	5.31E-04	5.31E-04	0.99986	
445	5.25E+02	5.71E+14	5.26E-04	5.27E-04	0.9978	
446	5.27E+02	5.69E+14	5.22E-04	5.24E-04	0.99763	
447	5.29E+02	5.67E+14	5.20E-04	5.20E-04	0.9998	
448	5.31E+02	5.65E+14	5.17E-04	5.17E-04	0.99969	
449	5.33E+02	5.62E+14	5.13E-04	5.13E-04	0.99965	
450	5.35E+02	5.60E+14	5.10E-04	5.10E-04	0.99986	
451	5.37E+02	5.58E+14	5.07E-04	5.07E-04	0.99977	
452	5.39E+02	5.56E+14	5.03E-04	5.04E-04	0.99961	
453	5.41E+02	5.54E+14	4.94E-04	5.00E-04	0.98777	
454	5.43E+02	5.52E+14	4.97E-04	4.97E-04	0.9999	
455	5.45E+02	5.50E+14	4.94E-04	4.94E-04	0.99988	
456	5.47E+02	5.48E+14	4.91E-04	4.91E-04	0.99963	
457	5.49E+02	5.46E+14	4.88E-04	4.88E-04	0.99977	
458	5.51E+02	5.44E+14	4.84E-04	4.85E-04	0.99902	
459	5.53E+02	5.42E+14	4.82E-04	4.82E-04	0.99976	
460	5.55E+02	5.40E+14	4.79E-04	4.79E-04	0.99993	
461	5.57E+02	5.38E+14	4.75E-04	4.76E-04	0.99933	
462	5.59E+02	5.36E+14	4.71E-04	4.73E-04	0.99713	
463	5.61E+02	5.34E+14	4.70E-04	4.70E-04	0.99994	
464	5.63E+02	5.32E+14	4.67E-04	4.67E-04	0.99992	
465	5.65E+02	5.31E+14	4.64E-04	4.64E-04	0.99986	
466	5.67E+02	5.29E+14	4.61E-04	4.61E-04	0.99952	
467	5.69E+02	5.27E+14	4.52E-04	4.58E-04	0.98624	
468	5.71E+02	5.25E+14	4.35E-04	4.56E-04	0.95405	
469	5.73E+02	5.23E+14	4.33E-04	4.53E-04	0.95454	
470	5.75E+02	5.21E+14	4.30E-04	4.51E-04	0.95449	
471	5.77E+02	5.20E+14	4.28E-04	4.48E-04	0.9556	
472	5.79E+02	5.18E+14	4.26E-04	4.45E-04	0.95637	
473	5.81E+02	5.16E+14	4.23E-04	4.42E-04	0.95529	
474	5.83E+02	5.14E+14	4.22E-04	4.40E-04	0.95936	
475	5.85E+02	5.12E+14	4.22E-04	4.37E-04	0.96453	
476	5.87E+02	5.11E+14	4.15E-04	4.35E-04	0.95533	
477	5.89E+02	5.09E+14	4.20E-04	4.32E-04	0.97184	
478	5.91E+02	5.07E+14	4.19E-04	4.29E-04	0.97664	
479	5.93E+02	5.06E+14	4.19E-04	4.27E-04	0.98155	
480	5.95E+02	5.04E+14	4.19E-04	4.24E-04	0.98734	
481	5.97E+02	5.02E+14	4.19E-04	4.22E-04	0.99287	
482	5.99E+02	5.00E+14	4.18E-04	4.19E-04	0.99657	
483	6.01E+02	4.99E+14	4.16E-04	4.17E-04	0.99861	
484	6.03E+02	4.97E+14	4.14E-04	4.14E-04	0.9982	
485	6.05E+02	4.96E+14	4.11E-04	4.12E-04	0.99862	
486	6.07E+02	4.94E+14	4.09E-04	4.10E-04	0.99842	
487	6.09E+02	4.92E+14	4.07E-04	4.07E-04	0.99942	
488	6.11E+02	4.91E+14	4.04E-04	4.05E-04	0.99827	
489	6.13E+02	4.89E+14	4.02E-04	4.02E-04	0.9986	
490	6.15E+02	4.87E+14	4.00E-04	4.00E-04	0.9989	
491	6.17E+02	4.86E+14	3.97E-04	3.98E-04	0.99694	
492	6.19E+02	4.84E+14	3.95E-04	3.96E-04	0.99975	
493	6.21E+02	4.83E+14	3.93E-04	3.93E-04	0.99991	
494	6.23E+02	4.81E+14	3.90E-04	3.91E-04	0.9972	
495	6.25E+02	4.80E+14	3.89E-04	3.89E-04	0.99942	
496	6.27E+02	4.78E+14	3.87E-04	3.87E-04	0.99985	
497	6.29E+02	4.77E+14	3.84E-04	3.84E-04	0.99991	
498	6.31E+02	4.75E+14	3.81E-04	3.82E-04	0.99599	
499	6.33E+02	4.74E+14	3.80E-04	3.80E-04	0.9999	
500	6.35E+02	4.72E+14	3.78E-04	3.78E-04	0.99964	
501	6.37E+02	4.71E+14	3.76E-04	3.76E-04	0.99992	
502	6.39E+02	4.69E+14	3.74E-04	3.74E-04	0.99987	
503	6.41E+02	4.68E+14	3.70E-04	3.72E-04	0.99547	
504	6.43E+02	4.66E+14	3.70E-04	3.70E-04	0.99998	
505	6.45E+02	4.65E+14	3.67E-04	3.68E-04	0.99932	
506	6.47E+02	4.63E+14	3.65E-04	3.66E-04	0.99886	
507	6.49E+02	4.62E+14	3.63E-04	3.64E-04	0.99934	
508	6.51E+02	4.61E+14	3.61E-04	3.62E-04	0.99932	
509	6.53E+02	4.59E+14	3.57E-04	3.60E-04	0.99303	
510	6.55E+02	4.58E+14	3.54E-04	3.58E-04	0.98935	
511	6.57E+02	4.56E+14	3.29E-04	3.56E-04	0.92526	
512	6.59E+02	4.55E+14	3.53E-04	3.54E-04	0.99793	
513	6.61E+02	4.54E+14	3.52E-04	3.52E-04	0.99978	
514	6.63E+02	4.52E+14	3.50E-04	3.50E-04	0.99997	
515	6.65E+02	4.51E+14	3.48E-04	3.48E-04	0.99974	
516	6.67E+02	4.49E+14	3.44E-04	3.46E-04	0.99287	
517	6.69E+02	4.48E+14	3.40E-04	3.44E-04	0.98797	
518	6.71E+02	4.47E+14	3.42E-04	3.42E-04	0.99806	
519	6.73E+02	4.45E+14	3.40E-04	3.41E-04	0.99807	
520	6.75E+02	4.44E+14	3.38E-04	3.39E-04	0.9984	
521	6.77E+02	4.43E+14	3.37E-04	3.37E-04	0.99958	
522	6.79E+02	4.42E+14	3.35E-04	3.35E-04	0.99965	
523	6.81E+02	4.40E+14	3.33E-04	3.33E-04	0.99992	
524	6.83E+02	4.39E+14	3.32E-04	3.32E-04	0.9999	
525	6.85E+02	4.38E+14	3.30E-04	3.30E-04	0.99977	
526	6.87E+02	4.36E+14	3.28E-04	3.28E-04	0.99943	
527	6.89E+02	4.35E+14	3.24E-04	3.27E-04	0.99204	
528	6.91E+02	4.34E+14	3.25E-04	3.25E-04	0.99906	
529	6.93E+02	4.33E+14	3.23E-04	3.23E-04	0.99999	
530	6.95E+02	4.31E+14	3.21E-04	3.21E-04	0.99997	
531	6.97E+02	4.30E+14	3.20E-04	3.20E-04	0.99999	
532	6.99E+02	4.29E+14	3.18E-04	3.18E-04	0.99997	
533	7.01E+02	4.28E+14	3.16E-04	3.17E-04	0.99936	
534	7.03E+02	4.26E+14	3.14E-04	3.15E-04	0.998	
535	7.05E+02	4.25E+14	3.13E-04	3.13E-04	0.99911	
536	7.07E+02	4.24E+14	3.09E-04	3.12E-04	0.99055	
537	7.09E+02	4.23E+14	3.10E-04	3.10E-04	0.99997	
538	7.11E+02	4.22E+14	3.08E-04	3.09E-04	0.99978	
539	7.13E+02	4.20E+14	3.07E-04	3.07E-04	0.99983	
540	7.15E+02	4.19E+14	3.05E-04	3.05E-04	0.99999	
541	7.17E+02	4.18E+14	3.02E-04	3.04E-04	0.99456	
542	7.19E+02	4.17E+14	3.02E-04	3.02E-04	0.99753	
543	7.21E+02	4.16E+14	3.01E-04	3.01E-04	0.99999	
544	7.23E+02	4.15E+14	2.99E-04	2.99E-04	0.99876	
545	7.25E+02	4.14E+14	2.98E-04	2.98E-04	0.99977	
546	7.27E+02	4.12E+14	2.96E-04	2.96E-04	0.99998	
547	7.29E+02	4.11E+14	2.94E-04	2.95E-04	0.99585	
548	7.31E+02	4.10E+14	2.93E-04	2.93E-04	0.99949	
549	7.33E+02	4.09E+14	2.92E-04	2.92E-04	0.99993	
550	7.35E+02	4.08E+14	2.90E-04	2.90E-04	0.99997	
551	7.37E+02	4.07E+14	2.89E-04	2.89E-04	0.99981	
552	7.39E+02	4.06E+14	2.88E-04	2.88E-04	0.99998	
553	7.41E+02	4.05E+14	2.86E-04	2.86E-04	0.99978	
554	7.43E+02	4.03E+14	2.85E-04	2.85E-04	0.99999	
555	7.45E+02	4.02E+14	2.83E-04	2.83E-04	0.99937	
556	7.47E+02	4.01E+14	2.82E-04	2.82E-04	0.9995	
557	7.49E+02	4.00E+14	2.80E-04	2.81E-04	0.99766	
558	7.51E+02	3.99E+14	2.79E-04	2.79E-04	0.9996	
559	7.53E+02	3.98E+14	2.78E-04	2.78E-04	0.99986	
560	7.55E+02	3.97E+14	2.77E-04	2.77E-04	0.99982	
561	7.57E+02	3.96E+14	2.75E-04	2.75E-04	0.99968	
562	7.59E+02	3.95E+14	2.72E-04	2.74E-04	0.99099	
563	7.61E+02	3.94E+14	2.72E-04	2.73E-04	0.99875	
564	7.63E+02	3.93E+14	2.71E-04	2.71E-04	0.99946	
565	7.65E+02	3.92E+14	2.70E-04	2.70E-04	0.99962	
566	7.67E+02	3.91E+14	2.69E-04	2.69E-04	0.99997	
567	7.69E+02	3.90E+14	2.67E-04	2.68E-04	0.99832	
568	7.71E+02	3.89E+14	2.66E-04	2.66E-04	0.99916	
569	7.73E+02	3.88E+14	2.64E-04	2.65E-04	0.99807	
570	7.75E+02	3.87E+14	2.64E-04	2.64E-04	0.99954	
571	7.77E+02	3.86E+14	2.62E-04	2.62E-04	0.99993	
572	7.79E+02	3.85E+14	2.61E-04	2.61E-04	0.99991	
573	7.81E+02	3.84E+14	2.60E-04	2.60E-04	0.99977	
574	7.83E+02	3.83E+14	2.59E-04	2.59E-04	0.99987	
575	7.85E+02	3.82E+14	2.57E-04	2.58E-04	0.99865	
576	7.87E+02	3.81E+14	2.56E-04	2.56E-04	0.99902	
577	7.89E+02	3.80E+14	2.55E-04	2.55E-04	0.99933	
578	7.91E+02	3.79E+14	2.54E-04	2.54E-04	0.99981	
579	7.93E+02	3.78E+14	2.53E-04	2.53E-04	0.99981	
580	7.95E+02	3.77E+14	2.52E-04	2.52E-04	0.99998	
581	7.97E+02	3.76E+14	2.50E-04	2.51E-04	0.99925	
582	7.99E+02	3.75E+14	2.49E-04	2.49E-04	0.9998	
583	8.01E+02	3.74E+14	2.48E-04	2.48E-04	0.99989	
584	8.03E+02	3.73E+14	2.47E-04	2.47E-04	0.99931	
585	8.05E+02	3.72E+14	2.46E-04	2.46E-04	0.99991	
586	8.07E+02	3.71E+14	2.45E-04	2.45E-04	0.99991	
587	8.09E+02	3.71E+14	2.44E-04	2.44E-04	0.99954	
588	8.11E+02	3.70E+14	2.42E-04	2.43E-04	0.9989	
589	8.13E+02	3.69E+14	2.42E-04	2.42E-04	0.99997	
590	8.15E+02	3.68E+14	2.40E-04	2.41E-04	0.99939	
591	8.17E+02	3.67E+14	2.39E-04	2.39E-04	0.99941	
592	8.19E+02	3.66E+14	2.38E-04	2.38E-04	0.99672	
593	8.21E+02	3.65E+14	2.31E-04	2.41E-04	0.95932	
594	8.23E+02	3.64E+14	2.29E-04	2.40E-04	0.95528	
595	8.25E+02	3.63E+14	2.29E-04	2.39E-04	0.95966	
596	8.27E+02	3.63E+14	2.28E-04	2.38E-04	0.95877	
597	8.29E+02	3.62E+14	2.28E-04	2.37E-04	0.96039	
598	8.31E+02	3.61E+14	2.27E-04	2.36E-04	0.96096	
599	8.33E+02	3.60E+14	2.25E-04	2.35E-04	0.95942	
600	8.35E+02	3.59E+14	2.24E-04	2.34E-04	0.95841	
601	8.37E+02	3.58E+14	2.24E-04	2.33E-04	0.96064	
602	8.39E+02	3.57E+14	2.23E-04	2.32E-04	0.96187	
603	8.41E+02	3.56E+14	2.22E-04	2.31E-04	0.96238	
604	8.43E+02	3.56E+14	2.21E-04	2.30E-04	0.96298	
605	8.45E+02	3.55E+14	2.20E-04	2.29E-04	0.96197	
606	8.47E+02	3.54E+14	2.20E-04	2.28E-04	0.96408	
607	8.49E+02	3.53E+14	2.19E-04	2.27E-04	0.96511	
608	8.51E+02	3.52E+14	2.17E-04	2.26E-04	0.96213	
609	8.53E+02	3.51E+14	2.17E-04	2.25E-04	0.96747	
610	8.55E+02	3.51E+14	2.16E-04	2.24E-04	0.96342	
611	8.57E+02	3.50E+14	2.17E-04	2.23E-04	0.97255	
612	8.59E+02	3.49E+14	2.14E-04	2.22E-04	0.96319	
613	8.61E+02	3.48E+14	2.13E-04	2.21E-04	0.96565	
614	8.63E+02	3.47E+14	2.15E-04	2.20E-04	0.97896	
615	8.65E+02	3.47E+14	2.13E-04	2.19E-04	0.97375	
616	8.67E+02	3.46E+14	2.08E-04	2.18E-04	0.95227	
617	8.69E+02	3.45E+14	2.13E-04	2.17E-04	0.98319	
618	8.71E+02	3.44E+14	2.14E-04	2.16E-04	0.9883	
619	8.73E+02	3.43E+14	2.12E-04	2.15E-04	0.98261	
620	8.75E+02	3.43E+14	2.02E-04	2.14E-04	0.94227	
621	8.77E+02	3.42E+14	2.09E-04	2.13E-04	0.9795	
622	8.79E+02	3.41E+14	2.11E-04	2.13E-04	0.99445	
623	8.81E+02	3.40E+14	2.11E-04	2.12E-04	0.99592	
624	8.83E+02	3.40E+14	2.10E-04	2.11E-04	0.99512	
625	8.85E+02	3.39E+14	2.04E-04	2.10E-04	0.973	
626	8.87E+02	3.38E+14	1.96E-04	2.09E-04	0.93622	
627	8.89E+02	3.37E+14	2.06E-04	2.08E-04	0.99208	
628	8.91E+02	3.36E+14	2.07E-04	2.07E-04	0.9976	
629	8.93E+02	3.36E+14	2.06E-04	2.06E-04	0.99712	
630	8.95E+02	3.35E+14	2.05E-04	2.06E-04	0.99822	
631	8.97E+02	3.34E+14	2.04E-04	2.05E-04	0.99867	
632	8.99E+02	3.33E+14	2.02E-04	2.04E-04	0.99068	
633	9.01E+02	3.33E+14	1.90E-04	2.03E-04	0.93537	
634	9.03E+02	3.32E+14	1.96E-04	2.02E-04	0.96721	
635	9.05E+02	3.31E+14	2.01E-04	2.01E-04	0.996	
636	9.07E+02	3.31E+14	2.00E-04	2.01E-04	0.99509	
637	9.09E+02	3.30E+14	1.99E-04	2.00E-04	0.99818	
638	9.11E+02	3.29E+14	1.99E-04	1.99E-04	0.99857	
639	9.13E+02	3.28E+14	1.98E-04	1.98E-04	0.99974	
640	9.15E+02	3.28E+14	1.97E-04	1.97E-04	0.99997	
641	9.17E+02	3.27E+14	1.96E-04	1.96E-04	0.99876	
642	9.19E+02	3.26E+14	1.95E-04	1.96E-04	0.99824	
643	9.21E+02	3.26E+14	1.91E-04	1.95E-04	0.9828	
644	9.23E+02	3.25E+14	1.78E-04	1.94E-04	0.9187	
645	9.25E+02	3.24E+14	1.90E-04	1.93E-04	0.98377	
646	9.27E+02	3.23E+14	1.92E-04	1.92E-04	0.99768	
647	9.29E+02	3.23E+14	1.92E-04	1.92E-04	0.99937	
648	9.31E+02	3.22E+14	1.91E-04	1.91E-04	0.99808	
649	9.33E+02	3.21E+14	1.90E-04	1.90E-04	0.99931	
650	9.35E+02	3.21E+14	1.87E-04	1.89E-04	0.9875	
651	9.37E+02	3.20E+14	1.88E-04	1.89E-04	0.99663	
652	9.39E+02	3.19E+14	1.88E-04	1.88E-04	0.99956	
653	9.41E+02	3.19E+14	1.87E-04	1.87E-04	0.99878	
654	9.43E+02	3.18E+14	1.86E-04	1.86E-04	0.99923	
655	9.45E+02	3.17E+14	1.86E-04	1.86E-04	0.99955	
656	9.47E+02	3.17E+14	1.84E-04	1.85E-04	0.99752	
657	9.49E+02	3.16E+14	1.84E-04	1.84E-04	0.9994	
658	9.51E+02	3.15E+14	1.82E-04	1.84E-04	0.99309	
659	9.53E+02	3.15E+14	1.79E-04	1.83E-04	0.97841	
660	9.55E+02	3.14E+14	1.67E-04	1.82E-04	0.91616	
661	9.57E+02	3.13E+14	1.79E-04	1.81E-04	0.98843	
662	9.59E+02	3.13E+14	1.80E-04	1.81E-04	0.99832	
663	9.61E+02	3.12E+14	1.80E-04	1.80E-04	0.99856	
664	9.63E+02	3.11E+14	1.79E-04	1.79E-04	0.99727	
665	9.65E+02	3.11E+14	1.79E-04	1.79E-04	0.99979	
666	9.67E+02	3.10E+14	1.78E-04	1.78E-04	0.99998	
667	9.69E+02	3.09E+14	1.77E-04	1.77E-04	0.9997	
668	9.71E+02	3.09E+14	1.74E-04	1.76E-04	0.98553	
669	9.73E+02	3.08E+14	1.75E-04	1.76E-04	0.99785	
670	9.75E+02	3.07E+14	1.75E-04	1.75E-04	0.99975	
671	9.77E+02	3.07E+14	1.74E-04	1.74E-04	0.99671	
672	9.79E+02	3.06E+14	1.74E-04	1.74E-04	0.99989	
673	9.81E+02	3.06E+14	1.73E-04	1.73E-04	0.99988	
674	9.83E+02	3.05E+14	1.72E-04	1.72E-04	0.99971	
675	9.85E+02	3.04E+14	1.72E-04	1.72E-04	0.99981	
676	9.87E+02	3.04E+14	1.71E-04	1.71E-04	0.99984	
677	9.89E+02	3.03E+14	1.70E-04	1.70E-04	0.99948	
678	9.91E+02	3.03E+14	1.70E-04	1.70E-04	0.99878	
679	9.93E+02	3.02E+14	1.69E-04	1.69E-04	0.99992	
680	9.95E+02	3.01E+14	1.69E-04	1.69E-04	0.99998	
681	9.97E+02	3.01E+14	1.68E-04	1.68E-04	0.99979	
682	9.99E+02	3.00E+14	1.67E-04	1.67E-04	0.99997	
683	1.00E+03	2.99E+14	1.63E-04	1.66E-04	0.97976	
684	1.01E+03	2.98E+14	1.60E-04	1.65E-04	0.96972	
685	1.01E+03	2.96E+14	1.61E-04	1.63E-04	0.98791	
686	1.02E+03	2.95E+14	1.62E-04	1.62E-04	0.99998	
687	1.02E+03	2.93E+14	1.60E-04	1.60E-04	0.9997	
688	1.03E+03	2.92E+14	1.59E-04	1.59E-04	0.99965	
689	1.03E+03	2.90E+14	1.57E-04	1.57E-04	0.99761	
690	1.04E+03	2.89E+14	1.56E-04	1.56E-04	0.99994	
691	1.04E+03	2.88E+14	1.54E-04	1.54E-04	0.9978	
692	1.05E+03	2.86E+14	1.53E-04	1.53E-04	0.99999	
693	1.05E+03	2.85E+14	1.52E-04	1.52E-04	0.99991	
694	1.06E+03	2.83E+14	1.50E-04	1.50E-04	0.99994	
695	1.06E+03	2.82E+14	1.49E-04	1.49E-04	0.99997	
696	1.07E+03	2.81E+14	1.48E-04	1.48E-04	0.99933	
697	1.07E+03	2.80E+14	1.46E-04	1.46E-04	0.99998	
698	1.08E+03	2.78E+14	1.45E-04	1.45E-04	0.99997	
699	1.08E+03	2.77E+14	1.43E-04	1.44E-04	0.99337	
700	1.09E+03	2.76E+14	1.42E-04	1.43E-04	0.99947	
701	1.09E+03	2.74E+14	1.35E-04	1.41E-04	0.95499	
702	1.10E+03	2.73E+14	1.39E-04	1.40E-04	0.99103	
703	1.10E+03	2.72E+14	1.39E-04	1.39E-04	0.99787	
704	1.11E+03	2.71E+14	1.38E-04	1.38E-04	0.99988	
705	1.11E+03	2.69E+14	1.37E-04	1.37E-04	0.99992	
706	1.12E+03	2.68E+14	1.35E-04	1.35E-04	0.99999	
707	1.12E+03	2.67E+14	1.34E-04	1.34E-04	0.99972	
708	1.13E+03	2.66E+14	1.33E-04	1.33E-04	0.99989	
709	1.13E+03	2.65E+14	1.32E-04	1.32E-04	0.99969	
710	1.14E+03	2.64E+14	1.31E-04	1.31E-04	0.99982	
711	1.14E+03	2.62E+14	1.30E-04	1.30E-04	0.99989	
712	1.15E+03	2.61E+14	1.29E-04	1.29E-04	0.9999	
713	1.15E+03	2.60E+14	1.28E-04	1.28E-04	0.99999	
714	1.16E+03	2.59E+14	1.27E-04	1.27E-04	0.99976	
715	1.16E+03	2.58E+14	1.25E-04	1.26E-04	0.99448	
716	1.17E+03	2.57E+14	1.24E-04	1.25E-04	0.99639	
717	1.17E+03	2.56E+14	1.24E-04	1.24E-04	0.99998	
718	1.18E+03	2.55E+14	1.23E-04	1.23E-04	0.99999	
719	1.18E+03	2.54E+14	1.22E-04	1.22E-04	0.99968	
720	1.19E+03	2.52E+14	1.21E-04	1.21E-04	0.99987	
721	1.19E+03	2.51E+14	1.20E-04	1.20E-04	0.99987	
722	1.20E+03	2.50E+14	1.18E-04	1.19E-04	0.99393	
723	1.20E+03	2.49E+14	1.18E-04	1.18E-04	0.99999	
724	1.21E+03	2.48E+14	1.17E-04	1.17E-04	0.99986	
725	1.21E+03	2.47E+14	1.16E-04	1.16E-04	0.99955	
726	1.22E+03	2.46E+14	1.15E-04	1.15E-04	0.99998	
727	1.22E+03	2.45E+14	1.14E-04	1.14E-04	0.99997	
728	1.23E+03	2.44E+14	1.13E-04	1.13E-04	0.99999	
729	1.23E+03	2.43E+14	1.12E-04	1.12E-04	0.99992	
730	1.24E+03	2.42E+14	1.11E-04	1.11E-04	0.99997	
731	1.24E+03	2.41E+14	1.11E-04	1.11E-04	0.99999	
732	1.25E+03	2.40E+14	1.10E-04	1.10E-04	0.99997	
733	1.25E+03	2.39E+14	1.09E-04	1.09E-04	0.99891	
734	1.26E+03	2.38E+14	1.08E-04	1.08E-04	0.99976	
735	1.26E+03	2.37E+14	1.07E-04	1.07E-04	0.99993	
736	1.27E+03	2.37E+14	1.06E-04	1.06E-04	0.99999	
737	1.27E+03	2.36E+14	1.06E-04	1.06E-04	0.99993	
738	1.28E+03	2.35E+14	1.04E-04	1.05E-04	0.99134	
739	1.28E+03	2.34E+14	9.93E-05	1.04E-04	0.9539	
740	1.29E+03	2.33E+14	1.03E-04	1.03E-04	0.99825	
741	1.29E+03	2.32E+14	1.03E-04	1.03E-04	0.99998	
742	1.30E+03	2.31E+14	1.02E-04	1.02E-04	0.99702	
743	1.30E+03	2.30E+14	1.01E-04	1.01E-04	0.99977	
744	1.31E+03	2.29E+14	1.00E-04	1.00E-04	1	
745	1.31E+03	2.28E+14	9.96E-05	9.96E-05	1	
746	1.32E+03	2.28E+14	9.89E-05	9.89E-05	0.99999	
747	1.32E+03	2.27E+14	9.82E-05	9.82E-05	1	
748	1.33E+03	2.26E+14	9.75E-05	9.75E-05	1	
749	1.33E+03	2.25E+14	9.68E-05	9.68E-05	0.99997	
750	1.34E+03	2.24E+14	9.61E-05	9.61E-05	0.99993	
751	1.34E+03	2.23E+14	9.53E-05	9.54E-05	0.99956	
752	1.35E+03	2.22E+14	9.47E-05	9.47E-05	0.99993	
753	1.35E+03	2.22E+14	9.40E-05	9.40E-05	0.99986	
754	1.36E+03	2.21E+14	9.34E-05	9.34E-05	0.99999	
755	1.36E+03	2.20E+14	9.27E-05	9.27E-05	0.99987	
756	1.37E+03	2.19E+14	9.21E-05	9.21E-05	0.99998	
757	1.37E+03	2.18E+14	9.14E-05	9.14E-05	0.99965	
758	1.38E+03	2.18E+14	9.08E-05	9.08E-05	0.99999	
759	1.38E+03	2.17E+14	9.01E-05	9.01E-05	1	
760	1.39E+03	2.16E+14	8.95E-05	8.95E-05	0.99998	
761	1.39E+03	2.15E+14	8.89E-05	8.89E-05	0.99983	
762	1.40E+03	2.15E+14	8.83E-05	8.83E-05	0.99998	
763	1.40E+03	2.14E+14	8.77E-05	8.77E-05	0.99982	
764	1.41E+03	2.13E+14	8.71E-05	8.71E-05	0.99999	
765	1.41E+03	2.12E+14	8.65E-05	8.65E-05	0.99995	
766	1.42E+03	2.11E+14	8.59E-05	8.59E-05	0.99994	
767	1.42E+03	2.11E+14	8.53E-05	8.53E-05	0.99999	
768	1.43E+03	2.10E+14	8.48E-05	8.48E-05	0.99997	
769	1.43E+03	2.09E+14	8.42E-05	8.42E-05	0.99997	
770	1.44E+03	2.09E+14	8.36E-05	8.36E-05	0.99996	
771	1.44E+03	2.08E+14	8.31E-05	8.31E-05	0.99999	
772	1.45E+03	2.07E+14	8.25E-05	8.25E-05	1	
773	1.45E+03	2.06E+14	8.20E-05	8.20E-05	0.99998	
774	1.46E+03	2.06E+14	8.15E-05	8.15E-05	0.99999	
775	1.46E+03	2.05E+14	8.10E-05	8.14E-05	0.99507	
776	1.47E+03	2.04E+14	8.04E-05	8.08E-05	0.99511	
777	1.47E+03	2.04E+14	7.98E-05	8.02E-05	0.99503	
778	1.48E+03	2.03E+14	7.90E-05	7.97E-05	0.991	
779	1.48E+03	2.02E+14	7.88E-05	7.92E-05	0.9952	
780	1.49E+03	2.02E+14	7.83E-05	7.87E-05	0.99527	
781	1.49E+03	2.01E+14	7.78E-05	7.82E-05	0.99531	
782	1.50E+03	2.00E+14	7.73E-05	7.77E-05	0.99533	
783	1.50E+03	2.00E+14	7.68E-05	7.72E-05	0.99532	
784	1.51E+03	1.99E+14	7.62E-05	7.67E-05	0.99451	
785	1.51E+03	1.98E+14	7.58E-05	7.62E-05	0.99536	
786	1.52E+03	1.98E+14	7.53E-05	7.57E-05	0.99534	
787	1.52E+03	1.97E+14	7.49E-05	7.52E-05	0.9954	
788	1.53E+03	1.96E+14	7.44E-05	7.47E-05	0.99519	
789	1.53E+03	1.96E+14	7.39E-05	7.43E-05	0.99506	
790	1.54E+03	1.95E+14	7.35E-05	7.38E-05	0.99534	
791	1.54E+03	1.94E+14	7.29E-05	7.33E-05	0.99447	
792	1.55E+03	1.94E+14	7.25E-05	7.29E-05	0.99531	
793	1.55E+03	1.93E+14	7.21E-05	7.24E-05	0.99516	
794	1.56E+03	1.92E+14	7.15E-05	7.20E-05	0.99321	
795	1.56E+03	1.92E+14	7.13E-05	7.15E-05	0.99642	
796	1.57E+03	1.91E+14	7.07E-05	7.11E-05	0.99386	
797	1.57E+03	1.91E+14	7.01E-05	7.06E-05	0.99185	
798	1.58E+03	1.90E+14	7.00E-05	7.02E-05	0.99704	
799	1.58E+03	1.89E+14	6.96E-05	6.98E-05	0.99667	
800	1.59E+03	1.89E+14	6.84E-05	6.94E-05	0.98647	
801	1.59E+03	1.88E+14	6.86E-05	6.89E-05	0.99479	
802	1.60E+03	1.88E+14	6.84E-05	6.85E-05	0.99892	
803	1.61E+03	1.87E+14	6.76E-05	6.79E-05	0.99629	
804	1.62E+03	1.86E+14	6.63E-05	6.71E-05	0.98884	
805	1.63E+03	1.84E+14	6.63E-05	6.63E-05	0.99997	
806	1.64E+03	1.83E+14	6.52E-05	6.55E-05	0.99532	
807	1.65E+03	1.82E+14	6.38E-05	6.47E-05	0.98539	
808	1.66E+03	1.81E+14	6.40E-05	6.40E-05	0.99991	
809	1.67E+03	1.80E+14	6.32E-05	6.32E-05	0.99992	
810	1.68E+03	1.79E+14	6.21E-05	6.25E-05	0.99434	
811	1.69E+03	1.78E+14	6.07E-05	6.18E-05	0.9828	
812	1.70E+03	1.77E+14	6.11E-05	6.11E-05	0.99993	
813	1.71E+03	1.76E+14	6.02E-05	6.04E-05	0.99691	
814	1.72E+03	1.75E+14	5.97E-05	5.97E-05	0.99999	
815	1.73E+03	1.74E+14	5.90E-05	5.90E-05	0.99997	
816	1.74E+03	1.73E+14	5.70E-05	5.84E-05	0.97622	
817	1.75E+03	1.72E+14	5.76E-05	5.77E-05	0.99841	
818	1.76E+03	1.71E+14	5.71E-05	5.71E-05	0.99999	
819	1.77E+03	1.70E+14	5.64E-05	5.64E-05	1	
820	1.78E+03	1.69E+14	5.58E-05	5.58E-05	0.99997	
821	1.79E+03	1.68E+14	5.52E-05	5.52E-05	0.99992	
822	1.80E+03	1.67E+14	5.46E-05	5.46E-05	1	
823	1.81E+03	1.66E+14	5.40E-05	5.40E-05	0.99998	
824	1.82E+03	1.65E+14	5.21E-05	5.34E-05	0.97572	
825	1.83E+03	1.64E+14	5.27E-05	5.29E-05	0.99653	
826	1.84E+03	1.63E+14	5.23E-05	5.23E-05	0.99999	
827	1.85E+03	1.62E+14	5.18E-05	5.18E-05	0.99998	
828	1.86E+03	1.62E+14	5.12E-05	5.12E-05	0.99956	
829	1.87E+03	1.61E+14	5.02E-05	5.07E-05	0.9904	
830	1.88E+03	1.60E+14	4.88E-05	5.02E-05	0.97234	
831	1.89E+03	1.59E+14	4.96E-05	4.96E-05	0.99979	
832	1.90E+03	1.58E+14	4.91E-05	4.91E-05	0.99989	
833	1.91E+03	1.57E+14	4.85E-05	4.86E-05	0.99787	
834	1.92E+03	1.57E+14	4.81E-05	4.81E-05	0.99998	
835	1.93E+03	1.56E+14	4.76E-05	4.76E-05	0.99999	
836	1.94E+03	1.55E+14	4.71E-05	4.72E-05	0.9993	
837	1.95E+03	1.54E+14	4.53E-05	4.67E-05	0.97119	
838	1.96E+03	1.53E+14	4.62E-05	4.62E-05	0.9987	
839	1.97E+03	1.53E+14	4.58E-05	4.58E-05	0.99999	
840	1.98E+03	1.52E+14	4.53E-05	4.53E-05	1	
841	1.99E+03	1.51E+14	4.49E-05	4.49E-05	0.99997	
842	2.00E+03	1.50E+14	4.44E-05	4.44E-05	0.99996	
843	2.01E+03	1.50E+14	4.40E-05	4.40E-05	1	
844	2.02E+03	1.49E+14	4.36E-05	4.36E-05	1	
845	2.03E+03	1.48E+14	4.31E-05	4.31E-05	1	
846	2.04E+03	1.47E+14	4.27E-05	4.27E-05	1	
847	2.05E+03	1.47E+14	4.23E-05	4.23E-05	0.99984	
848	2.06E+03	1.46E+14	4.19E-05	4.19E-05	0.99891	
849	2.07E+03	1.45E+14	4.15E-05	4.15E-05	1	
850	2.08E+03	1.44E+14	4.11E-05	4.11E-05	0.99992	
851	2.09E+03	1.44E+14	4.07E-05	4.07E-05	0.99999	
852	2.10E+03	1.43E+14	4.04E-05	4.04E-05	0.99999	
853	2.11E+03	1.42E+14	4.00E-05	4.00E-05	0.99998	
854	2.12E+03	1.42E+14	3.95E-05	3.96E-05	0.99785	
855	2.13E+03	1.41E+14	3.92E-05	3.92E-05	1	
856	2.14E+03	1.40E+14	3.89E-05	3.89E-05	0.99999	
857	2.15E+03	1.40E+14	3.85E-05	3.85E-05	0.99987	
858	2.16E+03	1.39E+14	3.82E-05	3.82E-05	0.99953	
859	2.17E+03	1.38E+14	3.67E-05	3.78E-05	0.96914	
860	2.18E+03	1.38E+14	3.74E-05	3.75E-05	0.99854	
861	2.19E+03	1.37E+14	3.71E-05	3.72E-05	0.9997	
862	2.20E+03	1.37E+14	3.68E-05	3.68E-05	1	
863	2.21E+03	1.36E+14	3.65E-05	3.65E-05	1	
864	2.22E+03	1.35E+14	3.62E-05	3.62E-05	1	
865	2.23E+03	1.35E+14	3.59E-05	3.59E-05	0.99993	
866	2.24E+03	1.34E+14	3.55E-05	3.55E-05	1	
867	2.25E+03	1.34E+14	3.52E-05	3.52E-05	0.99999	
868	2.26E+03	1.33E+14	3.49E-05	3.49E-05	0.99999	
869	2.27E+03	1.32E+14	3.46E-05	3.46E-05	1	
870	2.28E+03	1.32E+14	3.43E-05	3.43E-05	1	
871	2.29E+03	1.31E+14	3.41E-05	3.41E-05	0.9998	
872	2.30E+03	1.31E+14	3.38E-05	3.38E-05	0.99997	
873	2.31E+03	1.30E+14	3.35E-05	3.35E-05	0.9997	
874	2.32E+03	1.30E+14	3.32E-05	3.32E-05	0.9999	
875	2.33E+03	1.29E+14	3.30E-05	3.30E-05	0.99997	
876	2.34E+03	1.28E+14	3.27E-05	3.27E-05	0.9999	
877	2.35E+03	1.28E+14	3.24E-05	3.24E-05	0.9999	
878	2.36E+03	1.27E+14	3.21E-05	3.21E-05	0.9999	
879	2.37E+03	1.27E+14	3.19E-05	3.19E-05	0.9999	
880	2.38E+03	1.26E+14	3.16E-05	3.16E-05	0.9999	
881	2.39E+03	1.26E+14	3.13E-05	3.13E-05	0.99997	
882	2.40E+03	1.25E+14	3.11E-05	3.11E-05	0.9999	
883	2.41E+03	1.25E+14	3.08E-05	3.08E-05	0.99989	
884	2.42E+03	1.24E+14	3.06E-05	3.06E-05	0.9999	
885	2.43E+03	1.24E+14	3.03E-05	3.03E-05	0.99957	
886	2.44E+03	1.23E+14	3.01E-05	3.01E-05	0.99939	
887	2.45E+03	1.23E+14	2.98E-05	2.98E-05	0.99893	
888	2.46E+03	1.22E+14	2.96E-05	2.96E-05	0.99939	
889	2.47E+03	1.22E+14	2.93E-05	2.94E-05	0.99883	
890	2.48E+03	1.21E+14	2.91E-05	2.91E-05	0.99786	
891	2.49E+03	1.21E+14	2.89E-05	2.89E-05	0.9999	
892	2.50E+03	1.20E+14	2.86E-05	2.87E-05	0.99716	
893	2.51E+03	1.20E+14	2.84E-05	2.84E-05	0.9998	
894	2.52E+03	1.19E+14	2.82E-05	2.82E-05	0.9999	
895	2.53E+03	1.19E+14	2.79E-05	2.80E-05	0.99626	
896	2.54E+03	1.18E+14	2.78E-05	2.78E-05	0.99933	
897	2.55E+03	1.18E+14	2.76E-05	2.76E-05	0.99998	
898	2.56E+03	1.17E+14	2.73E-05	2.74E-05	0.99907	
899	2.57E+03	1.17E+14	2.70E-05	2.71E-05	0.99454	
900	2.58E+03	1.16E+14	2.69E-05	2.69E-05	0.99957	
901	2.59E+03	1.16E+14	2.67E-05	2.67E-05	0.99998	
902	2.60E+03	1.16E+14	2.65E-05	2.65E-05	0.99998	
903	2.61E+03	1.15E+14	2.63E-05	2.63E-05	0.99755	
904	2.62E+03	1.15E+14	2.58E-05	2.61E-05	0.98933	
905	2.63E+03	1.14E+14	2.51E-05	2.59E-05	0.9671	
906	2.64E+03	1.14E+14	2.57E-05	2.57E-05	0.99788	
907	2.65E+03	1.13E+14	2.55E-05	2.55E-05	0.99997	
908	2.66E+03	1.13E+14	2.53E-05	2.54E-05	0.99945	
909	2.67E+03	1.12E+14	2.51E-05	2.52E-05	0.99845	
910	2.68E+03	1.12E+14	2.47E-05	2.50E-05	0.98676	
911	2.69E+03	1.12E+14	2.48E-05	2.48E-05	0.9982	
912	2.70E+03	1.11E+14	2.46E-05	2.46E-05	0.99999	
913	2.71E+03	1.11E+14	2.44E-05	2.44E-05	1	
914	2.72E+03	1.10E+14	2.43E-05	2.43E-05	1	
915	2.73E+03	1.10E+14	2.41E-05	2.41E-05	1	
916	2.74E+03	1.10E+14	2.39E-05	2.39E-05	0.99999	
917	2.75E+03	1.09E+14	2.37E-05	2.37E-05	0.99955	
918	2.76E+03	1.09E+14	2.32E-05	2.36E-05	0.98412	
919	2.77E+03	1.08E+14	2.33E-05	2.34E-05	0.99426	
920	2.78E+03	1.08E+14	2.32E-05	2.32E-05	0.99998	
921	2.79E+03	1.08E+14	2.31E-05	2.31E-05	0.99998	
922	2.80E+03	1.07E+14	2.29E-05	2.29E-05	1	
923	2.81E+03	1.07E+14	2.27E-05	2.27E-05	0.99998	
924	2.82E+03	1.06E+14	2.26E-05	2.26E-05	0.99999	
925	2.83E+03	1.06E+14	2.24E-05	2.24E-05	0.99999	
926	2.84E+03	1.06E+14	2.23E-05	2.23E-05	1	
927	2.85E+03	1.05E+14	2.21E-05	2.21E-05	1	
928	2.86E+03	1.05E+14	2.20E-05	2.20E-05	0.99979	
929	2.87E+03	1.05E+14	2.17E-05	2.18E-05	0.99589	
930	2.88E+03	1.04E+14	2.12E-05	2.17E-05	0.97824	
931	2.89E+03	1.04E+14	2.15E-05	2.15E-05	0.99905	
932	2.90E+03	1.04E+14	2.14E-05	2.14E-05	0.99999	
933	2.91E+03	1.03E+14	2.12E-05	2.12E-05	1	
934	2.92E+03	1.03E+14	2.11E-05	2.11E-05	1	
935	2.93E+03	1.02E+14	2.09E-05	2.09E-05	1	
936	2.94E+03	1.02E+14	2.08E-05	2.08E-05	0.99999	
937	2.95E+03	1.02E+14	2.06E-05	2.06E-05	0.99999	
938	2.96E+03	1.01E+14	2.05E-05	2.05E-05	1	
939	2.97E+03	1.01E+14	2.04E-05	2.04E-05	1	
940	2.98E+03	1.01E+14	2.02E-05	2.02E-05	1	
941	2.99E+03	1.00E+14	2.01E-05	2.01E-05	1	
942	3.00E+03	1.00E+14	2.00E-05	2.00E-05	0.99999	
943	3.01E+03	9.98E+13	1.98E-05	1.98E-05	1	
944	3.02E+03	9.94E+13	1.97E-05	1.97E-05	0.99995	
945	3.03E+03	9.91E+13	1.96E-05	1.96E-05	0.99979	
946	3.04E+03	9.88E+13	1.91E-05	1.95E-05	0.97963	
947	3.05E+03	9.85E+13	1.91E-05	1.93E-05	0.98948	
948	3.06E+03	9.81E+13	1.92E-05	1.92E-05	0.99997	
949	3.07E+03	9.78E+13	1.91E-05	1.91E-05	0.99997	
950	3.08E+03	9.75E+13	1.90E-05	1.90E-05	0.99992	
951	3.09E+03	9.72E+13	1.88E-05	1.88E-05	0.9999	
952	3.10E+03	9.69E+13	1.87E-05	1.87E-05	1	
953	3.11E+03	9.66E+13	1.86E-05	1.86E-05	0.99998	
954	3.12E+03	9.62E+13	1.85E-05	1.85E-05	0.99999	
955	3.13E+03	9.59E+13	1.84E-05	1.84E-05	0.99998	
956	3.14E+03	9.56E+13	1.82E-05	1.82E-05	1	
957	3.15E+03	9.53E+13	1.81E-05	1.81E-05	0.99999	
958	3.16E+03	9.50E+13	1.80E-05	1.80E-05	1	
959	3.17E+03	9.47E+13	1.79E-05	1.79E-05	0.99999	
960	3.18E+03	9.44E+13	1.78E-05	1.78E-05	1	
961	3.19E+03	9.41E+13	1.77E-05	1.77E-05	1	
962	3.20E+03	9.38E+13	1.76E-05	1.76E-05	1	
963	3.21E+03	9.34E+13	1.74E-05	1.74E-05	1	
964	3.23E+03	9.28E+13	1.72E-05	1.72E-05	1	
965	3.25E+03	9.22E+13	1.70E-05	1.70E-05	1	
966	3.27E+03	9.17E+13	1.68E-05	1.68E-05	0.99999	
967	3.29E+03	9.11E+13	1.63E-05	1.66E-05	0.98121	
968	3.31E+03	9.06E+13	1.63E-05	1.64E-05	0.99621	
969	3.33E+03	9.00E+13	1.62E-05	1.62E-05	0.99985	
970	3.35E+03	8.95E+13	1.60E-05	1.60E-05	0.99998	
971	3.37E+03	8.90E+13	1.58E-05	1.58E-05	0.99998	
972	3.39E+03	8.84E+13	1.56E-05	1.56E-05	0.99998	
973	3.41E+03	8.79E+13	1.54E-05	1.54E-05	0.99998	
974	3.43E+03	8.74E+13	1.53E-05	1.53E-05	0.99998	
975	3.45E+03	8.69E+13	1.51E-05	1.51E-05	0.99998	
976	3.47E+03	8.64E+13	1.49E-05	1.49E-05	0.99998	
977	3.49E+03	8.59E+13	1.47E-05	1.47E-05	0.99998	
978	3.51E+03	8.54E+13	1.46E-05	1.46E-05	0.99998	
979	3.53E+03	8.49E+13	1.44E-05	1.44E-05	0.99998	
980	3.55E+03	8.44E+13	1.43E-05	1.43E-05	0.99998	
981	3.57E+03	8.40E+13	1.41E-05	1.41E-05	0.99998	
982	3.59E+03	8.35E+13	1.39E-05	1.39E-05	0.99998	
983	3.61E+03	8.30E+13	1.38E-05	1.38E-05	0.99998	
984	3.63E+03	8.26E+13	1.36E-05	1.36E-05	0.99998	
985	3.65E+03	8.21E+13	1.35E-05	1.35E-05	0.99997	
986	3.67E+03	8.17E+13	1.33E-05	1.33E-05	0.99998	
987	3.69E+03	8.12E+13	1.32E-05	1.32E-05	0.99961	
988	3.71E+03	8.08E+13	1.30E-05	1.31E-05	0.99902	
989	3.73E+03	8.04E+13	1.28E-05	1.29E-05	0.99134	
990	3.75E+03	7.99E+13	1.26E-05	1.28E-05	0.9853	
991	3.77E+03	7.95E+13	1.26E-05	1.26E-05	0.99997	
992	3.79E+03	7.91E+13	1.25E-05	1.25E-05	0.99999	
993	3.81E+03	7.87E+13	1.24E-05	1.24E-05	0.99883	
994	3.83E+03	7.83E+13	1.22E-05	1.23E-05	0.99899	
995	3.85E+03	7.79E+13	1.21E-05	1.21E-05	0.99999	
996	3.87E+03	7.75E+13	1.20E-05	1.20E-05	0.99999	
997	3.89E+03	7.71E+13	1.19E-05	1.19E-05	0.9999	
998	3.91E+03	7.67E+13	1.17E-05	1.18E-05	0.99656	
999	3.93E+03	7.63E+13	1.16E-05	1.16E-05	0.99998	
1000	3.95E+03	7.59E+13	1.15E-05	1.15E-05	0.99999	
1001	3.97E+03	7.55E+13	1.14E-05	1.14E-05	0.99999	
1002	3.99E+03	7.51E+13	1.13E-05	1.13E-05	0.99999	
1003	4.01E+03	7.48E+13	1.12E-05	1.12E-05	0.99745	
1004	4.03E+03	7.44E+13	1.10E-05	1.11E-05	0.99474	
1005	4.05E+03	7.40E+13	1.08E-05	1.10E-05	0.98155	
1006	4.07E+03	7.37E+13	1.09E-05	1.09E-05	0.99997	
1007	4.09E+03	7.33E+13	1.07E-05	1.07E-05	1	
1008	4.11E+03	7.29E+13	1.06E-05	1.06E-05	1	
1009	4.13E+03	7.26E+13	1.05E-05	1.05E-05	0.99949	
1010	4.15E+03	7.22E+13	1.04E-05	1.04E-05	0.9998	
1011	4.17E+03	7.19E+13	1.02E-05	1.03E-05	0.99093	
1012	4.19E+03	7.15E+13	1.02E-05	1.02E-05	0.99956	
1013	4.21E+03	7.12E+13	1.01E-05	1.01E-05	1	
1014	4.23E+03	7.09E+13	1.00E-05	1.00E-05	1	
1015	4.25E+03	7.05E+13	9.95E-06	9.95E-06	0.99974	
1016	4.27E+03	7.02E+13	9.86E-06	9.86E-06	1	
1017	4.29E+03	6.99E+13	9.76E-06	9.77E-06	0.99903	
1018	4.31E+03	6.96E+13	9.68E-06	9.68E-06	1	
1019	4.33E+03	6.92E+13	9.59E-06	9.59E-06	1	
1020	4.35E+03	6.89E+13	9.50E-06	9.50E-06	0.99998	
1021	4.37E+03	6.86E+13	9.31E-06	9.41E-06	0.98918	
1022	4.39E+03	6.83E+13	9.30E-06	9.33E-06	0.99726	
1023	4.41E+03	6.80E+13	9.24E-06	9.24E-06	0.99999	
1024	4.43E+03	6.77E+13	9.16E-06	9.16E-06	1	
1025	4.45E+03	6.74E+13	9.08E-06	9.08E-06	1	
1026	4.47E+03	6.71E+13	9.00E-06	9.00E-06	0.99999	
1027	4.49E+03	6.68E+13	8.92E-06	8.92E-06	0.99999	
1028	4.51E+03	6.65E+13	8.84E-06	8.84E-06	0.99998	
1029	4.53E+03	6.62E+13	8.76E-06	8.76E-06	0.99999	
1030	4.55E+03	6.59E+13	8.69E-06	8.69E-06	0.99999	
1031	4.57E+03	6.56E+13	8.61E-06	8.61E-06	0.99999	
1032	4.59E+03	6.53E+13	8.54E-06	8.54E-06	0.99999	
1033	4.61E+03	6.50E+13	8.46E-06	8.46E-06	0.9998	
1034	4.63E+03	6.48E+13	8.39E-06	8.39E-06	0.9998	
1035	4.65E+03	6.45E+13	8.11E-06	8.32E-06	0.97569	
1036	4.67E+03	6.42E+13	8.10E-06	8.24E-06	0.98264	
1037	4.69E+03	6.39E+13	8.15E-06	8.17E-06	0.99756	
1038	4.71E+03	6.37E+13	8.10E-06	8.10E-06	0.99998	
1039	4.73E+03	6.34E+13	8.04E-06	8.04E-06	0.99999	
1040	4.75E+03	6.31E+13	7.97E-06	7.97E-06	0.99998	
1041	4.77E+03	6.28E+13	7.90E-06	7.90E-06	0.99999	
1042	4.79E+03	6.26E+13	7.84E-06	7.84E-06	0.99999	
1043	4.81E+03	6.23E+13	7.77E-06	7.77E-06	0.99999	
1044	4.83E+03	6.21E+13	7.71E-06	7.71E-06	0.99999	
1045	4.85E+03	6.18E+13	7.64E-06	7.64E-06	0.99999	
1046	4.87E+03	6.16E+13	7.58E-06	7.58E-06	0.99999	
1047	4.89E+03	6.13E+13	7.52E-06	7.52E-06	0.99999	
1048	4.91E+03	6.11E+13	7.46E-06	7.46E-06	0.99999	
1049	4.93E+03	6.08E+13	7.40E-06	7.40E-06	0.99999	
1050	4.95E+03	6.06E+13	7.34E-06	7.34E-06	0.99999	
1051	4.97E+03	6.03E+13	7.28E-06	7.28E-06	0.99999	
1052	4.99E+03	6.01E+13	7.22E-06	7.22E-06	0.99999	
1053	5.01E+03	5.98E+13	7.16E-06	7.16E-06	0.99999	
1054	5.03E+03	5.96E+13	7.10E-06	7.10E-06	0.99999	
1055	5.05E+03	5.94E+13	7.05E-06	7.05E-06	0.99999	
1056	5.07E+03	5.91E+13	6.99E-06	6.99E-06	0.99999	
1057	5.09E+03	5.89E+13	6.94E-06	6.94E-06	0.99998	
1058	5.11E+03	5.87E+13	6.87E-06	6.88E-06	0.99849	
1059	5.13E+03	5.84E+13	6.69E-06	6.83E-06	0.97998	
1060	5.15E+03	5.82E+13	6.77E-06	6.78E-06	0.99925	
1061	5.17E+03	5.80E+13	6.72E-06	6.72E-06	0.99998	
1062	5.19E+03	5.78E+13	6.67E-06	6.67E-06	0.99999	
1063	5.21E+03	5.75E+13	6.62E-06	6.62E-06	0.99999	
1064	5.23E+03	5.73E+13	6.57E-06	6.57E-06	0.99999	
1065	5.25E+03	5.71E+13	6.52E-06	6.52E-06	0.99998	
1066	5.27E+03	5.69E+13	6.47E-06	6.47E-06	0.99998	
1067	5.29E+03	5.67E+13	6.42E-06	6.42E-06	0.99999	
1068	5.31E+03	5.65E+13	6.37E-06	6.37E-06	0.99999	
1069	5.33E+03	5.62E+13	6.32E-06	6.32E-06	0.99999	
1070	5.35E+03	5.60E+13	6.28E-06	6.28E-06	0.99999	
1071	5.37E+03	5.58E+13	6.23E-06	6.23E-06	0.99979	
1072	5.39E+03	5.56E+13	6.18E-06	6.18E-06	0.9998	
1073	5.41E+03	5.54E+13	6.14E-06	6.14E-06	0.99999	
1074	5.43E+03	5.52E+13	6.09E-06	6.09E-06	1	
1075	5.45E+03	5.50E+13	6.05E-06	6.05E-06	1	
1076	5.47E+03	5.48E+13	6.00E-06	6.00E-06	1	
1077	5.49E+03	5.46E+13	5.96E-06	5.96E-06	0.99999	
1078	5.51E+03	5.44E+13	5.91E-06	5.91E-06	0.99997	
1079	5.53E+03	5.42E+13	5.86E-06	5.87E-06	0.99837	
1080	5.55E+03	5.40E+13	5.83E-06	5.83E-06	0.99999	
1081	5.57E+03	5.38E+13	5.79E-06	5.79E-06	0.99999	
1082	5.59E+03	5.36E+13	5.75E-06	5.75E-06	1	
1083	5.61E+03	5.34E+13	5.70E-06	5.70E-06	1	
1084	5.63E+03	5.32E+13	5.66E-06	5.66E-06	1	
1085	5.65E+03	5.31E+13	5.62E-06	5.62E-06	1	
1086	5.67E+03	5.29E+13	5.58E-06	5.58E-06	0.99999	
1087	5.69E+03	5.27E+13	5.54E-06	5.54E-06	0.99997	
1088	5.71E+03	5.25E+13	5.48E-06	5.51E-06	0.99632	
1089	5.73E+03	5.23E+13	5.47E-06	5.47E-06	0.9999	
1090	5.75E+03	5.21E+13	5.43E-06	5.43E-06	0.99999	
1091	5.77E+03	5.20E+13	5.39E-06	5.39E-06	1	
1092	5.79E+03	5.18E+13	5.35E-06	5.35E-06	0.99999	
1093	5.81E+03	5.16E+13	5.32E-06	5.32E-06	1	
1094	5.83E+03	5.14E+13	5.28E-06	5.28E-06	0.99999	
1095	5.85E+03	5.12E+13	5.24E-06	5.24E-06	0.99999	
1096	5.87E+03	5.11E+13	5.21E-06	5.21E-06	0.99998	
1097	5.89E+03	5.09E+13	5.16E-06	5.17E-06	0.99793	
1098	5.91E+03	5.07E+13	5.01E-06	5.14E-06	0.97558	
1099	5.93E+03	5.06E+13	5.10E-06	5.10E-06	0.9987	
1100	5.95E+03	5.04E+13	5.04E-06	5.07E-06	0.99399	
1101	5.97E+03	5.02E+13	5.02E-06	5.03E-06	0.99749	
1102	5.99E+03	5.00E+13	5.00E-06	5.00E-06	0.99998	
1103	6.01E+03	4.99E+13	4.97E-06	4.97E-06	0.99999	
1104	6.03E+03	4.97E+13	4.93E-06	4.93E-06	0.99998	
1105	6.05E+03	4.96E+13	4.90E-06	4.90E-06	0.99999	
1106	6.07E+03	4.94E+13	4.87E-06	4.87E-06	0.99999	
1107	6.09E+03	4.92E+13	4.84E-06	4.84E-06	0.99999	
1108	6.11E+03	4.91E+13	4.80E-06	4.80E-06	0.99999	
1109	6.13E+03	4.89E+13	4.77E-06	4.77E-06	0.99999	
1110	6.15E+03	4.87E+13	4.74E-06	4.74E-06	0.99999	
1111	6.17E+03	4.86E+13	4.71E-06	4.71E-06	0.99999	
1112	6.19E+03	4.84E+13	4.68E-06	4.68E-06	0.99999	
1113	6.21E+03	4.83E+13	4.65E-06	4.65E-06	0.99999	
1114	6.23E+03	4.81E+13	4.62E-06	4.62E-06	0.99999	
1115	6.25E+03	4.80E+13	4.59E-06	4.59E-06	0.99999	
1116	6.27E+03	4.78E+13	4.56E-06	4.56E-06	0.99904	
1117	6.29E+03	4.77E+13	4.48E-06	4.53E-06	0.98909	
1118	6.31E+03	4.75E+13	4.49E-06	4.50E-06	0.99815	
1119	6.33E+03	4.74E+13	4.47E-06	4.47E-06	0.99998	
1120	6.35E+03	4.72E+13	4.45E-06	4.45E-06	0.99999	
1121	6.37E+03	4.71E+13	4.42E-06	4.42E-06	0.99999	
1122	6.39E+03	4.69E+13	4.39E-06	4.39E-06	0.99999	
1123	6.42E+03	4.67E+13	4.35E-06	4.35E-06	0.99999	
1124	6.46E+03	4.64E+13	4.29E-06	4.29E-06	0.99999	
1125	6.50E+03	4.61E+13	4.24E-06	4.24E-06	0.99999	
1126	6.54E+03	4.58E+13	4.19E-06	4.19E-06	1	
1127	6.58E+03	4.56E+13	4.14E-06	4.14E-06	0.99999	
1128	6.62E+03	4.53E+13	4.09E-06	4.09E-06	0.99999	
1129	6.66E+03	4.50E+13	4.04E-06	4.04E-06	0.99999	
1130	6.70E+03	4.47E+13	3.99E-06	3.99E-06	0.99999	
1131	6.74E+03	4.45E+13	3.94E-06	3.94E-06	0.99925	
1132	6.78E+03	4.42E+13	3.86E-06	3.90E-06	0.99117	
1133	6.82E+03	4.40E+13	3.85E-06	3.85E-06	0.99998	
1134	6.86E+03	4.37E+13	3.80E-06	3.80E-06	0.99999	
1135	6.90E+03	4.34E+13	3.76E-06	3.76E-06	1	
1136	6.94E+03	4.32E+13	3.72E-06	3.72E-06	0.99999	
1137	6.98E+03	4.30E+13	3.67E-06	3.67E-06	0.99999	
1138	7.02E+03	4.27E+13	3.63E-06	3.63E-06	1	
1139	7.06E+03	4.25E+13	3.59E-06	3.59E-06	0.99999	
1140	7.10E+03	4.22E+13	3.55E-06	3.55E-06	0.99999	
1141	7.14E+03	4.20E+13	3.51E-06	3.51E-06	1	
1142	7.18E+03	4.18E+13	3.47E-06	3.47E-06	1	
1143	7.22E+03	4.15E+13	3.43E-06	3.43E-06	1	
1144	7.26E+03	4.13E+13	3.39E-06	3.39E-06	0.99998	
1145	7.30E+03	4.11E+13	3.36E-06	3.36E-06	0.99999	
1146	7.34E+03	4.08E+13	3.32E-06	3.32E-06	1	
1147	7.38E+03	4.06E+13	3.28E-06	3.28E-06	0.99999	
1148	7.42E+03	4.04E+13	3.24E-06	3.25E-06	0.99878	
1149	7.46E+03	4.02E+13	3.16E-06	3.21E-06	0.9826	
1150	7.50E+03	4.00E+13	3.10E-06	3.18E-06	0.97548	
1151	7.54E+03	3.98E+13	3.14E-06	3.14E-06	0.99845	
1152	7.58E+03	3.96E+13	3.11E-06	3.11E-06	0.99999	
1153	7.62E+03	3.93E+13	3.08E-06	3.08E-06	0.99999	
1154	7.66E+03	3.91E+13	3.04E-06	3.04E-06	0.99999	
1155	7.70E+03	3.89E+13	3.01E-06	3.01E-06	0.99999	
1156	7.74E+03	3.87E+13	2.98E-06	2.98E-06	0.99999	
1157	7.78E+03	3.85E+13	2.95E-06	2.95E-06	0.99874	
1158	7.82E+03	3.83E+13	2.92E-06	2.92E-06	0.99998	
1159	7.86E+03	3.81E+13	2.89E-06	2.89E-06	0.99999	
1160	7.90E+03	3.79E+13	2.86E-06	2.86E-06	1	
1161	7.94E+03	3.78E+13	2.83E-06	2.83E-06	1	
1162	7.98E+03	3.76E+13	2.80E-06	2.80E-06	1	
1163	8.02E+03	3.74E+13	2.77E-06	2.77E-06	1	
1164	8.06E+03	3.72E+13	2.75E-06	2.75E-06	0.99999	
1165	8.10E+03	3.70E+13	2.72E-06	2.72E-06	0.99999	
1166	8.14E+03	3.68E+13	2.69E-06	2.69E-06	0.99799	
1167	8.18E+03	3.66E+13	2.66E-06	2.67E-06	0.99929	
1168	8.22E+03	3.65E+13	2.64E-06	2.64E-06	0.99999	
1169	8.26E+03	3.63E+13	2.61E-06	2.61E-06	1	
1170	8.30E+03	3.61E+13	2.59E-06	2.59E-06	1	
1171	8.34E+03	3.59E+13	2.56E-06	2.56E-06	1	
1172	8.38E+03	3.58E+13	2.54E-06	2.54E-06	1	
1173	8.42E+03	3.56E+13	2.51E-06	2.51E-06	1	
1174	8.46E+03	3.54E+13	2.49E-06	2.49E-06	1	
1175	8.50E+03	3.53E+13	2.47E-06	2.47E-06	1	
1176	8.54E+03	3.51E+13	2.44E-06	2.44E-06	1	
1177	8.58E+03	3.49E+13	2.42E-06	2.42E-06	0.99999	
1178	8.62E+03	3.48E+13	2.40E-06	2.40E-06	0.99998	
1179	8.66E+03	3.46E+13	2.36E-06	2.38E-06	0.99505	
1180	8.70E+03	3.45E+13	2.35E-06	2.35E-06	0.99979	
1181	8.74E+03	3.43E+13	2.31E-06	2.33E-06	0.99185	
1182	8.78E+03	3.41E+13	2.29E-06	2.31E-06	0.99176	
1183	8.82E+03	3.40E+13	2.29E-06	2.29E-06	0.99999	
1184	8.86E+03	3.38E+13	2.27E-06	2.27E-06	0.99999	
1185	8.90E+03	3.37E+13	2.25E-06	2.25E-06	1	
1186	8.94E+03	3.35E+13	2.23E-06	2.23E-06	1	
1187	8.98E+03	3.34E+13	2.21E-06	2.21E-06	1	
1188	9.02E+03	3.32E+13	2.19E-06	2.19E-06	1	
1189	9.06E+03	3.31E+13	2.17E-06	2.17E-06	0.99999	
1190	9.10E+03	3.29E+13	2.15E-06	2.15E-06	0.99999	
1191	9.14E+03	3.28E+13	2.13E-06	2.13E-06	0.99999	
1192	9.18E+03	3.27E+13	2.11E-06	2.11E-06	0.99999	
1193	9.22E+03	3.25E+13	2.09E-06	2.09E-06	0.99999	
1194	9.26E+03	3.24E+13	2.07E-06	2.07E-06	0.99999	
1195	9.30E+03	3.22E+13	2.06E-06	2.06E-06	0.99999	
1196	9.34E+03	3.21E+13	2.04E-06	2.04E-06	0.99998	
1197	9.38E+03	3.20E+13	2.00E-06	2.02E-06	0.99232	
1198	9.42E+03	3.18E+13	2.00E-06	2.00E-06	0.99823	
1199	9.46E+03	3.17E+13	1.99E-06	1.99E-06	0.99999	
1200	9.50E+03	3.16E+13	1.97E-06	1.97E-06	0.99999	
1201	9.54E+03	3.14E+13	1.95E-06	1.95E-06	0.99999	
1202	9.58E+03	3.13E+13	1.94E-06	1.94E-06	0.99999	
1203	9.62E+03	3.12E+13	1.92E-06	1.92E-06	1	
1204	9.66E+03	3.10E+13	1.90E-06	1.90E-06	1	
1205	9.70E+03	3.09E+13	1.89E-06	1.89E-06	0.99999	
1206	9.74E+03	3.08E+13	1.87E-06	1.87E-06	1	
1207	9.78E+03	3.07E+13	1.86E-06	1.86E-06	0.99999	
1208	9.82E+03	3.05E+13	1.84E-06	1.84E-06	0.99999	
1209	9.86E+03	3.04E+13	1.83E-06	1.83E-06	0.99998	
1210	9.90E+03	3.03E+13	1.81E-06	1.81E-06	0.99999	
1211	9.94E+03	3.02E+13	1.80E-06	1.80E-06	1	
1212	9.98E+03	3.00E+13	1.78E-06	1.78E-06	1	
1213	1.00E+04	2.99E+13	1.77E-06	1.77E-06	1	
1214	2.00E+04	1.50E+13	4.33E-07	4.33E-07	1	
1215	4.00E+04	7.49E+12	1.05E-07	1.05E-07	1	
