TEFF   5500.  GRAVITY 1.00000 LTE 
TITLE  [ 0.0] VTURB=0  L/H=1.25 NOVER NEW ODF                                   
FLUX    1     9.09        3.298047E+16   1.9940-222   1.9940-222   0.99998
FLUX    2     9.35        3.206337E+16   2.6727-216   2.6728-216   0.99998
FLUX    3     9.61        3.119589E+16   1.6750-210   1.6750-210   0.99998
FLUX    4     9.77        3.068500E+16   4.3454-207   4.3455-207   0.99998
FLUX    5     9.96        3.009965E+16   3.5445-203   3.5446-203   0.99998
FLUX    6    10.20        2.939142E+16   1.9093-198   1.9093-198   0.99998
FLUX    7    10.38        2.888174E+16   4.8451-195   4.8452-195   0.99998
FLUX    8    10.56        2.838944E+16   9.3989-192   9.3991-192   0.99998
FLUX    9    10.77        2.783589E+16   4.6657-188   4.6658-188   0.99998
FLUX   10    11.04        2.715512E+16   1.6338-183   1.6339-183   0.99998
FLUX   11    11.40        2.629759E+16   8.6121-178   8.6123-178   0.99998
FLUX   12    11.78        2.544928E+16   3.9218-172   3.9219-172   0.99998
FLUX   13    12.13        2.471496E+16   3.0862-167   3.0862-167   0.99998
FLUX   14    12.48        2.402184E+16   1.2841-162   1.2841-162   0.99998
FLUX   15    12.71        2.358714E+16   1.0109-159   1.0109-159   0.99998
FLUX   16    12.84        2.334833E+16   3.9403-158   3.9404-158   0.99998
FLUX   17    13.05        2.297260E+16   1.2529-155   1.2529-155   0.99998
FLUX   18    13.24        2.264294E+16   1.9629-153   1.9629-153   0.99998
FLUX   19    13.39        2.238928E+16   9.5840-152   9.5842-152   0.99998
FLUX   20    13.66        2.194674E+16   8.4520-149   8.4521-149   0.99998
FLUX   21    13.98        2.144439E+16   1.8601-145   1.8601-145   0.99998
FLUX   22    14.33        2.092062E+16   5.6576-142   5.6577-142   0.99998
FLUX   23    14.72        2.036634E+16   2.7371-138   2.7371-138   0.99998
FLUX   24    15.10        1.985381E+16   6.9667-135   6.9668-135   0.99998
FLUX   25    15.52        1.931653E+16   2.5803-131   2.5804-131   0.99998
FLUX   26    15.88        1.887862E+16   2.0822-128   2.0823-128   0.99998
FLUX   27    16.20        1.850571E+16   6.2094-126   6.2095-126   0.99998
FLUX   28    16.60        1.805979E+16   5.6352-123   5.6353-123   0.99998
FLUX   29    17.03        1.760379E+16   5.9463-120   5.9464-120   0.99998
FLUX   30    17.34        1.728907E+16   7.2408-118   7.2409-118   0.99998
FLUX   31    17.68        1.695659E+16   1.1542-115   1.1542-115   0.99998
FLUX   32    18.02        1.663665E+16   1.5167-113   1.5167-113   0.99998
FLUX   33    18.17        1.649931E+16   1.2305-112   1.2305-112   0.99998
FLUX   34    18.61        1.610921E+16   4.6983-110   4.6983-110   0.99998
FLUX   35    19.10        1.569594E+16   2.5440-107   2.5441-107   0.99998
FLUX   36    19.39        1.546119E+16   9.0515-106   9.0517-106   0.99998
FLUX   37    19.84        1.511051E+16   1.8758-103   1.8759-103   0.99998
FLUX   38    20.18        1.485592E+16   9.0147-102   9.0148-102   0.99998
FLUX   39    20.50        1.462402E+16   3.0679-100   3.0679-100   0.99998
FLUX   40    21.05        1.424192E+16   1.0184E-97   1.0184E-97   0.99998
FLUX   41    21.62        1.386644E+16   3.0472E-95   3.0472E-95   0.99998
FLUX   42    21.98        1.363933E+16   9.5672E-94   9.5674E-94   0.99998
FLUX   43    22.30        1.344361E+16   1.8597E-92   1.8597E-92   0.99998
FLUX   44    22.68        1.321836E+16   5.6550E-91   5.6551E-91   0.99998
FLUX   45    23.00        1.303446E+16   9.1889E-90   9.1891E-90   0.99998
FLUX   46    23.40        1.281165E+16   2.6830E-88   2.6830E-88   0.99998
FLUX   47    24.00        1.249135E+16   3.4196E-86   3.4197E-86   0.99998
FLUX   48    24.65        1.216197E+16   4.9878E-84   4.9878E-84   0.99998
FLUX   49    25.24        1.187767E+16   3.6677E-82   3.6678E-82   0.99998
FLUX   50    25.68        1.167416E+16   7.9390E-81   7.9392E-81   0.99998
FLUX   51    26.00        1.153048E+16   6.9528E-80   6.9529E-80   0.99998
FLUX   52    26.40        1.135578E+16   9.7176E-79   9.7178E-79   0.99998
FLUX   53    26.85        1.116546E+16   1.7143E-77   1.7144E-77   0.99998
FLUX   54    27.35        1.096133E+16   3.7165E-76   3.7165E-76   0.99998
FLUX   55    27.85        1.076454E+16   7.2124E-75   7.2125E-75   0.99998
FLUX   56    28.40        1.055607E+16   1.6643E-73   1.6643E-73   0.99998
FLUX   57    29.00        1.033767E+16   4.4478E-72   4.4479E-72   0.99998
FLUX   58    29.60        1.012812E+16   1.0364E-70   1.0365E-70   0.99998
FLUX   59    30.10        9.959883E+15   1.2981E-69   1.2982E-69   0.99990
FLUX   60    30.80        9.733523E+15   3.8821E-68   3.8822E-68   0.99998
FLUX   61    31.80        9.427437E+15   3.8217E-66   3.8218E-66   0.99998
FLUX   62    32.80        9.140015E+15   2.8287E-64   2.8287E-64   0.99998
FLUX   63    33.80        8.869601E+15   1.6131E-62   1.6131E-62   0.99998
FLUX   64    34.80        8.614727E+15   7.2600E-61   7.2601E-61   0.99998
FLUX   65    35.70        8.397549E+15   1.8514E-59   1.8514E-59   0.99998
FLUX   66    36.60        8.191052E+15   4.0183E-58   4.0184E-58   0.99998
FLUX   67    37.50        7.994467E+15   7.4905E-57   7.4906E-57   0.99998
FLUX   68    38.50        7.786818E+15   1.6402E-55   1.6402E-55   0.99998
FLUX   69    39.50        7.589683E+15   3.0581E-54   3.0581E-54   0.99998
FLUX   70    40.50        7.402284E+15   4.9174E-53   4.9175E-53   0.99998
FLUX   71    41.40        7.241364E+15   5.3266E-52   5.3267E-52   0.99998
FLUX   72    42.20        7.104087E+15   4.0546E-51   4.0546E-51   0.99998
FLUX   73    43.00        6.971919E+15   2.8561E-50   2.8561E-50   0.99998
FLUX   74    44.10        6.798016E+15   3.7148E-49   3.7149E-49   0.99998
FLUX   75    45.10        6.647284E+15   3.4203E-48   3.4203E-48   0.99998
FLUX   76    46.00        6.517228E+15   2.3172E-47   2.3172E-47   0.99998
FLUX   77    47.00        6.378564E+15   1.7777E-46   1.7778E-46   0.99998
FLUX   78    48.00        6.245677E+15   1.2490E-45   1.2490E-45   0.99998
FLUX   79    49.00        6.118214E+15   8.0879E-45   8.0881E-45   0.99998
FLUX   80    50.00        5.995850E+15   4.8440E-44   4.8440E-44   0.99998
FLUX   81    50.60        5.924753E+15   1.8352E-43   2.0763E-43   0.88386
FLUX   82    51.20        5.855322E+15   5.6417E-43   5.6984E-43   0.99006
FLUX   83    52.00        5.765240E+15   2.0918E-42   2.1087E-42   0.99195
FLUX   84    53.00        5.656462E+15   1.0217E-41   1.0217E-41   0.99998
FLUX   85    54.00        5.551713E+15   4.6350E-41   4.6590E-41   0.99485
FLUX   86    55.00        5.450773E+15   2.0073E-40   2.0073E-40   0.99998
FLUX   87    56.00        5.353437E+15   8.1917E-40   8.1918E-40   0.99998
FLUX   88    57.00        5.259517E+15   3.1755E-39   3.1756E-39   0.99998
FLUX   89    58.00        5.168836E+15   1.1608E-38   1.1729E-38   0.98969
FLUX   90    59.00        5.081229E+15   4.1340E-38   4.1351E-38   0.99972
FLUX   91    60.00        4.996542E+15   1.3948E-37   1.3953E-37   0.99963
FLUX   92    61.00        4.914631E+15   4.5160E-37   4.5161E-37   0.99998
FLUX   93    62.00        4.835363E+15   1.4048E-36   1.4049E-36   0.99991
FLUX   94    63.00        4.758611E+15   4.2085E-36   4.2088E-36   0.99993
FLUX   95    64.00        4.684258E+15   1.2170E-35   1.2171E-35   0.99997
FLUX   96    65.00        4.612192E+15   3.4011E-35   3.4012E-35   0.99997
FLUX   97    65.80        4.556117E+15   7.5581E-35   7.5586E-35   0.99993
FLUX   98    66.50        4.508158E+15   1.4942E-34   1.4953E-34   0.99929
FLUX   99    67.50        4.441370E+15   3.8598E-34   3.8616E-34   0.99954
FLUX  100    68.50        4.376533E+15   9.6863E-34   9.6866E-34   0.99997
FLUX  101    69.50        4.313561E+15   2.3631E-33   2.3631E-33   0.99997
FLUX  102    70.50        4.252376E+15   5.6012E-33   5.6135E-33   0.99782
FLUX  103    71.60        4.187046E+15   1.4117E-32   1.4118E-32   0.99991
FLUX  104    72.60        4.129373E+15   3.1827E-32   3.1828E-32   0.99998
FLUX  105    73.50        4.078809E+15   6.4851E-32   6.4859E-32   0.99988
FLUX  106    74.50        4.024060E+15   1.4001E-31   1.4006E-31   0.99967
FLUX  107    75.50        3.970762E+15   2.9581E-31   2.9600E-31   0.99936
FLUX  108    76.50        3.918856E+15   6.1269E-31   6.1276E-31   0.99988
FLUX  109    77.50        3.868290E+15   1.2429E-30   1.2435E-30   0.99952
FLUX  110    78.50        3.819013E+15   2.4757E-30   2.4758E-30   0.99998
FLUX  111    79.50        3.770975E+15   4.8210E-30   4.8394E-30   0.99620
FLUX  112    80.50        3.724130E+15   9.2726E-30   9.2938E-30   0.99772
FLUX  113    81.50        3.678436E+15   1.7542E-29   1.7547E-29   0.99970
FLUX  114    82.50        3.633848E+15   3.2590E-29   3.2596E-29   0.99980
FLUX  115    83.50        3.590329E+15   5.9607E-29   5.9614E-29   0.99987
FLUX  116    84.50        3.547840E+15   1.0737E-28   1.0738E-28   0.99991
FLUX  117    85.50        3.506345E+15   1.9063E-28   1.9064E-28   0.99998
FLUX  118    86.50        3.465809E+15   3.3360E-28   3.3363E-28   0.99993
FLUX  119    87.50        3.426200E+15   5.7547E-28   5.7595E-28   0.99917
FLUX  120    88.50        3.387486E+15   9.8121E-28   9.8135E-28   0.99985
FLUX  121    89.50        3.349637E+15   1.6509E-27   1.6510E-27   0.99997
FLUX  122    90.50        3.312624E+15   2.7430E-27   2.7436E-27   0.99977
FLUX  123    91.50        3.276421E+15   1.8023E-24   4.6080E-24   0.39112
FLUX  124    92.50        3.241000E+15   6.9455E-24   7.6750E-24   0.90494
FLUX  125    93.50        3.206337E+15   1.1221E-23   1.2625E-23   0.88876
FLUX  126    94.50        3.172407E+15   1.8586E-23   2.0538E-23   0.90498
FLUX  127    95.50        3.139188E+15   3.1305E-23   3.3098E-23   0.94583
FLUX  128    96.50        3.106658E+15   5.0834E-23   5.2637E-23   0.96576
FLUX  129    97.50        3.074795E+15   7.8903E-23   8.2657E-23   0.95459
FLUX  130    98.50        3.043579E+15   1.2354E-22   1.3027E-22   0.94834
FLUX  131    99.50        3.012990E+15   1.9075E-22   2.0184E-22   0.94508
FLUX  132   100.50        2.983010E+15   3.0349E-22   3.0978E-22   0.97971
FLUX  133   101.50        2.953621E+15   4.6095E-22   4.6948E-22   0.98184
FLUX  134   102.50        2.924805E+15   6.8699E-22   7.1443E-22   0.96159
FLUX  135   103.50        2.896546E+15   1.0589E-21   1.0714E-21   0.98835
FLUX  136   104.50        2.868828E+15   1.5797E-21   1.5983E-21   0.98841
FLUX  137   105.50        2.841635E+15   2.3384E-21   2.3653E-21   0.98865
FLUX  138   106.50        2.814953E+15   3.3959E-21   3.4752E-21   0.97717
FLUX  139   107.50        2.788767E+15   5.0206E-21   5.0705E-21   0.99015
FLUX  140   108.50        2.763064E+15   7.2794E-21   7.3485E-21   0.99059
FLUX  141   109.50        2.737831E+15   1.0289E-20   1.0576E-20   0.97287
FLUX  142   110.50        2.713054E+15   1.8097E-19   1.2498E-18   0.14479
FLUX  143   111.50        2.688722E+15   1.0446E-18   1.7164E-18   0.60858
FLUX  144   112.50        2.664822E+15   1.6462E-18   2.2912E-18   0.71847
FLUX  145   113.50        2.641344E+15   2.4172E-18   2.9794E-18   0.81130
FLUX  146   114.50        2.618275E+15   3.2212E-18   3.7848E-18   0.85110
FLUX  147   115.50        2.595606E+15   3.6995E-18   4.6940E-18   0.78814
FLUX  148   116.50        2.573326E+15   5.2082E-18   5.6663E-18   0.91915
FLUX  149   117.50        2.551426E+15   6.2295E-18   6.5636E-18   0.94910
FLUX  150   118.50        2.529894E+15   6.8488E-18   1.0005E-17   0.68455
FLUX  151   119.50        2.508724E+15   2.6373E-18   1.2293E-17   0.21454
FLUX  152   120.50        2.487905E+15   1.7959E-18   1.5002E-17   0.11971
FLUX  153   121.50        2.467428E+15   3.3811E-19   1.8204E-17   0.01857
FLUX  154   122.50        2.447286E+15   2.2573E-18   2.2105E-17   0.10212
FLUX  155   123.50        2.427470E+15   9.2743E-18   2.6605E-17   0.34860
FLUX  156   124.50        2.407972E+15   2.0032E-17   2.4940E-17   0.80322
FLUX  157   125.50        2.388785E+15   2.8341E-17   3.6395E-17   0.77871
FLUX  158   126.50        2.369901E+15   2.8966E-17   4.7777E-17   0.60627
FLUX  159   127.50        2.351314E+15   4.2454E-17   5.9203E-17   0.71709
FLUX  160   128.50        2.333016E+15   4.5712E-17   7.2346E-17   0.63185
FLUX  161   129.50        2.315000E+15   6.1009E-17   8.6893E-17   0.70212
FLUX  162   130.50        2.297261E+15   5.5197E-17   1.0390E-16   0.53126
FLUX  163   131.50        2.279791E+15   7.6886E-17   1.2326E-16   0.62378
FLUX  164   132.50        2.262585E+15   7.9570E-17   1.4534E-16   0.54749
FLUX  165   133.50        2.245637E+15   9.3612E-17   1.7050E-16   0.54905
FLUX  166   134.50        2.228940E+15   1.1142E-16   1.9908E-16   0.55969
FLUX  167   135.50        2.212491E+15   1.2762E-16   2.3459E-16   0.54399
FLUX  168   136.50        2.196282E+15   1.4357E-16   2.8101E-16   0.51090
FLUX  169   137.50        2.180309E+15   1.6091E-16   3.3540E-16   0.47977
FLUX  170   138.50        2.164567E+15   2.0156E-16   3.9895E-16   0.50524
FLUX  171   139.50        2.149050E+15   2.2323E-16   4.7330E-16   0.47165
FLUX  172   140.50        2.133754E+15   2.8389E-16   5.6043E-16   0.50655
FLUX  173   141.50        2.118675E+15   3.4350E-16   6.6143E-16   0.51933
FLUX  174   142.50        2.103807E+15   3.8499E-16   7.7862E-16   0.49445
FLUX  175   143.50        2.089146E+15   4.7987E-16   9.1419E-16   0.52491
FLUX  176   144.20        2.079005E+15   6.2735E-16   1.0216E-15   0.61408
FLUX  177   144.70        2.071821E+15   5.8057E-16   1.1054E-15   0.52521
FLUX  178   145.50        2.060430E+15   6.6841E-16   1.2525E-15   0.53367
FLUX  179   146.50        2.046365E+15   8.7753E-16   1.4614E-15   0.60046
FLUX  180   147.50        2.032492E+15   8.7806E-16   1.7014E-15   0.51609
FLUX  181   148.50        2.018805E+15   1.0806E-15   1.9763E-15   0.54679
FLUX  182   149.50        2.005301E+15   1.4255E-15   2.2904E-15   0.62237
FLUX  183   150.50        1.991977E+15   1.8123E-15   2.6487E-15   0.68423
FLUX  184   151.20        1.982755E+15   1.3911E-15   2.9287E-15   0.47500
FLUX  185   151.70        1.976220E+15   2.0100E-15   5.9981E-15   0.33511
FLUX  186   152.50        1.965852E+15   4.9289E-15   5.4932E-14   0.08973
FLUX  187   153.50        1.953046E+15   7.0656E-14   4.4977E-13   0.15710
FLUX  188   154.50        1.940405E+15   1.0907E-13   5.2329E-13   0.20843
FLUX  189   155.50        1.927926E+15   1.7843E-13   6.0719E-13   0.29386
FLUX  190   156.50        1.915607E+15   1.6926E-13   7.0349E-13   0.24060
FLUX  191   157.50        1.903444E+15   3.4955E-13   9.9491E-13   0.35134
FLUX  192   158.50        1.891435E+15   4.7112E-13   1.1431E-12   0.41213
FLUX  193   159.50        1.879577E+15   5.3267E-13   1.3095E-12   0.40677
FLUX  194   160.50        1.867866E+15   6.1382E-13   1.4952E-12   0.41053
FLUX  195   161.50        1.856300E+15   6.7527E-13   1.7019E-12   0.39677
FLUX  196   162.50        1.844877E+15   8.1224E-13   2.0237E-12   0.40137
FLUX  197   163.50        1.833593E+15   9.1583E-13   2.2981E-12   0.39852
FLUX  198   164.50        1.822447E+15   1.3630E-12   2.6032E-12   0.52359
FLUX  199   165.50        1.811435E+15   6.6768E-13   2.9420E-12   0.22694
FLUX  200   166.50        1.800556E+15   1.5606E-12   3.3171E-12   0.47047
FLUX  201   167.20        1.793017E+15   9.4209E-13   3.6032E-12   0.26146
FLUX  202   167.70        1.787671E+15   2.2813E-12   9.7257E-12   0.23456
FLUX  203   168.50        1.779184E+15   5.3752E-12   4.1302E-11   0.13014
FLUX  204   169.50        1.768687E+15   9.8688E-12   4.6533E-11   0.21208
FLUX  205   170.50        1.758314E+15   1.0886E-11   5.2409E-11   0.20772
FLUX  206   171.50        1.748061E+15   1.4442E-11   7.9665E-11   0.18128
FLUX  207   172.50        1.737928E+15   1.8001E-11   8.9325E-11   0.20152
FLUX  208   173.50        1.727911E+15   2.4081E-11   9.9601E-11   0.24178
FLUX  209   174.50        1.718009E+15   2.6838E-11   1.1102E-10   0.24175
FLUX  210   175.50        1.708219E+15   4.0825E-11   1.2324E-10   0.33126
FLUX  211   176.50        1.698541E+15   4.4561E-11   1.3637E-10   0.32677
FLUX  212   177.50        1.688972E+15   4.4640E-11   1.5062E-10   0.29638
FLUX  213   178.50        1.679510E+15   5.3811E-11   1.6603E-10   0.32410
FLUX  214   179.50        1.670153E+15   7.0505E-11   1.8250E-10   0.38633
FLUX  215   180.50        1.660900E+15   5.7838E-11   2.0030E-10   0.28876
FLUX  216   181.50        1.651749E+15   6.7850E-11   2.1942E-10   0.30922
FLUX  217   182.50        1.642699E+15   7.4201E-11   2.3997E-10   0.30921
FLUX  218   183.50        1.633747E+15   1.0533E-10   2.6178E-10   0.40235
FLUX  219   184.50        1.624892E+15   8.3128E-11   2.8519E-10   0.29148
FLUX  220   185.50        1.616132E+15   1.2156E-10   3.1048E-10   0.39153
FLUX  221   186.50        1.607466E+15   1.4960E-10   3.3718E-10   0.44367
FLUX  222   187.50        1.598893E+15   1.7328E-10   3.8224E-10   0.45332
FLUX  223   188.50        1.590411E+15   1.9347E-10   4.1294E-10   0.46851
FLUX  224   189.50        1.582018E+15   2.3315E-10   4.4544E-10   0.52341
FLUX  225   190.50        1.573714E+15   2.2879E-10   4.7952E-10   0.47713
FLUX  226   191.50        1.565496E+15   2.5900E-10   5.1547E-10   0.50245
FLUX  227   192.50        1.557364E+15   2.6983E-10   5.5343E-10   0.48756
FLUX  228   193.50        1.549315E+15   1.8899E-10   5.9345E-10   0.31846
FLUX  229   194.50        1.541350E+15   3.7779E-10   6.3561E-10   0.59437
FLUX  230   195.50        1.533465E+15   3.9827E-10   6.7994E-10   0.58574
FLUX  231   196.70        1.524110E+15   5.0976E-10   7.3626E-10   0.69236
FLUX  232   197.60        1.517168E+15   4.9680E-10   8.3852E-10   0.59247
FLUX  233   198.40        1.511051E+15   5.3759E-10   8.8391E-10   0.60820
FLUX  234   199.50        1.502719E+15   6.0129E-10   9.8707E-10   0.60917
FLUX  235   200.50        1.495224E+15   6.5443E-10   1.0533E-09   0.62130
FLUX  236   201.50        1.487804E+15   6.7888E-10   1.1237E-09   0.60412
FLUX  237   202.50        1.480457E+15   6.2831E-10   1.1976E-09   0.52464
FLUX  238   203.50        1.473182E+15   8.3652E-10   1.2745E-09   0.65634
FLUX  239   204.50        1.465978E+15   9.4636E-10   1.3558E-09   0.69801
FLUX  240   205.50        1.458844E+15   8.8831E-10   1.4405E-09   0.61667
FLUX  241   206.50        1.451780E+15   8.8654E-10   1.5287E-09   0.57993
FLUX  242   207.40        1.445480E+15   1.1169E-09   1.6111E-09   0.69323
FLUX  243   207.80        1.442697E+15   1.3538E-09   7.4821E-09   0.18094
FLUX  244   208.50        1.437854E+15   1.4805E-09   7.8869E-09   0.18771
FLUX  245   209.50        1.430990E+15   1.9868E-09   8.4766E-09   0.23439
FLUX  246   210.50        1.424192E+15   2.6218E-09   9.0626E-09   0.28930
FLUX  247   211.50        1.417459E+15   2.6582E-09   9.6383E-09   0.27580
FLUX  248   212.50        1.410788E+15   2.0654E-09   1.0224E-08   0.20201
FLUX  249   213.50        1.404180E+15   2.3189E-09   1.0825E-08   0.21421
FLUX  250   214.50        1.397634E+15   3.4796E-09   1.1433E-08   0.30435
FLUX  251   215.50        1.391148E+15   3.8959E-09   1.2063E-08   0.32297
FLUX  252   216.50        1.384723E+15   3.2052E-09   1.2725E-08   0.25189
FLUX  253   217.50        1.378356E+15   3.7340E-09   1.3411E-08   0.27843
FLUX  254   218.50        1.372048E+15   4.7547E-09   1.4142E-08   0.33620
FLUX  255   219.50        1.365797E+15   5.6906E-09   1.4916E-08   0.38150
FLUX  256   220.50        1.359603E+15   5.0315E-09   1.5739E-08   0.31969
FLUX  257   221.50        1.353465E+15   3.5340E-09   1.6616E-08   0.21269
FLUX  258   222.50        1.347382E+15   4.5940E-09   1.8006E-08   0.25513
FLUX  259   223.50        1.341353E+15   7.6884E-09   1.8991E-08   0.40485
FLUX  260   224.50        1.335379E+15   6.7130E-09   2.0029E-08   0.33516
FLUX  261   225.50        1.329457E+15   4.5148E-09   2.4916E-08   0.18120
FLUX  262   226.50        1.323587E+15   3.7225E-09   2.6016E-08   0.14308
FLUX  263   227.50        1.317769E+15   6.5818E-09   2.7150E-08   0.24242
FLUX  264   228.50        1.312002E+15   7.6340E-09   2.8294E-08   0.26981
FLUX  265   229.50        1.306285E+15   7.7318E-09   2.9461E-08   0.26244
FLUX  266   230.50        1.300618E+15   8.7496E-09   3.0652E-08   0.28545
FLUX  267   231.50        1.295000E+15   6.9595E-09   3.1877E-08   0.21832
FLUX  268   232.50        1.289430E+15   5.7538E-09   3.3140E-08   0.17362
FLUX  269   233.50        1.283908E+15   2.9746E-09   3.5528E-08   0.08373
FLUX  270   234.50        1.278433E+15   2.1596E-09   3.6808E-08   0.05867
FLUX  271   235.50        1.273004E+15   4.6856E-09   3.8117E-08   0.12293
FLUX  272   236.50        1.267622E+15   2.3351E-09   3.9463E-08   0.05917
FLUX  273   237.50        1.262284E+15   3.4278E-09   4.0847E-08   0.08392
FLUX  274   238.50        1.256992E+15   1.6797E-09   4.2288E-08   0.03972
FLUX  275   239.50        1.251743E+15   2.5494E-09   4.3758E-08   0.05826
FLUX  276   240.50        1.246538E+15   2.5303E-09   4.5246E-08   0.05592
FLUX  277   241.50        1.241377E+15   4.6128E-09   4.6767E-08   0.09863
FLUX  278   242.50        1.236258E+15   1.2505E-08   4.8332E-08   0.25873
FLUX  279   243.50        1.231181E+15   1.4078E-08   4.9941E-08   0.28189
FLUX  280   244.50        1.226145E+15   1.7325E-08   5.3472E-08   0.32400
FLUX  281   245.50        1.221151E+15   1.9036E-08   5.5101E-08   0.34547
FLUX  282   246.50        1.216197E+15   1.5958E-08   5.6758E-08   0.28115
FLUX  283   247.50        1.211283E+15   1.4343E-08   5.8420E-08   0.24552
FLUX  284   248.50        1.206408E+15   8.4676E-09   6.0117E-08   0.14085
FLUX  285   249.50        1.201573E+15   1.3571E-08   6.1849E-08   0.21942
FLUX  286   250.50        1.196776E+15   1.9000E-08   6.5186E-08   0.29147
FLUX  287   251.30        1.192967E+15   1.0617E-08   6.6571E-08   0.15948
FLUX  288   251.80        1.190598E+15   7.6868E-09   2.3463E-07   0.03276
FLUX  289   252.50        1.187297E+15   7.8637E-09   2.3923E-07   0.03287
FLUX  290   253.50        1.182613E+15   1.3247E-08   2.4586E-07   0.05388
FLUX  291   254.50        1.177967E+15   1.7813E-08   2.5251E-07   0.07055
FLUX  292   255.50        1.173356E+15   3.5600E-08   2.5929E-07   0.13730
FLUX  293   256.50        1.168782E+15   1.6197E-08   2.6621E-07   0.06085
FLUX  294   257.50        1.164243E+15   2.2209E-08   2.7326E-07   0.08127
FLUX  295   258.50        1.159739E+15   1.2451E-08   2.8046E-07   0.04439
FLUX  296   259.50        1.155270E+15   9.4674E-09   2.8780E-07   0.03290
FLUX  297   260.50        1.150835E+15   7.0900E-09   2.9527E-07   0.02401
FLUX  298   261.50        1.146434E+15   7.0911E-09   3.0276E-07   0.02342
FLUX  299   262.50        1.142067E+15   9.8036E-09   3.1039E-07   0.03158
FLUX  300   263.50        1.137732E+15   2.4282E-08   3.2215E-07   0.07537
FLUX  301   264.50        1.133431E+15   7.0480E-08   3.2998E-07   0.21359
FLUX  302   265.50        1.129162E+15   9.7517E-08   3.3796E-07   0.28854
FLUX  303   266.50        1.124925E+15   6.4833E-08   3.4608E-07   0.18733
FLUX  304   267.50        1.120720E+15   7.0355E-08   3.5434E-07   0.19855
FLUX  305   268.50        1.116546E+15   8.9469E-08   3.6266E-07   0.24670
FLUX  306   269.50        1.112403E+15   7.3188E-08   3.7103E-07   0.19726
FLUX  307   270.50        1.108290E+15   8.4943E-08   3.8417E-07   0.22111
FLUX  308   271.50        1.104208E+15   4.2738E-08   3.9260E-07   0.10886
FLUX  309   272.50        1.100156E+15   3.6464E-08   4.0114E-07   0.09090
FLUX  310   273.50        1.096133E+15   3.5835E-08   4.0981E-07   0.08744
FLUX  311   274.50        1.092140E+15   1.6341E-08   4.1860E-07   0.03904
FLUX  312   275.50        1.088176E+15   2.3004E-08   4.2751E-07   0.05381
FLUX  313   276.50        1.084240E+15   3.2514E-08   4.3646E-07   0.07450
FLUX  314   277.50        1.080333E+15   3.2750E-08   4.4543E-07   0.07352
FLUX  315   278.50        1.076454E+15   2.0160E-08   4.5453E-07   0.04435
FLUX  316   279.50        1.072603E+15   5.3422E-09   4.6374E-07   0.01152
FLUX  317   280.50        1.068779E+15   7.3256E-09   4.7307E-07   0.01549
FLUX  318   281.50        1.064982E+15   2.7967E-08   4.8254E-07   0.05796
FLUX  319   282.50        1.061212E+15   4.8095E-08   4.9215E-07   0.09772
FLUX  320   283.50        1.057469E+15   6.1527E-08   5.0190E-07   0.12259
FLUX  321   284.50        1.053752E+15   6.4954E-08   5.1177E-07   0.12692
FLUX  322   285.50        1.050061E+15   3.7065E-08   5.2165E-07   0.07105
FLUX  323   286.50        1.046396E+15   8.7878E-08   5.3160E-07   0.16531
FLUX  324   287.50        1.042757E+15   1.2184E-07   5.4166E-07   0.22493
FLUX  325   288.50        1.039142E+15   1.2867E-07   5.5184E-07   0.23317
FLUX  326   289.50        1.035553E+15   1.5275E-07   5.6211E-07   0.27174
FLUX  327   291.00        1.030215E+15   2.0919E-07   5.8096E-07   0.36008
FLUX  328   293.00        1.023183E+15   1.9179E-07   6.0185E-07   0.31867
FLUX  329   295.00        1.016246E+15   1.8374E-07   6.2362E-07   0.29464
FLUX  330   297.00        1.009402E+15   2.3038E-07   6.4492E-07   0.35721
FLUX  331   299.00        1.002650E+15   2.3817E-07   6.6664E-07   0.35727
FLUX  332   301.00        9.959884E+14   2.6816E-07   6.8877E-07   0.38933
FLUX  333   303.00        9.894142E+14   2.9275E-07   7.1128E-07   0.41158
FLUX  334   305.00        9.829262E+14   3.0875E-07   7.3390E-07   0.42069
FLUX  335   307.00        9.765228E+14   2.7691E-07   7.5673E-07   0.36593
FLUX  336   309.00        9.702023E+14   3.2122E-07   7.8278E-07   0.41035
FLUX  337   311.00        9.639630E+14   3.4386E-07   8.0588E-07   0.42669
FLUX  338   313.00        9.578035E+14   3.4172E-07   8.3007E-07   0.41168
FLUX  339   315.00        9.517222E+14   3.4503E-07   8.5344E-07   0.40428
FLUX  340   317.00        9.457177E+14   3.6424E-07   8.7683E-07   0.41541
FLUX  341   319.00        9.397884E+14   3.2868E-07   9.0051E-07   0.36499
FLUX  342   321.00        9.339330E+14   3.9896E-07   9.2448E-07   0.43156
FLUX  343   323.00        9.281501E+14   2.9644E-07   9.4947E-07   0.31221
FLUX  344   325.00        9.224385E+14   4.1958E-07   9.7369E-07   0.43092
FLUX  345   327.00        9.167966E+14   5.2820E-07   9.9789E-07   0.52932
FLUX  346   329.00        9.112234E+14   5.3096E-07   1.0227E-06   0.51916
FLUX  347   331.00        9.057175E+14   5.3972E-07   1.0472E-06   0.51537
FLUX  348   333.00        9.002778E+14   5.1497E-07   1.0719E-06   0.48043
FLUX  349   335.00        8.949030E+14   4.8123E-07   1.0966E-06   0.43883
FLUX  350   337.00        8.895920E+14   4.4456E-07   1.1218E-06   0.39630
FLUX  351   339.00        8.843436E+14   5.0846E-07   1.1471E-06   0.44325
FLUX  352   341.00        8.791569E+14   6.0735E-07   1.1722E-06   0.51813
FLUX  353   343.00        8.740306E+14   6.3389E-07   1.1974E-06   0.52941
FLUX  354   345.00        8.689638E+14   6.7760E-07   1.2230E-06   0.55405
FLUX  355   347.00        8.639553E+14   6.7935E-07   1.2488E-06   0.54400
FLUX  356   349.00        8.590043E+14   7.0721E-07   1.2748E-06   0.55478
FLUX  357   351.00        8.541097E+14   7.7396E-07   1.3008E-06   0.59500
FLUX  358   353.00        8.492705E+14   7.7015E-07   1.3267E-06   0.58049
FLUX  359   355.00        8.444859E+14   8.4214E-07   1.3531E-06   0.62239
FLUX  360   357.00        8.397549E+14   6.9881E-07   1.3800E-06   0.50638
FLUX  361   359.00        8.350766E+14   7.3754E-07   1.4071E-06   0.52417
FLUX  362   361.00        8.304501E+14   8.1446E-07   1.4343E-06   0.56784
FLUX  363   363.00        8.258746E+14   8.5580E-07   1.4616E-06   0.58551
FLUX  364   364.00        8.236058E+14   8.5811E-07   1.4755E-06   0.58158
FLUX  365   365.00        8.213493E+14   9.4560E-07   3.2757E-06   0.28868
FLUX  366   367.00        8.168733E+14   9.8325E-07   3.3153E-06   0.29658
FLUX  367   369.00        8.124458E+14   1.0287E-06   3.3548E-06   0.30662
FLUX  368   371.00        8.080660E+14   1.2498E-06   3.3949E-06   0.36813
FLUX  369   373.00        8.037332E+14   1.2717E-06   3.4341E-06   0.37032
FLUX  370   375.00        7.994467E+14   1.4421E-06   3.4732E-06   0.41520
FLUX  371   377.00        7.952056E+14   1.5644E-06   3.5391E-06   0.44204
FLUX  372   379.00        7.910092E+14   1.7127E-06   3.5798E-06   0.47845
FLUX  373   381.00        7.868569E+14   1.7566E-06   3.6199E-06   0.48525
FLUX  374   383.00        7.827480E+14   1.2682E-06   3.6595E-06   0.34656
FLUX  375   385.00        7.786818E+14   1.4502E-06   3.7021E-06   0.39172
FLUX  376   387.00        7.746576E+14   1.4083E-06   3.7413E-06   0.37641
FLUX  377   389.00        7.706748E+14   1.5752E-06   3.7815E-06   0.41654
FLUX  378   391.00        7.667327E+14   1.4730E-06   3.8217E-06   0.38543
FLUX  379   393.00        7.628308E+14   4.0892E-07   3.8616E-06   0.10589
FLUX  380   395.00        7.589683E+14   8.2805E-07   3.9012E-06   0.21226
FLUX  381   397.00        7.551448E+14   4.7725E-07   3.9403E-06   0.12112
FLUX  382   399.00        7.513596E+14   1.8064E-06   3.9788E-06   0.45401
FLUX  383   401.00        7.476122E+14   2.3739E-06   4.0204E-06   0.59047
FLUX  384   403.00        7.439020E+14   2.5019E-06   4.0599E-06   0.61624
FLUX  385   405.00        7.402284E+14   2.4939E-06   4.0989E-06   0.60844
FLUX  386   407.00        7.365909E+14   2.4455E-06   4.1376E-06   0.59103
FLUX  387   409.00        7.329890E+14   2.7983E-06   4.1758E-06   0.67012
FLUX  388   411.00        7.294221E+14   2.7221E-06   4.2136E-06   0.64602
FLUX  389   413.00        7.258898E+14   2.8228E-06   4.2510E-06   0.66402
FLUX  390   415.00        7.223916E+14   2.8873E-06   4.2888E-06   0.67321
FLUX  391   417.00        7.189269E+14   2.8019E-06   4.3264E-06   0.64762
FLUX  392   419.00        7.154952E+14   2.8266E-06   4.3631E-06   0.64783
FLUX  393   421.00        7.120962E+14   2.8645E-06   4.3993E-06   0.65114
FLUX  394   423.00        7.087293E+14   2.9048E-06   4.4351E-06   0.65496
FLUX  395   425.00        7.053941E+14   2.9581E-06   4.4706E-06   0.66168
FLUX  396   427.00        7.020902E+14   2.8602E-06   4.5057E-06   0.63480
FLUX  397   429.00        6.988170E+14   2.7086E-06   4.5405E-06   0.59653
FLUX  398   431.00        6.955742E+14   2.2623E-06   4.5751E-06   0.49449
FLUX  399   433.00        6.923614E+14   3.1039E-06   4.6093E-06   0.67339
FLUX  400   435.00        6.891782E+14   2.9983E-06   4.6433E-06   0.64573
FLUX  401   437.00        6.860240E+14   3.3196E-06   4.6765E-06   0.70986
FLUX  402   439.00        6.828986E+14   3.1825E-06   4.7093E-06   0.67580
FLUX  403   441.00        6.798016E+14   3.3445E-06   4.7419E-06   0.70531
FLUX  404   443.00        6.767325E+14   3.5062E-06   4.7742E-06   0.73440
FLUX  405   445.00        6.736910E+14   3.6054E-06   4.8063E-06   0.75014
FLUX  406   447.00        6.706767E+14   3.7606E-06   4.8381E-06   0.77727
FLUX  407   449.00        6.676893E+14   3.8248E-06   4.8696E-06   0.78544
FLUX  408   451.00        6.647284E+14   4.1150E-06   4.9008E-06   0.83965
FLUX  409   453.00        6.617936E+14   3.8667E-06   4.9318E-06   0.78404
FLUX  410   455.00        6.588846E+14   3.8951E-06   4.9626E-06   0.78490
FLUX  411   457.00        6.560011E+14   4.1749E-06   4.9929E-06   0.83617
FLUX  412   459.00        6.531427E+14   4.0403E-06   5.0230E-06   0.80436
FLUX  413   461.00        6.503091E+14   4.2442E-06   5.0528E-06   0.83996
FLUX  414   463.00        6.475000E+14   4.1854E-06   5.0824E-06   0.82351
FLUX  415   465.00        6.447150E+14   4.3093E-06   5.1118E-06   0.84301
FLUX  416   467.00        6.419540E+14   4.3634E-06   5.1410E-06   0.84874
FLUX  417   469.00        6.392164E+14   4.3182E-06   5.1700E-06   0.83525
FLUX  418   471.00        6.365021E+14   4.2312E-06   5.1988E-06   0.81388
FLUX  419   473.00        6.338108E+14   4.4565E-06   5.2274E-06   0.85253
FLUX  420   475.00        6.311421E+14   4.6003E-06   5.2558E-06   0.87528
FLUX  421   477.00        6.284958E+14   4.6371E-06   5.2843E-06   0.87752
FLUX  422   479.00        6.258716E+14   4.6695E-06   5.3123E-06   0.87900
FLUX  423   481.00        6.232692E+14   4.6371E-06   5.3400E-06   0.86838
FLUX  424   483.00        6.206884E+14   4.7487E-06   5.3674E-06   0.88473
FLUX  425   485.00        6.181289E+14   4.5461E-06   5.4102E-06   0.84030
FLUX  426   487.00        6.155903E+14   4.1296E-06   5.4373E-06   0.75950
FLUX  427   489.00        6.130726E+14   4.7809E-06   5.4642E-06   0.87495
FLUX  428   491.00        6.105753E+14   4.8290E-06   5.4910E-06   0.87945
FLUX  429   493.00        6.080984E+14   4.7044E-06   5.5176E-06   0.85261
FLUX  430   495.00        6.056414E+14   4.9712E-06   5.5441E-06   0.89667
FLUX  431   497.00        6.032042E+14   4.9900E-06   5.5704E-06   0.89581
FLUX  432   499.00        6.007866E+14   4.7958E-06   5.5964E-06   0.85694
FLUX  433   501.00        5.983882E+14   4.6165E-06   5.6222E-06   0.82112
FLUX  434   503.00        5.960089E+14   4.8582E-06   5.6478E-06   0.86019
FLUX  435   505.00        5.936485E+14   4.9442E-06   5.6732E-06   0.87150
FLUX  436   507.00        5.913067E+14   5.1106E-06   5.6984E-06   0.89684
FLUX  437   509.00        5.889833E+14   5.0375E-06   5.7233E-06   0.88018
FLUX  438   511.00        5.866781E+14   5.1069E-06   5.7480E-06   0.88846
FLUX  439   513.00        5.843908E+14   4.9795E-06   5.7726E-06   0.86262
FLUX  440   515.00        5.821214E+14   4.9713E-06   5.7970E-06   0.85757
FLUX  441   517.00        5.798694E+14   4.8655E-06   5.8212E-06   0.83583
FLUX  442   519.00        5.776349E+14   4.9351E-06   5.8452E-06   0.84431
FLUX  443   521.00        5.754175E+14   5.1272E-06   5.8690E-06   0.87361
FLUX  444   523.00        5.732170E+14   5.1575E-06   5.8926E-06   0.87525
FLUX  445   525.00        5.710333E+14   5.2654E-06   5.9161E-06   0.89001
FLUX  446   527.00        5.688662E+14   4.9152E-06   5.9394E-06   0.82757
FLUX  447   529.00        5.667155E+14   5.3330E-06   5.9625E-06   0.89443
FLUX  448   531.00        5.645810E+14   5.3884E-06   5.9854E-06   0.90026
FLUX  449   533.00        5.624625E+14   5.1877E-06   6.0082E-06   0.86345
FLUX  450   535.00        5.603598E+14   5.4570E-06   6.0308E-06   0.90487
FLUX  451   537.00        5.582728E+14   5.5677E-06   6.0544E-06   0.91962
FLUX  452   539.00        5.562013E+14   5.5052E-06   6.0826E-06   0.90507
FLUX  453   541.00        5.541451E+14   5.4336E-06   6.1045E-06   0.89010
FLUX  454   543.00        5.521040E+14   5.5396E-06   6.1263E-06   0.90424
FLUX  455   545.00        5.500780E+14   5.7427E-06   6.1479E-06   0.93410
FLUX  456   547.00        5.480667E+14   5.6357E-06   6.1694E-06   0.91350
FLUX  457   549.00        5.460701E+14   5.6011E-06   6.1907E-06   0.90477
FLUX  458   551.00        5.440880E+14   5.6426E-06   6.2118E-06   0.90837
FLUX  459   553.00        5.421202E+14   5.7315E-06   6.2328E-06   0.91957
FLUX  460   555.00        5.401667E+14   5.8087E-06   6.2537E-06   0.92884
FLUX  461   557.00        5.382271E+14   5.8221E-06   6.2744E-06   0.92791
FLUX  462   559.00        5.363014E+14   5.7622E-06   6.2949E-06   0.91537
FLUX  463   561.00        5.343895E+14   5.9228E-06   6.3152E-06   0.93786
FLUX  464   563.00        5.324911E+14   5.9152E-06   6.3425E-06   0.93264
FLUX  465   565.00        5.306062E+14   5.9255E-06   6.3624E-06   0.93132
FLUX  466   567.00        5.287346E+14   5.8489E-06   6.3822E-06   0.91644
FLUX  467   569.00        5.268761E+14   5.9870E-06   6.4018E-06   0.93521
FLUX  468   571.00        5.250306E+14   5.9214E-06   6.4212E-06   0.92216
FLUX  469   573.00        5.231981E+14   6.2463E-06   6.4404E-06   0.96987
FLUX  470   575.00        5.213783E+14   6.0991E-06   6.4593E-06   0.94423
FLUX  471   577.00        5.195711E+14   6.2050E-06   6.4781E-06   0.95783
FLUX  472   579.00        5.177763E+14   6.0805E-06   6.4967E-06   0.93594
FLUX  473   581.00        5.159940E+14   6.2207E-06   6.5152E-06   0.95481
FLUX  474   583.00        5.142238E+14   6.3323E-06   6.5335E-06   0.96921
FLUX  475   585.00        5.124658E+14   6.2972E-06   6.5516E-06   0.96118
FLUX  476   587.00        5.107198E+14   6.3368E-06   6.5695E-06   0.96457
FLUX  477   589.00        5.089856E+14   6.1356E-06   6.5873E-06   0.93143
FLUX  478   591.00        5.072631E+14   6.3451E-06   6.6050E-06   0.96065
FLUX  479   593.00        5.055523E+14   6.3748E-06   6.6225E-06   0.96260
FLUX  480   595.00        5.038529E+14   6.3973E-06   6.6424E-06   0.96310
FLUX  481   597.00        5.021650E+14   6.4787E-06   6.6595E-06   0.97285
FLUX  482   599.00        5.004883E+14   6.4359E-06   6.6765E-06   0.96396
FLUX  483   601.00        4.988228E+14   6.3856E-06   6.6933E-06   0.95403
FLUX  484   603.00        4.971683E+14   6.4818E-06   6.7101E-06   0.96599
FLUX  485   605.00        4.955248E+14   6.5440E-06   6.7270E-06   0.97279
FLUX  486   607.00        4.938921E+14   6.6073E-06   6.7434E-06   0.97982
FLUX  487   609.00        4.922701E+14   6.4561E-06   6.7596E-06   0.95510
FLUX  488   611.00        4.906588E+14   6.4387E-06   6.7756E-06   0.95029
FLUX  489   613.00        4.890579E+14   6.3549E-06   6.7914E-06   0.93572
FLUX  490   615.00        4.874675E+14   6.3927E-06   6.8071E-06   0.93913
FLUX  491   617.00        4.858874E+14   6.3538E-06   6.8227E-06   0.93129
FLUX  492   619.00        4.843174E+14   6.6081E-06   6.8381E-06   0.96637
FLUX  493   621.00        4.827576E+14   6.6518E-06   6.8535E-06   0.97058
FLUX  494   623.00        4.812079E+14   6.5161E-06   6.8686E-06   0.94868
FLUX  495   625.00        4.796680E+14   6.3639E-06   6.8836E-06   0.92450
FLUX  496   627.00        4.781380E+14   6.6596E-06   6.9109E-06   0.96365
FLUX  497   629.00        4.766176E+14   6.7118E-06   6.9256E-06   0.96914
FLUX  498   631.00        4.751070E+14   6.5575E-06   6.9401E-06   0.94486
FLUX  499   633.00        4.736058E+14   6.6541E-06   6.9546E-06   0.95680
FLUX  500   635.00        4.721142E+14   6.6686E-06   6.9699E-06   0.95677
FLUX  501   637.00        4.706319E+14   6.6505E-06   6.9840E-06   0.95224
FLUX  502   639.00        4.691588E+14   6.7702E-06   6.9979E-06   0.96747
FLUX  503   641.00        4.676950E+14   6.7154E-06   7.0117E-06   0.95774
FLUX  504   643.00        4.662403E+14   6.7922E-06   7.0253E-06   0.96681
FLUX  505   645.00        4.647946E+14   6.7551E-06   7.0388E-06   0.95970
FLUX  506   647.00        4.633578E+14   6.8064E-06   7.0522E-06   0.96514
FLUX  507   649.00        4.619299E+14   6.7476E-06   7.0654E-06   0.95503
FLUX  508   651.00        4.605107E+14   6.8632E-06   7.0801E-06   0.96937
FLUX  509   653.00        4.591003E+14   6.8881E-06   7.0929E-06   0.97112
FLUX  510   655.00        4.576985E+14   6.7780E-06   7.1134E-06   0.95284
FLUX  511   657.00        4.563052E+14   6.0627E-06   7.1259E-06   0.85079
FLUX  512   659.00        4.549203E+14   6.8908E-06   7.1384E-06   0.96531
FLUX  513   661.00        4.535439E+14   6.9441E-06   7.1506E-06   0.97112
FLUX  514   663.00        4.521757E+14   6.9742E-06   7.1628E-06   0.97367
FLUX  515   665.00        4.508158E+14   6.9852E-06   7.1748E-06   0.97358
FLUX  516   667.00        4.494640E+14   6.9521E-06   7.1867E-06   0.96737
FLUX  517   669.00        4.481203E+14   7.0555E-06   7.1984E-06   0.98015
FLUX  518   671.00        4.467846E+14   6.9760E-06   7.2100E-06   0.96754
FLUX  519   673.00        4.454569E+14   7.0801E-06   7.2215E-06   0.98042
FLUX  520   675.00        4.441370E+14   6.9963E-06   7.2328E-06   0.96730
FLUX  521   677.00        4.428250E+14   7.0826E-06   7.2440E-06   0.97771
FLUX  522   679.00        4.415206E+14   7.0419E-06   7.2551E-06   0.97061
FLUX  523   681.00        4.402239E+14   7.0753E-06   7.2660E-06   0.97375
FLUX  524   683.00        4.389348E+14   7.1094E-06   7.2768E-06   0.97699
FLUX  525   685.00        4.376533E+14   7.0464E-06   7.2875E-06   0.96691
FLUX  526   687.00        4.363792E+14   7.1284E-06   7.2981E-06   0.97675
FLUX  527   689.00        4.351125E+14   7.1672E-06   7.3085E-06   0.98067
FLUX  528   691.00        4.338531E+14   7.1530E-06   7.3188E-06   0.97734
FLUX  529   693.00        4.326010E+14   7.1521E-06   7.3290E-06   0.97587
FLUX  530   695.00        4.313561E+14   7.1522E-06   7.3390E-06   0.97454
FLUX  531   697.00        4.301184E+14   7.1817E-06   7.3489E-06   0.97724
FLUX  532   699.00        4.288877E+14   7.1926E-06   7.3589E-06   0.97741
FLUX  533   701.00        4.276640E+14   7.0427E-06   7.3686E-06   0.95578
FLUX  534   703.00        4.264474E+14   7.1613E-06   7.3781E-06   0.97062
FLUX  535   705.00        4.252376E+14   7.2228E-06   7.3874E-06   0.97772
FLUX  536   707.00        4.240346E+14   7.1940E-06   7.3967E-06   0.97260
FLUX  537   709.00        4.228385E+14   7.2110E-06   7.4058E-06   0.97369
FLUX  538   711.00        4.216491E+14   7.1612E-06   7.4148E-06   0.96579
FLUX  539   713.00        4.204663E+14   7.1823E-06   7.4237E-06   0.96748
FLUX  540   715.00        4.192902E+14   7.2061E-06   7.4324E-06   0.96955
FLUX  541   717.00        4.181206E+14   7.1981E-06   7.4411E-06   0.96734
FLUX  542   719.00        4.169576E+14   7.0688E-06   7.4496E-06   0.94888
FLUX  543   721.00        4.158010E+14   7.2289E-06   7.4580E-06   0.96928
FLUX  544   723.00        4.146508E+14   7.2157E-06   7.4663E-06   0.96644
FLUX  545   725.00        4.135069E+14   7.2654E-06   7.4790E-06   0.97144
FLUX  546   727.00        4.123693E+14   7.2906E-06   7.4871E-06   0.97377
FLUX  547   729.00        4.112380E+14   7.1611E-06   7.4949E-06   0.95546
FLUX  548   731.00        4.101129E+14   7.2431E-06   7.5127E-06   0.96411
FLUX  549   733.00        4.089939E+14   7.2900E-06   7.5204E-06   0.96936
FLUX  550   735.00        4.078809E+14   7.3037E-06   7.5280E-06   0.97021
FLUX  551   737.00        4.067741E+14   7.3587E-06   7.5355E-06   0.97654
FLUX  552   739.00        4.056732E+14   7.2587E-06   7.5428E-06   0.96233
FLUX  553   741.00        4.045783E+14   7.2270E-06   7.5501E-06   0.95721
FLUX  554   743.00        4.034892E+14   7.2592E-06   7.5572E-06   0.96056
FLUX  555   745.00        4.024060E+14   7.3142E-06   7.5642E-06   0.96694
FLUX  556   747.00        4.013286E+14   7.3519E-06   7.5711E-06   0.97104
FLUX  557   749.00        4.002570E+14   7.3439E-06   7.5780E-06   0.96911
FLUX  558   751.00        3.991911E+14   7.3841E-06   7.5847E-06   0.97355
FLUX  559   753.00        3.981308E+14   7.4125E-06   7.5913E-06   0.97644
FLUX  560   755.00        3.970762E+14   7.4731E-06   7.5978E-06   0.98358
FLUX  561   757.00        3.960271E+14   7.4263E-06   7.6042E-06   0.97661
FLUX  562   759.00        3.949835E+14   7.4528E-06   7.6105E-06   0.97927
FLUX  563   761.00        3.939455E+14   7.4518E-06   7.6167E-06   0.97835
FLUX  564   763.00        3.929128E+14   7.5049E-06   7.6228E-06   0.98454
FLUX  565   765.00        3.918856E+14   7.4770E-06   7.6287E-06   0.98011
FLUX  566   767.00        3.908638E+14   7.3818E-06   7.6346E-06   0.96689
FLUX  567   769.00        3.898472E+14   7.4877E-06   7.6403E-06   0.98003
FLUX  568   771.00        3.888359E+14   7.4602E-06   7.6460E-06   0.97570
FLUX  569   773.00        3.878299E+14   7.4688E-06   7.6516E-06   0.97612
FLUX  570   775.00        3.868290E+14   7.4607E-06   7.6570E-06   0.97436
FLUX  571   777.00        3.858333E+14   7.4718E-06   7.6624E-06   0.97513
FLUX  572   779.00        3.848427E+14   7.5737E-06   7.6677E-06   0.98774
FLUX  573   781.00        3.838572E+14   7.5545E-06   7.6729E-06   0.98456
FLUX  574   783.00        3.828768E+14   7.5230E-06   7.6780E-06   0.97981
FLUX  575   785.00        3.819013E+14   7.4963E-06   7.6830E-06   0.97570
FLUX  576   787.00        3.809307E+14   7.5662E-06   7.6879E-06   0.98416
FLUX  577   789.00        3.799651E+14   7.5368E-06   7.6928E-06   0.97973
FLUX  578   791.00        3.790044E+14   7.4625E-06   7.6975E-06   0.96948
FLUX  579   793.00        3.780485E+14   7.4389E-06   7.7021E-06   0.96583
FLUX  580   795.00        3.770975E+14   7.4487E-06   7.7067E-06   0.96653
FLUX  581   797.00        3.761512E+14   7.5710E-06   7.7118E-06   0.98174
FLUX  582   799.00        3.752096E+14   7.5747E-06   7.7162E-06   0.98166
FLUX  583   801.00        3.742728E+14   7.5533E-06   7.7205E-06   0.97834
FLUX  584   803.00        3.733406E+14   7.5350E-06   7.7246E-06   0.97545
FLUX  585   805.00        3.724130E+14   7.5432E-06   7.7287E-06   0.97599
FLUX  586   807.00        3.714901E+14   7.5620E-06   7.7327E-06   0.97792
FLUX  587   809.00        3.705717E+14   7.5055E-06   7.7366E-06   0.97013
FLUX  588   811.00        3.696578E+14   7.5816E-06   7.7404E-06   0.97948
FLUX  589   813.00        3.687485E+14   7.6205E-06   7.7441E-06   0.98403
FLUX  590   815.00        3.678436E+14   7.5963E-06   7.7478E-06   0.98046
FLUX  591   817.00        3.669431E+14   7.6150E-06   7.7513E-06   0.98241
FLUX  592   819.00        3.660470E+14   7.4830E-06   7.7548E-06   0.96495
FLUX  593   821.00        3.651553E+14   7.4983E-06   7.9726E-06   0.94050
FLUX  594   823.00        3.642679E+14   7.5441E-06   7.9760E-06   0.94585
FLUX  595   825.00        3.633848E+14   7.5641E-06   7.9793E-06   0.94797
FLUX  596   827.00        3.625060E+14   7.6503E-06   7.9825E-06   0.95838
FLUX  597   829.00        3.616315E+14   7.6403E-06   7.9857E-06   0.95675
FLUX  598   831.00        3.607611E+14   7.5243E-06   7.9887E-06   0.94186
FLUX  599   833.00        3.598950E+14   7.5283E-06   7.9917E-06   0.94201
FLUX  600   835.00        3.590329E+14   7.5848E-06   7.9946E-06   0.94874
FLUX  601   837.00        3.581750E+14   7.5928E-06   7.9975E-06   0.94940
FLUX  602   839.00        3.573212E+14   7.5477E-06   8.0003E-06   0.94343
FLUX  603   841.00        3.564715E+14   7.6147E-06   8.0030E-06   0.95148
FLUX  604   843.00        3.556257E+14   7.5660E-06   8.0056E-06   0.94509
FLUX  605   845.00        3.547840E+14   7.5542E-06   8.0082E-06   0.94331
FLUX  606   847.00        3.539463E+14   7.5353E-06   8.0107E-06   0.94066
FLUX  607   849.00        3.531125E+14   7.2828E-06   8.0131E-06   0.90886
FLUX  608   851.00        3.522826E+14   6.8551E-06   8.0154E-06   0.85524
FLUX  609   853.00        3.514566E+14   7.0585E-06   8.0177E-06   0.88036
FLUX  610   855.00        3.506345E+14   5.3965E-06   8.0210E-06   0.67279
FLUX  611   857.00        3.498162E+14   7.6630E-06   8.0231E-06   0.95511
FLUX  612   859.00        3.490017E+14   7.6348E-06   8.0252E-06   0.95135
FLUX  613   861.00        3.481911E+14   7.5929E-06   8.0273E-06   0.94588
FLUX  614   863.00        3.473841E+14   7.7911E-06   8.0293E-06   0.97034
FLUX  615   865.00        3.465809E+14   7.4189E-06   8.0312E-06   0.92376
FLUX  616   867.00        3.457814E+14   5.7427E-06   8.0331E-06   0.71488
FLUX  617   869.00        3.449856E+14   7.5803E-06   8.0349E-06   0.94343
FLUX  618   871.00        3.441935E+14   7.8088E-06   8.0366E-06   0.97166
FLUX  619   873.00        3.434049E+14   7.8160E-06   8.0383E-06   0.97235
FLUX  620   875.00        3.426200E+14   7.5407E-06   8.0399E-06   0.93791
FLUX  621   877.00        3.418387E+14   7.8824E-06   8.0415E-06   0.98022
FLUX  622   879.00        3.410609E+14   7.8657E-06   8.0430E-06   0.97796
FLUX  623   881.00        3.402866E+14   7.7842E-06   8.0444E-06   0.96765
FLUX  624   883.00        3.395159E+14   7.8315E-06   8.0458E-06   0.97337
FLUX  625   885.00        3.387486E+14   7.8256E-06   8.0471E-06   0.97247
FLUX  626   887.00        3.379848E+14   7.5469E-06   8.0484E-06   0.93769
FLUX  627   889.00        3.372244E+14   7.8739E-06   8.0496E-06   0.97817
FLUX  628   891.00        3.364674E+14   7.9383E-06   8.0508E-06   0.98603
FLUX  629   893.00        3.357139E+14   7.8359E-06   8.0519E-06   0.97317
FLUX  630   895.00        3.349637E+14   7.8811E-06   8.0529E-06   0.97866
FLUX  631   897.00        3.342168E+14   7.8872E-06   8.0539E-06   0.97930
FLUX  632   899.00        3.334733E+14   7.8950E-06   8.0549E-06   0.98015
FLUX  633   901.00        3.327331E+14   7.5375E-06   8.0557E-06   0.93567
FLUX  634   903.00        3.319961E+14   7.8108E-06   8.0566E-06   0.96949
FLUX  635   905.00        3.312624E+14   7.9837E-06   8.0573E-06   0.99086
FLUX  636   907.00        3.305320E+14   7.8169E-06   8.0580E-06   0.97007
FLUX  637   909.00        3.298047E+14   7.6729E-06   8.0587E-06   0.95212
FLUX  638   911.00        3.290807E+14   7.7869E-06   8.0593E-06   0.96620
FLUX  639   913.00        3.283598E+14   7.9546E-06   8.0599E-06   0.98695
FLUX  640   915.00        3.276421E+14   7.8881E-06   8.0604E-06   0.97863
FLUX  641   917.00        3.269275E+14   7.8459E-06   8.0608E-06   0.97334
FLUX  642   919.00        3.262160E+14   7.8850E-06   8.0612E-06   0.97815
FLUX  643   921.00        3.255076E+14   7.7353E-06   8.0615E-06   0.95953
FLUX  644   923.00        3.248023E+14   7.4697E-06   8.0618E-06   0.92655
FLUX  645   925.00        3.241000E+14   7.6802E-06   8.0621E-06   0.95263
FLUX  646   927.00        3.234008E+14   7.8025E-06   8.0624E-06   0.96777
FLUX  647   929.00        3.227045E+14   7.8620E-06   8.0626E-06   0.97512
FLUX  648   931.00        3.220113E+14   7.9020E-06   8.0627E-06   0.98006
FLUX  649   933.00        3.213210E+14   7.8916E-06   8.0629E-06   0.97876
FLUX  650   935.00        3.206337E+14   7.8977E-06   8.0630E-06   0.97950
FLUX  651   937.00        3.199493E+14   7.9006E-06   8.0630E-06   0.97986
FLUX  652   939.00        3.192678E+14   7.8704E-06   8.0630E-06   0.97612
FLUX  653   941.00        3.185893E+14   7.6321E-06   8.0630E-06   0.94656
FLUX  654   943.00        3.179136E+14   7.8168E-06   8.0629E-06   0.96948
FLUX  655   945.00        3.172407E+14   7.7687E-06   8.0628E-06   0.96353
FLUX  656   947.00        3.165707E+14   7.8945E-06   8.0626E-06   0.97916
FLUX  657   949.00        3.159036E+14   7.9235E-06   8.0624E-06   0.98277
FLUX  658   951.00        3.152392E+14   7.8997E-06   8.0621E-06   0.97985
FLUX  659   953.00        3.145776E+14   7.8620E-06   8.0618E-06   0.97521
FLUX  660   955.00        3.139188E+14   7.5579E-06   8.0615E-06   0.93753
FLUX  661   957.00        3.132628E+14   7.8468E-06   8.0611E-06   0.97342
FLUX  662   959.00        3.126095E+14   7.9248E-06   8.0607E-06   0.98315
FLUX  663   961.00        3.119589E+14   7.8536E-06   8.0602E-06   0.97436
FLUX  664   963.00        3.113110E+14   7.8071E-06   8.0597E-06   0.96867
FLUX  665   965.00        3.106658E+14   7.8464E-06   8.0591E-06   0.97361
FLUX  666   967.00        3.100233E+14   7.7764E-06   8.0585E-06   0.96499
FLUX  667   969.00        3.093834E+14   7.8342E-06   8.0579E-06   0.97224
FLUX  668   971.00        3.087461E+14   7.9090E-06   8.0573E-06   0.98160
FLUX  669   973.00        3.081115E+14   7.9136E-06   8.0566E-06   0.98225
FLUX  670   975.00        3.074795E+14   7.8166E-06   8.0558E-06   0.97030
FLUX  671   977.00        3.068500E+14   7.9008E-06   8.0550E-06   0.98085
FLUX  672   979.00        3.062232E+14   7.8510E-06   8.0542E-06   0.97477
FLUX  673   981.00        3.055989E+14   7.9399E-06   8.0534E-06   0.98591
FLUX  674   983.00        3.049771E+14   7.9247E-06   8.0525E-06   0.98413
FLUX  675   985.00        3.043579E+14   7.9053E-06   8.0516E-06   0.98183
FLUX  676   987.00        3.037411E+14   7.9024E-06   8.0506E-06   0.98159
FLUX  677   989.00        3.031269E+14   7.8990E-06   8.0496E-06   0.98129
FLUX  678   991.00        3.025151E+14   7.8713E-06   8.0486E-06   0.97797
FLUX  679   993.00        3.019058E+14   7.9455E-06   8.0476E-06   0.98731
FLUX  680   995.00        3.012990E+14   7.9334E-06   8.0465E-06   0.98594
FLUX  681   997.00        3.006946E+14   7.9496E-06   8.0454E-06   0.98809
FLUX  682   999.00        3.000926E+14   7.9517E-06   8.0443E-06   0.98848
FLUX  683  1002.50        2.990449E+14   7.9042E-06   8.0423E-06   0.98283
FLUX  684  1007.50        2.975608E+14   7.8018E-06   8.0392E-06   0.97046
FLUX  685  1012.50        2.960914E+14   7.9085E-06   8.0361E-06   0.98413
FLUX  686  1017.50        2.946364E+14   7.8895E-06   8.0327E-06   0.98217
FLUX  687  1022.50        2.931956E+14   7.9255E-06   8.0293E-06   0.98707
FLUX  688  1027.50        2.917689E+14   7.9639E-06   8.0258E-06   0.99229
FLUX  689  1032.50        2.903559E+14   7.8985E-06   8.0221E-06   0.98460
FLUX  690  1037.50        2.889566E+14   7.9072E-06   8.0183E-06   0.98614
FLUX  691  1042.50        2.875707E+14   7.9288E-06   8.0143E-06   0.98933
FLUX  692  1047.50        2.861981E+14   7.8260E-06   8.0102E-06   0.97700
FLUX  693  1052.50        2.848385E+14   7.8892E-06   8.0059E-06   0.98542
FLUX  694  1057.50        2.834917E+14   7.8917E-06   8.0014E-06   0.98629
FLUX  695  1062.50        2.821576E+14   7.8940E-06   7.9969E-06   0.98713
FLUX  696  1067.50        2.808361E+14   7.7630E-06   7.9922E-06   0.97133
FLUX  697  1072.50        2.795268E+14   7.8287E-06   7.9873E-06   0.98015
FLUX  698  1077.50        2.782297E+14   7.8256E-06   7.9824E-06   0.98036
FLUX  699  1082.50        2.769446E+14   7.7796E-06   7.9775E-06   0.97520
FLUX  700  1087.50        2.756713E+14   7.7946E-06   7.9725E-06   0.97769
FLUX  701  1092.50        2.744096E+14   7.6447E-06   7.9674E-06   0.95949
FLUX  702  1097.50        2.731595E+14   7.6672E-06   7.9622E-06   0.96294
FLUX  703  1102.50        2.719206E+14   7.7383E-06   7.9569E-06   0.97253
FLUX  704  1107.50        2.706930E+14   7.7667E-06   7.9515E-06   0.97676
FLUX  705  1112.50        2.694764E+14   7.7437E-06   7.9460E-06   0.97455
FLUX  706  1117.50        2.682707E+14   7.7491E-06   7.9404E-06   0.97592
FLUX  707  1122.50        2.670757E+14   7.7807E-06   7.9347E-06   0.98059
FLUX  708  1127.50        2.658913E+14   7.6769E-06   7.9291E-06   0.96819
FLUX  709  1132.50        2.647174E+14   7.7022E-06   7.9234E-06   0.97208
FLUX  710  1137.50        2.635538E+14   7.7171E-06   7.9177E-06   0.97466
FLUX  711  1142.50        2.624004E+14   7.6730E-06   7.9119E-06   0.96981
FLUX  712  1147.50        2.612571E+14   7.8011E-06   7.9060E-06   0.98673
FLUX  713  1152.50        2.601236E+14   7.7976E-06   7.9000E-06   0.98705
FLUX  714  1157.50        2.590000E+14   7.7529E-06   7.8939E-06   0.98213
FLUX  715  1162.50        2.578860E+14   7.6763E-06   7.8878E-06   0.97319
FLUX  716  1167.50        2.567816E+14   7.6570E-06   7.8816E-06   0.97150
FLUX  717  1172.50        2.556866E+14   7.7956E-06   7.8755E-06   0.98986
FLUX  718  1177.50        2.546008E+14   7.6637E-06   7.8693E-06   0.97387
FLUX  719  1182.50        2.535243E+14   7.6943E-06   7.8631E-06   0.97853
FLUX  720  1187.50        2.524568E+14   7.6446E-06   7.8576E-06   0.97289
FLUX  721  1192.50        2.513983E+14   7.8025E-06   7.8514E-06   0.99378
FLUX  722  1197.50        2.503486E+14   7.6556E-06   7.8451E-06   0.97585
FLUX  723  1202.50        2.493077E+14   7.7306E-06   7.8387E-06   0.98620
FLUX  724  1207.50        2.482754E+14   7.6885E-06   7.8323E-06   0.98163
FLUX  725  1212.50        2.472515E+14   7.7013E-06   7.8259E-06   0.98408
FLUX  726  1217.50        2.462361E+14   7.7506E-06   7.8195E-06   0.99119
FLUX  727  1222.50        2.452290E+14   7.7356E-06   7.8130E-06   0.99010
FLUX  728  1227.50        2.442301E+14   7.7234E-06   7.8065E-06   0.98935
FLUX  729  1232.50        2.432393E+14   7.7154E-06   7.8001E-06   0.98915
FLUX  730  1237.50        2.422566E+14   7.7139E-06   7.7937E-06   0.98977
FLUX  731  1242.50        2.412817E+14   7.7090E-06   7.7872E-06   0.98996
FLUX  732  1247.50        2.403146E+14   7.7235E-06   7.7808E-06   0.99263
FLUX  733  1252.50        2.393553E+14   7.6740E-06   7.7743E-06   0.98710
FLUX  734  1257.50        2.384036E+14   7.6517E-06   7.7679E-06   0.98504
FLUX  735  1262.50        2.374594E+14   7.6777E-06   7.7614E-06   0.98921
FLUX  736  1267.50        2.365227E+14   7.6644E-06   7.7550E-06   0.98832
FLUX  737  1272.50        2.355933E+14   7.6953E-06   7.7486E-06   0.99313
FLUX  738  1277.50        2.346712E+14   7.7000E-06   7.7422E-06   0.99455
FLUX  739  1282.50        2.337563E+14   7.3361E-06   7.7359E-06   0.94832
FLUX  740  1287.50        2.328485E+14   7.6518E-06   7.7296E-06   0.98994
FLUX  741  1292.50        2.319478E+14   7.6199E-06   7.7232E-06   0.98662
FLUX  742  1297.50        2.310539E+14   7.6542E-06   7.7168E-06   0.99189
FLUX  743  1302.50        2.301670E+14   7.6208E-06   7.7104E-06   0.98838
FLUX  744  1307.50        2.292868E+14   7.6523E-06   7.7040E-06   0.99329
FLUX  745  1312.50        2.284133E+14   7.5991E-06   7.6976E-06   0.98721
FLUX  746  1317.50        2.275465E+14   7.5811E-06   7.6911E-06   0.98570
FLUX  747  1322.50        2.266862E+14   7.6218E-06   7.6847E-06   0.99181
FLUX  748  1327.50        2.258324E+14   7.5636E-06   7.6782E-06   0.98507
FLUX  749  1332.50        2.249850E+14   7.5988E-06   7.6717E-06   0.99050
FLUX  750  1337.50        2.241439E+14   7.5852E-06   7.6652E-06   0.98957
FLUX  751  1342.50        2.233091E+14   7.5985E-06   7.6587E-06   0.99214
FLUX  752  1347.50        2.224805E+14   7.5933E-06   7.6522E-06   0.99231
FLUX  753  1352.50        2.216580E+14   7.5732E-06   7.6457E-06   0.99052
FLUX  754  1357.50        2.208416E+14   7.5163E-06   7.6393E-06   0.98389
FLUX  755  1362.50        2.200312E+14   7.5399E-06   7.6328E-06   0.98782
FLUX  756  1367.50        2.192267E+14   7.5290E-06   7.6263E-06   0.98723
FLUX  757  1372.50        2.184280E+14   7.4644E-06   7.6198E-06   0.97960
FLUX  758  1377.50        2.176352E+14   7.5065E-06   7.6132E-06   0.98599
FLUX  759  1382.50        2.168481E+14   7.5188E-06   7.6065E-06   0.98846
FLUX  760  1387.50        2.160667E+14   7.5345E-06   7.5998E-06   0.99141
FLUX  761  1392.50        2.152908E+14   7.5014E-06   7.5930E-06   0.98794
FLUX  762  1397.50        2.145206E+14   7.5066E-06   7.5867E-06   0.98945
FLUX  763  1402.50        2.137558E+14   7.4716E-06   7.5799E-06   0.98571
FLUX  764  1407.50        2.129964E+14   7.4865E-06   7.5731E-06   0.98857
FLUX  765  1412.50        2.122425E+14   7.4206E-06   7.5661E-06   0.98077
FLUX  766  1417.50        2.114938E+14   7.4492E-06   7.5591E-06   0.98546
FLUX  767  1422.50        2.107504E+14   7.3914E-06   7.5523E-06   0.97870
FLUX  768  1427.50        2.100123E+14   7.3520E-06   7.5451E-06   0.97442
FLUX  769  1432.50        2.092792E+14   7.4084E-06   7.5377E-06   0.98285
FLUX  770  1437.50        2.085513E+14   7.4463E-06   7.5302E-06   0.98885
FLUX  771  1442.50        2.078284E+14   7.2250E-06   7.5227E-06   0.96043
FLUX  772  1447.50        2.071105E+14   7.4029E-06   7.5150E-06   0.98508
FLUX  773  1452.50        2.063976E+14   7.2868E-06   7.5073E-06   0.97063
FLUX  774  1457.00        2.057601E+14   7.3668E-06   7.5002E-06   0.98221
FLUX  775  1462.00        2.050564E+14   7.3154E-06   7.6784E-06   0.95273
FLUX  776  1467.50        2.042879E+14   7.3509E-06   7.6731E-06   0.95800
FLUX  777  1472.50        2.035942E+14   7.2768E-06   7.6672E-06   0.94909
FLUX  778  1477.50        2.029052E+14   7.2668E-06   7.6611E-06   0.94853
FLUX  779  1482.50        2.022209E+14   7.2786E-06   7.6547E-06   0.95086
FLUX  780  1487.50        2.015412E+14   7.2299E-06   7.6481E-06   0.94531
FLUX  781  1492.50        2.008660E+14   7.3438E-06   7.6413E-06   0.96107
FLUX  782  1497.50        2.001953E+14   7.2883E-06   7.6342E-06   0.95468
FLUX  783  1502.50        1.995291E+14   7.2408E-06   7.6269E-06   0.94937
FLUX  784  1507.50        1.988673E+14   7.1974E-06   7.6193E-06   0.94463
FLUX  785  1512.50        1.982099E+14   7.2397E-06   7.6114E-06   0.95116
FLUX  786  1517.50        1.975568E+14   7.2638E-06   7.6032E-06   0.95535
FLUX  787  1522.50        1.969080E+14   7.2475E-06   7.5947E-06   0.95429
FLUX  788  1527.50        1.962635E+14   7.2185E-06   7.5858E-06   0.95158
FLUX  789  1532.50        1.956232E+14   7.1905E-06   7.5766E-06   0.94904
FLUX  790  1537.50        1.949870E+14   7.2675E-06   7.5669E-06   0.96042
FLUX  791  1542.50        1.943549E+14   7.1072E-06   7.5569E-06   0.94049
FLUX  792  1547.50        1.937270E+14   7.2461E-06   7.5465E-06   0.96020
FLUX  793  1552.50        1.931031E+14   7.2380E-06   7.5357E-06   0.96050
FLUX  794  1557.50        1.924831E+14   7.0253E-06   7.5243E-06   0.93368
FLUX  795  1562.50        1.918672E+14   7.3135E-06   7.5124E-06   0.97352
FLUX  796  1567.50        1.912552E+14   7.1603E-06   7.5000E-06   0.95470
FLUX  797  1572.50        1.906471E+14   7.0207E-06   7.4871E-06   0.93771
FLUX  798  1577.50        1.900428E+14   7.1413E-06   7.4736E-06   0.95554
FLUX  799  1582.50        1.894423E+14   7.2142E-06   7.4594E-06   0.96714
FLUX  800  1587.50        1.888457E+14   6.7526E-06   7.4445E-06   0.90707
FLUX  801  1592.50        1.882527E+14   7.1453E-06   7.4288E-06   0.96183
FLUX  802  1597.50        1.876635E+14   7.2284E-06   7.4125E-06   0.97517
FLUX  803  1605.00        1.867866E+14   7.1606E-06   7.3864E-06   0.96942
FLUX  804  1615.00        1.856300E+14   6.9698E-06   7.3481E-06   0.94852
FLUX  805  1625.00        1.844877E+14   7.1611E-06   7.3051E-06   0.98030
FLUX  806  1635.00        1.833593E+14   7.0613E-06   7.2550E-06   0.97330
FLUX  807  1645.00        1.822447E+14   6.8253E-06   7.1956E-06   0.94854
FLUX  808  1655.00        1.811435E+14   6.9949E-06   7.1301E-06   0.98104
FLUX  809  1665.00        1.800556E+14   6.9593E-06   7.0655E-06   0.98497
FLUX  810  1675.00        1.789806E+14   6.8509E-06   7.0019E-06   0.97842
FLUX  811  1685.00        1.779184E+14   6.6140E-06   6.9390E-06   0.95317
FLUX  812  1695.00        1.768687E+14   6.8134E-06   6.8768E-06   0.99078
FLUX  813  1705.00        1.758314E+14   6.6785E-06   6.8155E-06   0.97991
FLUX  814  1715.00        1.748061E+14   6.6780E-06   6.7549E-06   0.98862
FLUX  815  1725.00        1.737928E+14   6.5492E-06   6.6951E-06   0.97821
FLUX  816  1735.00        1.727911E+14   6.2798E-06   6.6361E-06   0.94631
FLUX  817  1745.00        1.718009E+14   6.4247E-06   6.5778E-06   0.97672
FLUX  818  1755.00        1.708219E+14   6.4042E-06   6.5203E-06   0.98219
FLUX  819  1765.00        1.698541E+14   6.3472E-06   6.4634E-06   0.98201
FLUX  820  1775.00        1.688972E+14   6.2943E-06   6.4073E-06   0.98236
FLUX  821  1785.00        1.679510E+14   6.2525E-06   6.3519E-06   0.98434
FLUX  822  1795.00        1.670153E+14   6.2342E-06   6.2972E-06   0.99000
FLUX  823  1805.00        1.660900E+14   6.1414E-06   6.2432E-06   0.98369
FLUX  824  1815.00        1.651749E+14   5.9349E-06   6.1898E-06   0.95882
FLUX  825  1825.00        1.642699E+14   6.0245E-06   6.1370E-06   0.98166
FLUX  826  1835.00        1.633747E+14   6.0068E-06   6.0849E-06   0.98717
FLUX  827  1845.00        1.624892E+14   5.9371E-06   6.0334E-06   0.98404
FLUX  828  1855.00        1.616132E+14   5.8960E-06   5.9825E-06   0.98555
FLUX  829  1865.00        1.607466E+14   5.8269E-06   5.9323E-06   0.98224
FLUX  830  1875.00        1.598893E+14   5.5722E-06   5.8826E-06   0.94724
FLUX  831  1885.00        1.590411E+14   5.7424E-06   5.8336E-06   0.98438
FLUX  832  1895.00        1.582018E+14   5.6080E-06   5.7851E-06   0.96937
FLUX  833  1905.00        1.573714E+14   5.6860E-06   5.7373E-06   0.99105
FLUX  834  1915.00        1.565496E+14   5.6220E-06   5.6900E-06   0.98805
FLUX  835  1925.00        1.557364E+14   5.5861E-06   5.6432E-06   0.98987
FLUX  836  1935.00        1.549315E+14   5.5095E-06   5.5971E-06   0.98436
FLUX  837  1945.00        1.541350E+14   5.3021E-06   5.5514E-06   0.95509
FLUX  838  1955.00        1.533465E+14   5.4474E-06   5.5063E-06   0.98930
FLUX  839  1965.00        1.525662E+14   5.3997E-06   5.4618E-06   0.98863
FLUX  840  1975.00        1.517937E+14   5.3352E-06   5.4178E-06   0.98475
FLUX  841  1985.00        1.510290E+14   5.3163E-06   5.3743E-06   0.98921
FLUX  842  1995.00        1.502719E+14   5.2722E-06   5.3313E-06   0.98891
FLUX  843  2005.00        1.495224E+14   5.2497E-06   5.2888E-06   0.99260
FLUX  844  2015.00        1.487804E+14   5.2258E-06   5.2468E-06   0.99600
FLUX  845  2025.00        1.480457E+14   5.1506E-06   5.2052E-06   0.98951
FLUX  846  2035.00        1.473182E+14   5.0899E-06   5.1642E-06   0.98562
FLUX  847  2045.00        1.465978E+14   5.1031E-06   5.1236E-06   0.99600
FLUX  848  2055.00        1.458844E+14   5.0485E-06   5.0834E-06   0.99313
FLUX  849  2065.00        1.451780E+14   4.9946E-06   5.0437E-06   0.99025
FLUX  850  2075.00        1.444783E+14   4.9599E-06   5.0045E-06   0.99110
FLUX  851  2085.00        1.437854E+14   4.9231E-06   4.9657E-06   0.99144
FLUX  852  2095.00        1.430990E+14   4.8755E-06   4.9273E-06   0.98949
FLUX  853  2105.00        1.424192E+14   4.8584E-06   4.8894E-06   0.99368
FLUX  854  2115.00        1.417459E+14   4.8040E-06   4.8518E-06   0.99014
FLUX  855  2125.00        1.410788E+14   4.7684E-06   4.8148E-06   0.99036
FLUX  856  2135.00        1.404180E+14   4.7445E-06   4.7781E-06   0.99298
FLUX  857  2145.00        1.397634E+14   4.7198E-06   4.7418E-06   0.99535
FLUX  858  2155.00        1.391148E+14   4.6847E-06   4.7060E-06   0.99548
FLUX  859  2165.00        1.384723E+14   4.5015E-06   4.6705E-06   0.96381
FLUX  860  2175.00        1.378356E+14   4.5894E-06   4.6354E-06   0.99007
FLUX  861  2185.00        1.372048E+14   4.5655E-06   4.6008E-06   0.99232
FLUX  862  2195.00        1.365797E+14   4.5520E-06   4.5665E-06   0.99684
FLUX  863  2205.00        1.359603E+14   4.4869E-06   4.5326E-06   0.98994
FLUX  864  2215.00        1.353465E+14   4.4666E-06   4.4990E-06   0.99279
FLUX  865  2225.00        1.347382E+14   4.4425E-06   4.4658E-06   0.99477
FLUX  866  2235.00        1.341353E+14   4.4092E-06   4.4330E-06   0.99463
FLUX  867  2245.00        1.335379E+14   4.3805E-06   4.4005E-06   0.99545
FLUX  868  2255.00        1.329457E+14   4.3231E-06   4.3684E-06   0.98965
FLUX  869  2265.00        1.323587E+14   4.2982E-06   4.3366E-06   0.99116
FLUX  870  2275.00        1.317769E+14   4.2876E-06   4.3051E-06   0.99594
FLUX  871  2285.00        1.312002E+14   4.2394E-06   4.3099E-06   0.98364
FLUX  872  2295.00        1.306285E+14   4.1360E-06   4.2787E-06   0.96667
FLUX  873  2305.00        1.300618E+14   4.1648E-06   4.2478E-06   0.98047
FLUX  874  2315.00        1.295000E+14   4.1375E-06   4.2172E-06   0.98110
FLUX  875  2325.00        1.289430E+14   4.0248E-06   4.1869E-06   0.96129
FLUX  876  2335.00        1.283908E+14   4.0491E-06   4.1570E-06   0.97405
FLUX  877  2345.00        1.278433E+14   4.0502E-06   4.1273E-06   0.98132
FLUX  878  2355.00        1.273004E+14   3.9233E-06   4.0980E-06   0.95738
FLUX  879  2365.00        1.267622E+14   3.9669E-06   4.0690E-06   0.97492
FLUX  880  2375.00        1.262284E+14   3.9493E-06   4.0402E-06   0.97750
FLUX  881  2385.00        1.256992E+14   3.8347E-06   4.0118E-06   0.95586
FLUX  882  2395.00        1.251743E+14   3.8726E-06   3.9837E-06   0.97211
FLUX  883  2405.00        1.246538E+14   3.8555E-06   3.9558E-06   0.97465
FLUX  884  2415.00        1.241377E+14   3.7688E-06   3.9283E-06   0.95940
FLUX  885  2425.00        1.236258E+14   3.7892E-06   3.9010E-06   0.97135
FLUX  886  2435.00        1.231181E+14   3.7597E-06   3.8740E-06   0.97051
FLUX  887  2445.00        1.226145E+14   3.7081E-06   3.8473E-06   0.96383
FLUX  888  2455.00        1.221151E+14   3.6904E-06   3.8208E-06   0.96586
FLUX  889  2465.00        1.216197E+14   3.7046E-06   3.7946E-06   0.97628
FLUX  890  2475.00        1.211283E+14   3.6570E-06   3.7687E-06   0.97037
FLUX  891  2485.00        1.206408E+14   3.6239E-06   3.7431E-06   0.96816
FLUX  892  2495.00        1.201573E+14   3.5894E-06   3.7177E-06   0.96551
FLUX  893  2505.00        1.196776E+14   3.6232E-06   3.6925E-06   0.98122
FLUX  894  2515.00        1.192018E+14   3.5659E-06   3.6676E-06   0.97226
FLUX  895  2525.00        1.187297E+14   3.5294E-06   3.6430E-06   0.96884
FLUX  896  2535.00        1.182613E+14   3.5534E-06   3.6186E-06   0.98200
FLUX  897  2545.00        1.177967E+14   3.5172E-06   3.5944E-06   0.97853
FLUX  898  2555.00        1.173356E+14   3.4937E-06   3.5704E-06   0.97850
FLUX  899  2565.00        1.168782E+14   3.4178E-06   3.5468E-06   0.96365
FLUX  900  2575.00        1.164243E+14   3.4718E-06   3.5233E-06   0.98540
FLUX  901  2585.00        1.159739E+14   3.4096E-06   3.5000E-06   0.97415
FLUX  902  2595.00        1.155270E+14   3.4236E-06   3.4770E-06   0.98462
FLUX  903  2605.00        1.150835E+14   3.4065E-06   3.4542E-06   0.98619
FLUX  904  2615.00        1.146434E+14   3.3214E-06   3.4317E-06   0.96786
FLUX  905  2625.00        1.142067E+14   3.2710E-06   3.4093E-06   0.95942
FLUX  906  2635.00        1.137732E+14   3.3357E-06   3.3872E-06   0.98481
FLUX  907  2645.00        1.133431E+14   3.3162E-06   3.3652E-06   0.98544
FLUX  908  2655.00        1.129162E+14   3.2924E-06   3.3435E-06   0.98472
FLUX  909  2665.00        1.124925E+14   3.2593E-06   3.3220E-06   0.98111
FLUX  910  2675.00        1.120720E+14   3.2042E-06   3.3007E-06   0.97077
FLUX  911  2685.00        1.116546E+14   3.2515E-06   3.2796E-06   0.99144
FLUX  912  2695.00        1.112403E+14   3.2289E-06   3.2587E-06   0.99086
FLUX  913  2705.00        1.108290E+14   3.2089E-06   3.2380E-06   0.99103
FLUX  914  2715.00        1.104208E+14   3.1922E-06   3.2175E-06   0.99216
FLUX  915  2725.00        1.100156E+14   3.1741E-06   3.1972E-06   0.99279
FLUX  916  2735.00        1.096133E+14   3.1534E-06   3.1770E-06   0.99256
FLUX  917  2745.00        1.092140E+14   3.1420E-06   3.1571E-06   0.99521
FLUX  918  2755.00        1.088176E+14   3.0568E-06   3.1373E-06   0.97432
FLUX  919  2765.00        1.084240E+14   3.0865E-06   3.1178E-06   0.98998
FLUX  920  2775.00        1.080333E+14   3.0754E-06   3.0984E-06   0.99260
FLUX  921  2785.00        1.076454E+14   3.0595E-06   3.0791E-06   0.99362
FLUX  922  2795.00        1.072603E+14   3.0478E-06   3.0601E-06   0.99598
FLUX  923  2805.00        1.068779E+14   3.0278E-06   3.0412E-06   0.99559
FLUX  924  2815.00        1.064982E+14   3.0096E-06   3.0225E-06   0.99572
FLUX  925  2825.00        1.061212E+14   2.9907E-06   3.0040E-06   0.99557
FLUX  926  2835.00        1.057469E+14   2.9787E-06   2.9857E-06   0.99766
FLUX  927  2845.00        1.053752E+14   2.9507E-06   2.9675E-06   0.99434
FLUX  928  2855.00        1.050061E+14   2.9387E-06   2.9495E-06   0.99634
FLUX  929  2865.00        1.046396E+14   2.9183E-06   2.9316E-06   0.99545
FLUX  930  2875.00        1.042757E+14   2.8407E-06   2.9139E-06   0.97489
FLUX  931  2885.00        1.039142E+14   2.8832E-06   2.8964E-06   0.99547
FLUX  932  2895.00        1.035553E+14   2.8701E-06   2.8790E-06   0.99691
FLUX  933  2905.00        1.031988E+14   2.8538E-06   2.8617E-06   0.99723
FLUX  934  2915.00        1.028448E+14   2.8328E-06   2.8446E-06   0.99585
FLUX  935  2925.00        1.024932E+14   2.8121E-06   2.8277E-06   0.99447
FLUX  936  2935.00        1.021440E+14   2.8030E-06   2.8109E-06   0.99720
FLUX  937  2945.00        1.017971E+14   2.7826E-06   2.7943E-06   0.99581
FLUX  938  2955.00        1.014526E+14   2.7703E-06   2.7778E-06   0.99729
FLUX  939  2965.00        1.011105E+14   2.7549E-06   2.7614E-06   0.99764
FLUX  940  2975.00        1.007706E+14   2.7383E-06   2.7452E-06   0.99749
FLUX  941  2985.00        1.004330E+14   2.7237E-06   2.7291E-06   0.99802
FLUX  942  2995.00        1.000977E+14   2.7024E-06   2.7132E-06   0.99601
FLUX  943  3005.00        9.976456E+13   2.6870E-06   2.6974E-06   0.99615
FLUX  944  3015.00        9.943366E+13   2.6743E-06   2.6818E-06   0.99724
FLUX  945  3025.00        9.910496E+13   2.6593E-06   2.6662E-06   0.99741
FLUX  946  3035.00        9.877842E+13   2.5961E-06   2.6508E-06   0.97936
FLUX  947  3045.00        9.845402E+13   2.6190E-06   2.6356E-06   0.99373
FLUX  948  3055.00        9.813175E+13   2.6124E-06   2.6204E-06   0.99694
FLUX  949  3065.00        9.781158E+13   2.5948E-06   2.6053E-06   0.99597
FLUX  950  3075.00        9.749349E+13   2.5855E-06   2.5904E-06   0.99810
FLUX  951  3085.00        9.717747E+13   2.5603E-06   2.5756E-06   0.99404
FLUX  952  3095.00        9.686349E+13   2.5495E-06   2.5610E-06   0.99552
FLUX  953  3105.00        9.655153E+13   2.5392E-06   2.5465E-06   0.99716
FLUX  954  3115.00        9.624157E+13   2.5116E-06   2.5320E-06   0.99193
FLUX  955  3125.00        9.593360E+13   2.5077E-06   2.5177E-06   0.99601
FLUX  956  3135.00        9.562759E+13   2.4929E-06   2.5036E-06   0.99572
FLUX  957  3145.00        9.532353E+13   2.4817E-06   2.4895E-06   0.99687
FLUX  958  3155.00        9.502139E+13   2.4668E-06   2.4756E-06   0.99644
FLUX  959  3165.00        9.472117E+13   2.4547E-06   2.4617E-06   0.99714
FLUX  960  3175.00        9.442283E+13   2.4397E-06   2.4480E-06   0.99662
FLUX  961  3185.00        9.412637E+13   2.4282E-06   2.4344E-06   0.99744
FLUX  962  3195.00        9.383177E+13   2.4171E-06   2.4209E-06   0.99842
FLUX  963  3210.00        9.339330E+13   2.3949E-06   2.4009E-06   0.99751
FLUX  964  3230.00        9.281501E+13   2.3693E-06   2.3746E-06   0.99777
FLUX  965  3250.00        9.224385E+13   2.3426E-06   2.3487E-06   0.99741
FLUX  966  3270.00        9.167966E+13   2.3164E-06   2.3232E-06   0.99705
FLUX  967  3290.00        9.112234E+13   2.2619E-06   2.3029E-06   0.98222
FLUX  968  3310.00        9.057175E+13   2.2596E-06   2.2781E-06   0.99188
FLUX  969  3330.00        9.002778E+13   2.2335E-06   2.2537E-06   0.99103
FLUX  970  3350.00        8.949030E+13   2.2155E-06   2.2297E-06   0.99365
FLUX  971  3370.00        8.895920E+13   2.1876E-06   2.2061E-06   0.99161
FLUX  972  3390.00        8.843436E+13   2.1630E-06   2.1829E-06   0.99091
FLUX  973  3410.00        8.791569E+13   2.1404E-06   2.1600E-06   0.99092
FLUX  974  3430.00        8.740306E+13   2.1239E-06   2.1375E-06   0.99364
FLUX  975  3450.00        8.689638E+13   2.1056E-06   2.1153E-06   0.99542
FLUX  976  3470.00        8.639553E+13   2.0827E-06   2.0935E-06   0.99485
FLUX  977  3490.00        8.590043E+13   2.0635E-06   2.0720E-06   0.99591
FLUX  978  3510.00        8.541097E+13   2.0430E-06   2.0508E-06   0.99620
FLUX  979  3530.00        8.492705E+13   2.0193E-06   2.0299E-06   0.99476
FLUX  980  3550.00        8.444859E+13   2.0014E-06   2.0094E-06   0.99604
FLUX  981  3570.00        8.397549E+13   1.9786E-06   1.9891E-06   0.99470
FLUX  982  3590.00        8.350766E+13   1.9603E-06   1.9692E-06   0.99549
FLUX  983  3610.00        8.304501E+13   1.9419E-06   1.9496E-06   0.99606
FLUX  984  3630.00        8.258746E+13   1.9260E-06   1.9302E-06   0.99783
FLUX  985  3650.00        8.213493E+13   1.8975E-06   1.9112E-06   0.99288
FLUX  986  3670.00        8.168733E+13   1.8828E-06   1.8924E-06   0.99495
FLUX  987  3690.00        8.124458E+13   1.8514E-06   1.8739E-06   0.98804
FLUX  988  3710.00        8.080660E+13   1.8382E-06   1.8556E-06   0.99063
FLUX  989  3730.00        8.037332E+13   1.8191E-06   1.8376E-06   0.98992
FLUX  990  3750.00        7.994467E+13   1.7783E-06   1.8199E-06   0.97716
FLUX  991  3770.00        7.952056E+13   1.7905E-06   1.8024E-06   0.99337
FLUX  992  3790.00        7.910092E+13   1.7739E-06   1.7852E-06   0.99366
FLUX  993  3810.00        7.868569E+13   1.7527E-06   1.7682E-06   0.99119
FLUX  994  3830.00        7.827480E+13   1.7436E-06   1.7515E-06   0.99547
FLUX  995  3850.00        7.786818E+13   1.7302E-06   1.7350E-06   0.99722
FLUX  996  3870.00        7.746576E+13   1.7099E-06   1.7187E-06   0.99486
FLUX  997  3890.00        7.706748E+13   1.6936E-06   1.7027E-06   0.99465
FLUX  998  3910.00        7.667327E+13   1.6730E-06   1.6869E-06   0.99179
FLUX  999  3930.00        7.628308E+13   1.6668E-06   1.6713E-06   0.99735
FLUX 1000  3950.00        7.589683E+13   1.6470E-06   1.6559E-06   0.99465
FLUX 1001  3970.00        7.551448E+13   1.6350E-06   1.6407E-06   0.99651
FLUX 1002  3990.00        7.513596E+13   1.6104E-06   1.6257E-06   0.99057
FLUX 1003  4010.00        7.476122E+13   1.5986E-06   1.6110E-06   0.99234
FLUX 1004  4030.00        7.439020E+13   1.5835E-06   1.5964E-06   0.99190
FLUX 1005  4050.00        7.402284E+13   1.5612E-06   1.5820E-06   0.98685
FLUX 1006  4070.00        7.365909E+13   1.5613E-06   1.5679E-06   0.99579
FLUX 1007  4090.00        7.329890E+13   1.5468E-06   1.5539E-06   0.99546
FLUX 1008  4110.00        7.294221E+13   1.5367E-06   1.5401E-06   0.99780
FLUX 1009  4130.00        7.258898E+13   1.5242E-06   1.5264E-06   0.99855
FLUX 1010  4150.00        7.223916E+13   1.5077E-06   1.5130E-06   0.99649
FLUX 1011  4170.00        7.189269E+13   1.4865E-06   1.4997E-06   0.99115
FLUX 1012  4190.00        7.154952E+13   1.4823E-06   1.4866E-06   0.99707
FLUX 1013  4210.00        7.120962E+13   1.4657E-06   1.4737E-06   0.99456
FLUX 1014  4230.00        7.087293E+13   1.4601E-06   1.4609E-06   0.99945
FLUX 1015  4250.00        7.053941E+13   1.4444E-06   1.4484E-06   0.99730
FLUX 1016  4270.00        7.020902E+13   1.4338E-06   1.4359E-06   0.99853
FLUX 1017  4290.00        6.988170E+13   1.3976E-06   1.4236E-06   0.98173
FLUX 1018  4310.00        6.955742E+13   1.3751E-06   1.4115E-06   0.97422
FLUX 1019  4330.00        6.923614E+13   1.3751E-06   1.3995E-06   0.98255
FLUX 1020  4350.00        6.891782E+13   1.3384E-06   1.3877E-06   0.96446
FLUX 1021  4370.00        6.860240E+13   1.3217E-06   1.3761E-06   0.96048
FLUX 1022  4390.00        6.828986E+13   1.3255E-06   1.3645E-06   0.97136
FLUX 1023  4410.00        6.798016E+13   1.2816E-06   1.3532E-06   0.94715
FLUX 1024  4430.00        6.767325E+13   1.2864E-06   1.3419E-06   0.95864
FLUX 1025  4450.00        6.736910E+13   1.2778E-06   1.3308E-06   0.96020
FLUX 1026  4470.00        6.706767E+13   1.2400E-06   1.3206E-06   0.93898
FLUX 1027  4490.00        6.676893E+13   1.2491E-06   1.3097E-06   0.95367
FLUX 1028  4510.00        6.647284E+13   1.2384E-06   1.2990E-06   0.95335
FLUX 1029  4530.00        6.617936E+13   1.2070E-06   1.2885E-06   0.93678
FLUX 1030  4550.00        6.588846E+13   1.2116E-06   1.2780E-06   0.94805
FLUX 1031  4570.00        6.560011E+13   1.2066E-06   1.2677E-06   0.95183
FLUX 1032  4590.00        6.531427E+13   1.1760E-06   1.2575E-06   0.93519
FLUX 1033  4610.00        6.503091E+13   1.1831E-06   1.2474E-06   0.94843
FLUX 1034  4630.00        6.475000E+13   1.1705E-06   1.2374E-06   0.94593
FLUX 1035  4650.00        6.447150E+13   1.1536E-06   1.2276E-06   0.93975
FLUX 1036  4670.00        6.419540E+13   1.1519E-06   1.2179E-06   0.94586
FLUX 1037  4690.00        6.392164E+13   1.1479E-06   1.2083E-06   0.95008
FLUX 1038  4710.00        6.365021E+13   1.1358E-06   1.1988E-06   0.94750
FLUX 1039  4730.00        6.338108E+13   1.1366E-06   1.1894E-06   0.95563
FLUX 1040  4750.00        6.311421E+13   1.1259E-06   1.1801E-06   0.95409
FLUX 1041  4770.00        6.284958E+13   1.1160E-06   1.1709E-06   0.95306
FLUX 1042  4790.00        6.258716E+13   1.1103E-06   1.1619E-06   0.95563
FLUX 1043  4810.00        6.232692E+13   1.0969E-06   1.1529E-06   0.95146
FLUX 1044  4830.00        6.206884E+13   1.0988E-06   1.1440E-06   0.96045
FLUX 1045  4850.00        6.181289E+13   1.0859E-06   1.1353E-06   0.95647
FLUX 1046  4870.00        6.155903E+13   1.0785E-06   1.1266E-06   0.95731
FLUX 1047  4890.00        6.130726E+13   1.0725E-06   1.1181E-06   0.95926
FLUX 1048  4910.00        6.105753E+13   1.0637E-06   1.1096E-06   0.95861
FLUX 1049  4930.00        6.080984E+13   1.0571E-06   1.1013E-06   0.95992
FLUX 1050  4950.00        6.056414E+13   1.0489E-06   1.0930E-06   0.95963
FLUX 1051  4970.00        6.032042E+13   1.0428E-06   1.0848E-06   0.96130
FLUX 1052  4990.00        6.007866E+13   1.0361E-06   1.0767E-06   0.96232
FLUX 1053  5010.00        5.983882E+13   1.0251E-06   1.0687E-06   0.95923
FLUX 1054  5030.00        5.960089E+13   1.0235E-06   1.0608E-06   0.96478
FLUX 1055  5050.00        5.936485E+13   1.0114E-06   1.0530E-06   0.96051
FLUX 1056  5070.00        5.913067E+13   1.0065E-06   1.0453E-06   0.96294
FLUX 1057  5090.00        5.889833E+13   1.0012E-06   1.0376E-06   0.96492
FLUX 1058  5110.00        5.866781E+13   9.9289E-07   1.0300E-06   0.96395
FLUX 1059  5130.00        5.843908E+13   9.8309E-07   1.0225E-06   0.96142
FLUX 1060  5150.00        5.821214E+13   9.8044E-07   1.0151E-06   0.96582
FLUX 1061  5170.00        5.798694E+13   9.7785E-07   1.0078E-06   0.97027
FLUX 1062  5190.00        5.776349E+13   9.6801E-07   1.0006E-06   0.96746
FLUX 1063  5210.00        5.754175E+13   9.5984E-07   9.9340E-07   0.96622
FLUX 1064  5230.00        5.732170E+13   9.5439E-07   9.8630E-07   0.96765
FLUX 1065  5250.00        5.710333E+13   9.5086E-07   9.7928E-07   0.97097
FLUX 1066  5270.00        5.688662E+13   9.4533E-07   9.7234E-07   0.97222
FLUX 1067  5290.00        5.667155E+13   9.3434E-07   9.6547E-07   0.96776
FLUX 1068  5310.00        5.645810E+13   9.3125E-07   9.5867E-07   0.97140
FLUX 1069  5330.00        5.624625E+13   9.2488E-07   9.5195E-07   0.97156
FLUX 1070  5350.00        5.603598E+13   9.1917E-07   9.4529E-07   0.97237
FLUX 1071  5370.00        5.582728E+13   9.1269E-07   9.3870E-07   0.97229
FLUX 1072  5390.00        5.562013E+13   9.0828E-07   9.3219E-07   0.97435
FLUX 1073  5410.00        5.541451E+13   9.0284E-07   9.2574E-07   0.97527
FLUX 1074  5430.00        5.521040E+13   8.9320E-07   9.1935E-07   0.97156
FLUX 1075  5450.00        5.500780E+13   8.9163E-07   9.1303E-07   0.97656
FLUX 1076  5470.00        5.480667E+13   8.8405E-07   9.0678E-07   0.97494
FLUX 1077  5490.00        5.460701E+13   8.7803E-07   9.0059E-07   0.97495
FLUX 1078  5510.00        5.440880E+13   8.7399E-07   8.9446E-07   0.97711
FLUX 1079  5530.00        5.421202E+13   8.6953E-07   8.8840E-07   0.97876
FLUX 1080  5550.00        5.401667E+13   8.6083E-07   8.8240E-07   0.97555
FLUX 1081  5570.00        5.382271E+13   8.6030E-07   8.7645E-07   0.98157
FLUX 1082  5590.00        5.363014E+13   8.5094E-07   8.7057E-07   0.97746
FLUX 1083  5610.00        5.343895E+13   8.4709E-07   8.6475E-07   0.97959
FLUX 1084  5630.00        5.324911E+13   8.4089E-07   8.5898E-07   0.97894
FLUX 1085  5650.00        5.306062E+13   8.3887E-07   8.5327E-07   0.98312
FLUX 1086  5670.00        5.287346E+13   8.3358E-07   8.4762E-07   0.98343
FLUX 1087  5690.00        5.268761E+13   8.2516E-07   8.4202E-07   0.97997
FLUX 1088  5710.00        5.250306E+13   8.2073E-07   8.3648E-07   0.98117
FLUX 1089  5730.00        5.231981E+13   8.1816E-07   8.3100E-07   0.98455
FLUX 1090  5750.00        5.213783E+13   8.1250E-07   8.2556E-07   0.98418
FLUX 1091  5770.00        5.195711E+13   8.0707E-07   8.2018E-07   0.98401
FLUX 1092  5790.00        5.177763E+13   8.0321E-07   8.1485E-07   0.98571
FLUX 1093  5810.00        5.159940E+13   7.9732E-07   8.0958E-07   0.98486
FLUX 1094  5830.00        5.142238E+13   7.9300E-07   8.0435E-07   0.98588
FLUX 1095  5850.00        5.124658E+13   7.8937E-07   7.9932E-07   0.98755
FLUX 1096  5870.00        5.107198E+13   7.8276E-07   7.9419E-07   0.98560
FLUX 1097  5890.00        5.089856E+13   7.7775E-07   7.8912E-07   0.98560
FLUX 1098  5910.00        5.072631E+13   7.7128E-07   7.8409E-07   0.98366
FLUX 1099  5930.00        5.055523E+13   7.6964E-07   7.7910E-07   0.98786
FLUX 1100  5950.00        5.038529E+13   7.5980E-07   7.7417E-07   0.98145
FLUX 1101  5970.00        5.021650E+13   7.6090E-07   7.6928E-07   0.98910
FLUX 1102  5990.00        5.004883E+13   7.5633E-07   7.6444E-07   0.98939
FLUX 1103  6010.00        4.988228E+13   7.5224E-07   7.5964E-07   0.99026
FLUX 1104  6030.00        4.971683E+13   7.4771E-07   7.5489E-07   0.99050
FLUX 1105  6050.00        4.955248E+13   7.4276E-07   7.5018E-07   0.99011
FLUX 1106  6070.00        4.938921E+13   7.3793E-07   7.4551E-07   0.98983
FLUX 1107  6090.00        4.922701E+13   7.3370E-07   7.4089E-07   0.99029
FLUX 1108  6110.00        4.906588E+13   7.2821E-07   7.3631E-07   0.98900
FLUX 1109  6130.00        4.890579E+13   7.2550E-07   7.3178E-07   0.99142
FLUX 1110  6150.00        4.874675E+13   7.2156E-07   7.2728E-07   0.99214
FLUX 1111  6170.00        4.858874E+13   7.1742E-07   7.2283E-07   0.99252
FLUX 1112  6190.00        4.843174E+13   7.1361E-07   7.1842E-07   0.99331
FLUX 1113  6210.00        4.827576E+13   7.0959E-07   7.1404E-07   0.99376
FLUX 1114  6230.00        4.812079E+13   7.0399E-07   7.0971E-07   0.99195
FLUX 1115  6250.00        4.796680E+13   7.0037E-07   7.0542E-07   0.99284
FLUX 1116  6270.00        4.781380E+13   6.9655E-07   7.0116E-07   0.99343
FLUX 1117  6290.00        4.766176E+13   6.9000E-07   6.9694E-07   0.99003
FLUX 1118  6310.00        4.751070E+13   6.8747E-07   6.9276E-07   0.99235
FLUX 1119  6330.00        4.736058E+13   6.8550E-07   6.8862E-07   0.99546
FLUX 1120  6350.00        4.721142E+13   6.8071E-07   6.8452E-07   0.99443
FLUX 1121  6370.00        4.706319E+13   6.7786E-07   6.8045E-07   0.99619
FLUX 1122  6390.00        4.691588E+13   6.7277E-07   6.7642E-07   0.99461
FLUX 1123  6420.00        4.669665E+13   6.6777E-07   6.7044E-07   0.99602
FLUX 1124  6460.00        4.640751E+13   6.5965E-07   6.6258E-07   0.99557
FLUX 1125  6500.00        4.612192E+13   6.5196E-07   6.5487E-07   0.99556
FLUX 1126  6540.00        4.583983E+13   6.4512E-07   6.4729E-07   0.99666
FLUX 1127  6580.00        4.556117E+13   6.3819E-07   6.3983E-07   0.99743
FLUX 1128  6620.00        4.528588E+13   6.3058E-07   6.3251E-07   0.99694
FLUX 1129  6660.00        4.501389E+13   6.2405E-07   6.2531E-07   0.99798
FLUX 1130  6700.00        4.474515E+13   6.1697E-07   6.1824E-07   0.99795
FLUX 1131  6740.00        4.447960E+13   6.0961E-07   6.1128E-07   0.99727
FLUX 1132  6780.00        4.421718E+13   6.0210E-07   6.0444E-07   0.99613
FLUX 1133  6820.00        4.395784E+13   5.9654E-07   5.9771E-07   0.99804
FLUX 1134  6860.00        4.370153E+13   5.9019E-07   5.9109E-07   0.99847
FLUX 1135  6900.00        4.344819E+13   5.8358E-07   5.8459E-07   0.99827
FLUX 1136  6940.00        4.319777E+13   5.7695E-07   5.7819E-07   0.99786
FLUX 1137  6980.00        4.295021E+13   5.7121E-07   5.7189E-07   0.99881
FLUX 1138  7020.00        4.270548E+13   5.6464E-07   5.6570E-07   0.99814
FLUX 1139  7060.00        4.246353E+13   5.5891E-07   5.5960E-07   0.99877
FLUX 1140  7100.00        4.222430E+13   5.5293E-07   5.5360E-07   0.99878
FLUX 1141  7140.00        4.198774E+13   5.4726E-07   5.4770E-07   0.99919
FLUX 1142  7180.00        4.175383E+13   5.4132E-07   5.4189E-07   0.99893
FLUX 1143  7220.00        4.152251E+13   5.3539E-07   5.3618E-07   0.99853
FLUX 1144  7260.00        4.129373E+13   5.2968E-07   5.3055E-07   0.99836
FLUX 1145  7300.00        4.106747E+13   5.2478E-07   5.2501E-07   0.99957
FLUX 1146  7340.00        4.084366E+13   5.1901E-07   5.1956E-07   0.99894
FLUX 1147  7380.00        4.062229E+13   5.1396E-07   5.1419E-07   0.99955
FLUX 1148  7420.00        4.040330E+13   5.0820E-07   5.0891E-07   0.99862
FLUX 1149  7460.00        4.018666E+13   5.0123E-07   5.0370E-07   0.99509
FLUX 1150  7500.00        3.997233E+13   4.9543E-07   4.9858E-07   0.99369
FLUX 1151  7540.00        3.976028E+13   4.9302E-07   4.9353E-07   0.99896
FLUX 1152  7580.00        3.955046E+13   4.8830E-07   4.8856E-07   0.99947
FLUX 1153  7620.00        3.934285E+13   4.8345E-07   4.8366E-07   0.99955
FLUX 1154  7660.00        3.913740E+13   4.7866E-07   4.7884E-07   0.99963
FLUX 1155  7700.00        3.893409E+13   4.7374E-07   4.7409E-07   0.99928
FLUX 1156  7740.00        3.873288E+13   4.6924E-07   4.6940E-07   0.99964
FLUX 1157  7780.00        3.853374E+13   4.6430E-07   4.6479E-07   0.99895
FLUX 1158  7820.00        3.833664E+13   4.6013E-07   4.6025E-07   0.99974
FLUX 1159  7860.00        3.814154E+13   4.5570E-07   4.5577E-07   0.99986
FLUX 1160  7900.00        3.794842E+13   4.5127E-07   4.5135E-07   0.99981
FLUX 1161  7940.00        3.775724E+13   4.4687E-07   4.4700E-07   0.99969
FLUX 1162  7980.00        3.756798E+13   4.4262E-07   4.4272E-07   0.99978
FLUX 1163  8020.00        3.738061E+13   4.3814E-07   4.3849E-07   0.99921
FLUX 1164  8060.00        3.719510E+13   4.3397E-07   4.3432E-07   0.99920
FLUX 1165  8100.00        3.701142E+13   4.3013E-07   4.3021E-07   0.99981
FLUX 1166  8140.00        3.682955E+13   4.2524E-07   4.2616E-07   0.99782
FLUX 1167  8180.00        3.664945E+13   4.2187E-07   4.2217E-07   0.99929
FLUX 1168  8220.00        3.647111E+13   4.1815E-07   4.1823E-07   0.99979
FLUX 1169  8260.00        3.629449E+13   4.1418E-07   4.1435E-07   0.99959
FLUX 1170  8300.00        3.611958E+13   4.1037E-07   4.1052E-07   0.99964
FLUX 1171  8340.00        3.594634E+13   4.0632E-07   4.0674E-07   0.99896
FLUX 1172  8380.00        3.577476E+13   4.0264E-07   4.0302E-07   0.99907
FLUX 1173  8420.00        3.560481E+13   3.9917E-07   3.9934E-07   0.99956
FLUX 1174  8460.00        3.543647E+13   3.9559E-07   3.9572E-07   0.99969
FLUX 1175  8500.00        3.526971E+13   3.9204E-07   3.9214E-07   0.99973
FLUX 1176  8540.00        3.510451E+13   3.8846E-07   3.8861E-07   0.99960
FLUX 1177  8580.00        3.494085E+13   3.8502E-07   3.8513E-07   0.99971
FLUX 1178  8620.00        3.477871E+13   3.8152E-07   3.8170E-07   0.99952
FLUX 1179  8660.00        3.461807E+13   3.7771E-07   3.7831E-07   0.99842
FLUX 1180  8700.00        3.445891E+13   3.7492E-07   3.7497E-07   0.99986
FLUX 1181  8740.00        3.430120E+13   3.7117E-07   3.7167E-07   0.99866
FLUX 1182  8780.00        3.414493E+13   3.6790E-07   3.6841E-07   0.99862
FLUX 1183  8820.00        3.399008E+13   3.6490E-07   3.6520E-07   0.99919
FLUX 1184  8860.00        3.383662E+13   3.6180E-07   3.6203E-07   0.99936
FLUX 1185  8900.00        3.368455E+13   3.5864E-07   3.5890E-07   0.99929
FLUX 1186  8940.00        3.353384E+13   3.5565E-07   3.5581E-07   0.99956
FLUX 1187  8980.00        3.338447E+13   3.5237E-07   3.5275E-07   0.99890
FLUX 1188  9020.00        3.323642E+13   3.4950E-07   3.4974E-07   0.99932
FLUX 1189  9060.00        3.308968E+13   3.4673E-07   3.4677E-07   0.99989
FLUX 1190  9100.00        3.294423E+13   3.4346E-07   3.4383E-07   0.99891
FLUX 1191  9140.00        3.280005E+13   3.4062E-07   3.4093E-07   0.99908
FLUX 1192  9180.00        3.265713E+13   3.3795E-07   3.3807E-07   0.99963
FLUX 1193  9220.00        3.251546E+13   3.3520E-07   3.3525E-07   0.99985
FLUX 1194  9260.00        3.237500E+13   3.3232E-07   3.3245E-07   0.99960
FLUX 1195  9300.00        3.223575E+13   3.2968E-07   3.2970E-07   0.99993
FLUX 1196  9340.00        3.209770E+13   3.2684E-07   3.2698E-07   0.99957
FLUX 1197  9380.00        3.196082E+13   3.2364E-07   3.2429E-07   0.99799
FLUX 1198  9420.00        3.182511E+13   3.2157E-07   3.2163E-07   0.99981
FLUX 1199  9460.00        3.169054E+13   3.1885E-07   3.1901E-07   0.99951
FLUX 1200  9500.00        3.155710E+13   3.1630E-07   3.1641E-07   0.99964
FLUX 1201  9540.00        3.142479E+13   3.1364E-07   3.1385E-07   0.99932
FLUX 1202  9580.00        3.129358E+13   3.1119E-07   3.1132E-07   0.99957
FLUX 1203  9620.00        3.116346E+13   3.0868E-07   3.0883E-07   0.99953
FLUX 1204  9660.00        3.103442E+13   3.0621E-07   3.0636E-07   0.99953
FLUX 1205  9700.00        3.090644E+13   3.0387E-07   3.0392E-07   0.99986
FLUX 1206  9740.00        3.077952E+13   3.0116E-07   3.0150E-07   0.99886
FLUX 1207  9780.00        3.065363E+13   2.9884E-07   2.9912E-07   0.99905
FLUX 1208  9820.00        3.052877E+13   2.9665E-07   2.9677E-07   0.99961
FLUX 1209  9860.00        3.040492E+13   2.9427E-07   2.9444E-07   0.99942
FLUX 1210  9900.00        3.028207E+13   2.9208E-07   2.9214E-07   0.99981
FLUX 1211  9940.00        3.016021E+13   2.8963E-07   2.8987E-07   0.99919
FLUX 1212  9980.00        3.003933E+13   2.8750E-07   2.8762E-07   0.99958
FLUX 1213 10020.00        2.991941E+13   2.8528E-07   2.8540E-07   0.99959
FLUX 1214 20000.00        1.498962E+13   7.3529E-08   7.3536E-08   0.99991
FLUX 1215 40000.00        7.494812E+12   1.8414E-08   1.8414E-08   0.99998
FLUX 1216 60000.00        4.996542E+12   8.1341E-09   8.1341E-09   0.99999
FLUX 1217 80000.00        3.747406E+12   4.5465E-09   4.5465E-09   1.00000
FLUX 1218100000.00        2.997925E+12   2.8928E-09   2.8928E-09   1.00000
FLUX 1219120000.00        2.498271E+12   1.9983E-09   1.9983E-09   1.00000
FLUX 1220140000.00        2.141375E+12   1.4611E-09   1.4611E-09   1.00000
FLUX 1221160000.00        1.873703E+12   1.1137E-09   1.1137E-09   1.00000
FLUX
