TEFF   3500.  GRAVITY 5.00000 LTE 
TITLE  [ 0.0] VTURB=0  L/H=1.25 NOVER NEW ODF                                   
FLUX    1     9.09        3.298047E+16   2.5000E-39   2.5000E-39   1.00000
FLUX    2     9.35        3.206337E+16   2.5000E-39   2.5000E-39   1.00000
FLUX    3     9.61        3.119589E+16   2.5000E-39   2.5000E-39   1.00000
FLUX    4     9.77        3.068500E+16   2.5000E-39   2.5000E-39   1.00000
FLUX    5     9.96        3.009965E+16   2.5000E-39   2.5000E-39   1.00000
FLUX    6    10.20        2.939142E+16   2.5000E-39   2.5000E-39   1.00000
FLUX    7    10.38        2.888174E+16   2.5000E-39   2.5000E-39   1.00000
FLUX    8    10.56        2.838944E+16   2.5000E-39   2.5000E-39   1.00000
FLUX    9    10.77        2.783589E+16   2.5000E-39   2.5000E-39   1.00000
FLUX   10    11.04        2.715512E+16   2.5000E-39   2.5000E-39   1.00000
FLUX   11    11.40        2.629759E+16   2.5000E-39   2.5000E-39   1.00000
FLUX   12    11.78        2.544928E+16   2.5000E-39   2.5000E-39   1.00000
FLUX   13    12.13        2.471496E+16   2.5000E-39   2.5000E-39   1.00000
FLUX   14    12.48        2.402184E+16   2.5000E-39   2.5000E-39   1.00000
FLUX   15    12.71        2.358714E+16   2.5000E-39   2.5000E-39   1.00000
FLUX   16    12.84        2.334833E+16   2.5000E-39   2.5000E-39   1.00000
FLUX   17    13.05        2.297260E+16   2.5000E-39   2.5000E-39   1.00000
FLUX   18    13.24        2.264294E+16   2.5000E-39   2.5000E-39   1.00000
FLUX   19    13.39        2.238928E+16   2.5000E-39   2.5000E-39   1.00000
FLUX   20    13.66        2.194674E+16   2.5000E-39   2.5000E-39   1.00000
FLUX   21    13.98        2.144439E+16   2.5000E-39   2.5000E-39   1.00000
FLUX   22    14.33        2.092062E+16   2.5000E-39   2.5000E-39   1.00000
FLUX   23    14.72        2.036634E+16   2.5000E-39   2.5000E-39   1.00000
FLUX   24    15.10        1.985381E+16   2.5000E-39   2.5000E-39   1.00000
FLUX   25    15.52        1.931653E+16   2.5000E-39   2.5000E-39   1.00000
FLUX   26    15.88        1.887862E+16   2.5000E-39   2.5000E-39   1.00000
FLUX   27    16.20        1.850571E+16   2.5000E-39   2.5000E-39   1.00000
FLUX   28    16.60        1.805979E+16   2.5000E-39   2.5000E-39   1.00000
FLUX   29    17.03        1.760379E+16   2.5000E-39   2.5000E-39   1.00000
FLUX   30    17.34        1.728907E+16   2.5000E-39   2.5000E-39   1.00000
FLUX   31    17.68        1.695659E+16   2.5000E-39   2.5000E-39   1.00000
FLUX   32    18.02        1.663665E+16   2.5000E-39   2.5000E-39   1.00000
FLUX   33    18.17        1.649931E+16   2.5000E-39   2.5000E-39   1.00000
FLUX   34    18.61        1.610921E+16   2.5000E-39   2.5000E-39   1.00000
FLUX   35    19.10        1.569594E+16   2.5000E-39   2.5000E-39   1.00000
FLUX   36    19.39        1.546119E+16   2.5000E-39   2.5000E-39   1.00000
FLUX   37    19.84        1.511051E+16   2.5000E-39   2.5000E-39   1.00000
FLUX   38    20.18        1.485592E+16   2.5000E-39   2.5000E-39   1.00000
FLUX   39    20.50        1.462402E+16   2.5000E-39   2.5000E-39   1.00000
FLUX   40    21.05        1.424192E+16   2.5000E-39   2.5000E-39   1.00000
FLUX   41    21.62        1.386644E+16   2.5000E-39   2.5000E-39   1.00000
FLUX   42    21.98        1.363933E+16   2.5000E-39   2.5000E-39   1.00000
FLUX   43    22.30        1.344361E+16   2.5000E-39   2.5000E-39   1.00000
FLUX   44    22.68        1.321836E+16   2.5000E-39   2.5000E-39   1.00000
FLUX   45    23.00        1.303446E+16   2.5000E-39   2.5000E-39   1.00000
FLUX   46    23.40        1.281165E+16   2.5000E-39   2.5000E-39   1.00000
FLUX   47    24.00        1.249135E+16   2.5000E-39   2.5000E-39   1.00000
FLUX   48    24.65        1.216197E+16   2.5000E-39   2.5000E-39   1.00000
FLUX   49    25.24        1.187767E+16   2.5000E-39   2.5000E-39   1.00000
FLUX   50    25.68        1.167416E+16   2.5000E-39   2.5000E-39   1.00000
FLUX   51    26.00        1.153048E+16   2.5000E-39   2.5000E-39   1.00000
FLUX   52    26.40        1.135578E+16   2.5000E-39   2.5000E-39   1.00000
FLUX   53    26.85        1.116546E+16   2.5000E-39   2.5000E-39   1.00000
FLUX   54    27.35        1.096133E+16   2.5000E-39   2.5000E-39   1.00000
FLUX   55    27.85        1.076454E+16   4.5116E-93   4.5117E-93   0.99998
FLUX   56    28.40        1.055607E+16   2.4364E-91   2.4364E-91   0.99998
FLUX   57    29.00        1.033767E+16   1.5863E-89   1.5864E-89   0.99998
FLUX   58    29.60        1.012812E+16   8.6839E-88   8.6841E-88   0.99998
FLUX   59    30.10        9.959883E+15   2.1589E-86   2.1591E-86   0.99991
FLUX   60    30.80        9.733523E+15   1.6236E-84   1.6236E-84   0.99998
FLUX   61    31.80        9.427437E+15   5.5589E-82   5.5590E-82   0.99998
FLUX   62    32.80        9.140015E+15   1.3256E-79   1.3256E-79   0.99998
FLUX   63    33.80        8.869601E+15   2.2714E-77   2.2714E-77   0.99998
FLUX   64    34.80        8.614727E+15   2.8821E-75   2.8822E-75   0.99998
FLUX   65    35.70        8.397549E+15   1.7770E-73   1.7771E-73   0.99998
FLUX   66    36.60        8.191052E+15   8.9265E-72   8.9267E-72   0.99998
FLUX   67    37.50        7.994467E+15   3.6980E-70   3.6981E-70   0.99998
FLUX   68    38.50        7.786818E+15   1.8818E-68   1.8818E-68   0.99998
FLUX   69    39.50        7.589683E+15   7.8099E-67   7.8100E-67   0.99998
FLUX   70    40.50        7.402284E+15   2.6865E-65   2.6866E-65   0.99998
FLUX   71    41.40        7.241364E+15   5.5900E-64   5.5901E-64   0.99998
FLUX   72    42.20        7.104087E+15   7.4247E-63   7.4248E-63   0.99998
FLUX   73    43.00        6.971919E+15   8.9377E-62   8.9378E-62   0.99998
FLUX   74    44.10        6.798016E+15   2.3524E-60   2.3524E-60   0.99998
FLUX   75    45.10        6.647284E+15   3.9890E-59   3.9891E-59   0.99998
FLUX   76    46.00        6.517228E+15   4.5767E-58   4.5768E-58   0.99998
FLUX   77    47.00        6.378564E+15   6.1566E-57   6.1567E-57   0.99998
FLUX   78    48.00        6.245677E+15   7.4076E-56   7.4077E-56   0.99998
FLUX   79    49.00        6.118214E+15   8.0353E-55   8.0354E-55   0.99998
FLUX   80    50.00        5.995850E+15   7.8956E-54   7.8957E-54   0.99998
FLUX   81    50.60        5.924753E+15   4.0809E-53   4.6163E-53   0.88402
FLUX   82    51.20        5.855322E+15   1.6619E-52   1.6774E-52   0.99081
FLUX   83    52.00        5.765240E+15   8.8647E-52   8.9332E-52   0.99233
FLUX   84    53.00        5.656462E+15   6.7169E-51   6.7170E-51   0.99998
FLUX   85    54.00        5.551713E+15   4.6538E-50   4.6765E-50   0.99514
FLUX   86    55.00        5.450773E+15   3.0289E-49   3.0290E-49   0.99998
FLUX   87    56.00        5.353437E+15   1.8312E-48   1.8312E-48   0.99998
FLUX   88    57.00        5.259517E+15   1.0371E-47   1.0371E-47   0.99998
FLUX   89    58.00        5.168836E+15   5.4673E-47   5.5237E-47   0.98979
FLUX   90    59.00        5.081229E+15   2.7727E-46   2.7732E-46   0.99985
FLUX   91    60.00        4.996542E+15   1.3167E-45   1.3168E-45   0.99989
FLUX   92    61.00        4.914631E+15   5.9306E-45   5.9307E-45   0.99998
FLUX   93    62.00        4.835363E+15   2.5397E-44   2.5399E-44   0.99992
FLUX   94    63.00        4.758611E+15   1.0368E-43   1.0369E-43   0.99993
FLUX   95    64.00        4.684258E+15   4.0461E-43   4.0462E-43   0.99998
FLUX   96    65.00        4.612192E+15   1.5118E-42   1.5118E-42   0.99998
FLUX   97    65.80        4.556117E+15   4.2116E-42   4.2117E-42   0.99998
FLUX   98    66.50        4.508158E+15   1.0104E-41   1.0108E-41   0.99959
FLUX   99    67.50        4.441370E+15   3.4153E-41   3.4163E-41   0.99970
FLUX  100    68.50        4.376533E+15   1.1127E-40   1.1127E-40   0.99998
FLUX  101    69.50        4.313561E+15   3.4981E-40   3.4982E-40   0.99998
FLUX  102    70.50        4.252376E+15   1.0617E-39   1.0631E-39   0.99863
FLUX  103    71.60        4.187046E+15   3.4783E-39   3.4783E-39   0.99998
FLUX  104    72.60        4.129373E+15   9.8904E-39   9.8906E-39   0.99998
FLUX  105    73.50        4.078809E+15   2.4703E-38   2.4705E-38   0.99993
FLUX  106    74.50        4.024060E+15   6.6487E-38   6.6499E-38   0.99983
FLUX  107    75.50        3.970762E+15   1.7411E-37   1.7416E-37   0.99973
FLUX  108    76.50        3.918856E+15   4.4422E-37   4.4425E-37   0.99993
FLUX  109    77.50        3.868290E+15   1.1046E-36   1.1049E-36   0.99973
FLUX  110    78.50        3.819013E+15   2.6820E-36   2.6820E-36   0.99998
FLUX  111    79.50        3.770975E+15   6.3460E-36   6.3599E-36   0.99781
FLUX  112    80.50        3.724130E+15   1.4723E-35   1.4746E-35   0.99844
FLUX  113    81.50        3.678436E+15   3.3452E-35   3.3456E-35   0.99986
FLUX  114    82.50        3.633848E+15   7.4349E-35   7.4351E-35   0.99997
FLUX  115    83.50        3.590329E+15   1.6197E-34   1.6197E-34   0.99997
FLUX  116    84.50        3.547840E+15   3.4554E-34   3.4609E-34   0.99841
FLUX  117    85.50        3.506345E+15   7.2078E-34   7.2581E-34   0.99307
FLUX  118    86.50        3.465809E+15   1.4757E-33   1.4949E-33   0.98714
FLUX  119    87.50        3.426200E+15   2.9666E-33   3.0260E-33   0.98036
FLUX  120    88.50        3.387486E+15   5.8654E-33   6.0238E-33   0.97370
FLUX  121    89.50        3.349637E+15   1.1451E-32   1.1799E-32   0.97058
FLUX  122    90.50        3.312624E+15   2.1854E-32   2.2750E-32   0.96060
FLUX  123    91.50        3.276421E+15   4.0455E-30   5.5194E-25   0.00001
FLUX  124    92.50        3.241000E+15   1.4806E-29   6.8856E-25   0.00002
FLUX  125    93.50        3.206337E+15   2.8295E-29   5.6374E-25   0.00005
FLUX  126    94.50        3.172407E+15   5.9436E-29   2.8404E-25   0.00021
FLUX  127    95.50        3.139188E+15   1.0832E-28   1.1540E-25   0.00094
FLUX  128    96.50        3.106658E+15   1.9949E-28   4.3047E-26   0.00463
FLUX  129    97.50        3.074795E+15   3.7796E-28   1.8125E-26   0.02085
FLUX  130    98.50        3.043579E+15   6.6388E-28   1.1639E-26   0.05704
FLUX  131    99.50        3.012990E+15   1.1731E-27   8.2752E-27   0.14176
FLUX  132   100.50        2.983010E+15   2.1322E-27   7.1463E-27   0.29836
FLUX  133   101.50        2.953621E+15   5.0207E-27   7.2817E-27   0.68949
FLUX  134   102.50        2.924805E+15   7.2509E-27   9.1211E-27   0.79496
FLUX  135   103.50        2.896546E+15   9.9414E-27   1.2441E-26   0.79911
FLUX  136   104.50        2.868828E+15   1.6856E-26   1.8615E-26   0.90549
FLUX  137   105.50        2.841635E+15   2.4060E-26   2.9490E-26   0.81587
FLUX  138   106.50        2.814953E+15   4.4346E-26   4.8703E-26   0.91053
FLUX  139   107.50        2.788767E+15   7.5447E-26   8.3300E-26   0.90573
FLUX  140   108.50        2.763064E+15   1.3208E-25   1.4690E-25   0.89911
FLUX  141   109.50        2.737831E+15   2.3444E-25   2.6593E-25   0.88158
FLUX  142   110.50        2.713054E+15   4.2786E-25   4.8971E-25   0.87369
FLUX  143   111.50        2.688722E+15   7.5154E-25   9.1266E-25   0.82346
FLUX  144   112.50        2.664822E+15   7.8364E-25   1.6939E-24   0.46262
FLUX  145   113.50        2.641344E+15   1.2944E-24   3.1177E-24   0.41516
FLUX  146   114.50        2.618275E+15   1.9528E-24   5.6348E-24   0.34656
FLUX  147   115.50        2.595606E+15   3.1514E-24   9.8772E-24   0.31906
FLUX  148   116.50        2.573326E+15   4.9251E-24   1.6688E-23   0.29512
FLUX  149   117.50        2.551426E+15   8.4125E-24   2.6885E-23   0.31290
FLUX  150   118.50        2.529894E+15   1.1982E-23   4.7695E-23   0.25123
FLUX  151   119.50        2.508724E+15   1.7306E-23   7.4295E-23   0.23294
FLUX  152   120.50        2.487905E+15   2.3262E-23   1.1225E-22   0.20723
FLUX  153   121.50        2.467428E+15   4.1032E-23   1.6429E-22   0.24975
FLUX  154   122.50        2.447286E+15   5.0942E-23   2.3385E-22   0.21784
FLUX  155   123.50        2.427470E+15   7.3859E-23   3.2792E-22   0.22523
FLUX  156   124.50        2.407972E+15   1.0906E-22   3.5793E-22   0.30469
FLUX  157   125.50        2.388785E+15   1.7613E-22   5.5295E-22   0.31852
FLUX  158   126.50        2.369901E+15   2.4652E-22   8.0478E-22   0.30632
FLUX  159   127.50        2.351314E+15   3.8626E-22   1.1527E-21   0.33509
FLUX  160   128.50        2.333016E+15   5.4115E-22   1.6504E-21   0.32790
FLUX  161   129.50        2.315000E+15   7.6963E-22   2.3461E-21   0.32805
FLUX  162   130.50        2.297261E+15   1.1175E-21   3.3116E-21   0.33745
FLUX  163   131.50        2.279791E+15   1.5559E-21   4.6553E-21   0.33422
FLUX  164   132.50        2.262585E+15   2.1289E-21   6.3785E-21   0.33377
FLUX  165   133.50        2.245637E+15   2.8702E-21   8.4783E-21   0.33854
FLUX  166   134.50        2.228940E+15   3.9155E-21   1.0898E-20   0.35930
FLUX  167   135.50        2.212491E+15   5.0770E-21   1.3454E-20   0.37735
FLUX  168   136.50        2.196282E+15   6.6991E-21   1.6108E-20   0.41589
FLUX  169   137.50        2.180309E+15   7.6978E-21   1.8760E-20   0.41033
FLUX  170   138.50        2.164567E+15   1.0405E-20   2.1492E-20   0.48411
FLUX  171   139.50        2.149050E+15   1.3060E-20   2.4648E-20   0.52987
FLUX  172   140.50        2.133754E+15   1.7248E-20   2.8378E-20   0.60780
FLUX  173   141.50        2.118675E+15   2.1851E-20   3.3049E-20   0.66118
FLUX  174   142.50        2.103807E+15   3.8098E-20   3.9003E-20   0.97681
FLUX  175   143.50        2.089146E+15   4.6395E-20   4.6451E-20   0.99879
FLUX  176   144.20        2.079005E+15   5.2990E-20   5.2874E-20   1.00220
FLUX  177   144.70        2.071821E+15   5.8397E-20   5.8058E-20   1.00585
FLUX  178   145.50        2.060430E+15   6.7550E-20   6.7636E-20   0.99873
FLUX  179   146.50        2.046365E+15   8.2172E-20   8.2163E-20   1.00011
FLUX  180   147.50        2.032492E+15   9.9990E-20   9.9884E-20   1.00106
FLUX  181   148.50        2.018805E+15   1.2186E-19   1.2161E-19   1.00204
FLUX  182   149.50        2.005301E+15   1.4822E-19   1.4776E-19   1.00309
FLUX  183   150.50        1.991977E+15   1.8059E-19   1.7982E-19   1.00427
FLUX  184   151.20        1.982755E+15   2.0701E-19   2.0605E-19   1.00468
FLUX  185   151.70        1.976220E+15   2.2903E-19   2.2787E-19   1.00508
FLUX  186   152.50        1.965852E+15   2.6889E-19   2.6735E-19   1.00576
FLUX  187   153.50        1.953046E+15   3.2852E-19   3.2598E-19   1.00777
FLUX  188   154.50        1.940405E+15   4.0133E-19   3.9844E-19   1.00725
FLUX  189   155.50        1.927926E+15   4.9309E-19   4.8926E-19   1.00783
FLUX  190   156.50        1.915607E+15   6.0852E-19   6.0340E-19   1.00848
FLUX  191   157.50        1.903444E+15   1.1006E-18   1.0979E-18   1.00243
FLUX  192   158.50        1.891435E+15   1.3352E-18   1.3281E-18   1.00536
FLUX  193   159.50        1.879577E+15   1.6167E-18   1.6140E-18   1.00168
FLUX  194   160.50        1.867866E+15   1.9688E-18   1.9656E-18   1.00160
FLUX  195   161.50        1.856300E+15   2.4015E-18   2.3967E-18   1.00200
FLUX  196   162.50        1.844877E+15   3.9989E-18   4.0139E-18   0.99628
FLUX  197   163.50        1.833593E+15   5.0186E-18   5.0280E-18   0.99814
FLUX  198   164.50        1.822447E+15   3.9472E-18   6.3233E-18   0.62424
FLUX  199   165.50        1.811435E+15   5.1805E-18   7.9189E-18   0.65419
FLUX  200   166.50        1.800556E+15   6.0877E-18   9.9467E-18   0.61203
FLUX  201   167.20        1.793017E+15   7.2531E-18   1.1616E-17   0.62439
FLUX  202   167.70        1.787671E+15   7.5753E-18   1.2969E-17   0.58412
FLUX  203   168.50        1.779184E+15   8.9986E-18   1.5473E-17   0.58157
FLUX  204   169.50        1.768687E+15   1.0799E-17   1.9153E-17   0.56382
FLUX  205   170.50        1.758314E+15   1.3387E-17   2.3599E-17   0.56725
FLUX  206   171.50        1.748061E+15   1.6070E-17   2.9525E-17   0.54430
FLUX  207   172.50        1.737928E+15   1.9029E-17   3.5846E-17   0.53084
FLUX  208   173.50        1.727911E+15   2.2511E-17   4.3228E-17   0.52076
FLUX  209   174.50        1.718009E+15   2.6230E-17   5.1733E-17   0.50703
FLUX  210   175.50        1.708219E+15   3.2306E-17   6.1494E-17   0.52535
FLUX  211   176.50        1.698541E+15   3.7784E-17   7.2626E-17   0.52025
FLUX  212   177.50        1.688972E+15   4.5434E-17   8.5247E-17   0.53297
FLUX  213   178.50        1.679510E+15   5.6005E-17   9.9498E-17   0.56288
FLUX  214   179.50        1.670153E+15   6.4199E-17   1.1559E-16   0.55543
FLUX  215   180.50        1.660900E+15   7.9098E-17   1.3367E-16   0.59175
FLUX  216   181.50        1.651749E+15   8.9621E-17   1.5398E-16   0.58204
FLUX  217   182.50        1.642699E+15   1.0642E-16   1.7677E-16   0.60202
FLUX  218   183.50        1.633747E+15   1.2156E-16   2.0232E-16   0.60084
FLUX  219   184.50        1.624892E+15   1.4688E-16   2.3101E-16   0.63583
FLUX  220   185.50        1.616132E+15   1.6170E-16   2.6317E-16   0.61442
FLUX  221   186.50        1.607466E+15   1.9825E-16   2.9917E-16   0.66266
FLUX  222   187.50        1.598893E+15   3.3853E-16   3.3957E-16   0.99693
FLUX  223   188.50        1.590411E+15   3.8419E-16   3.8465E-16   0.99880
FLUX  224   189.50        1.582018E+15   4.3544E-16   4.3509E-16   1.00081
FLUX  225   190.50        1.573714E+15   4.9195E-16   4.9131E-16   1.00130
FLUX  226   191.50        1.565496E+15   5.5462E-16   5.5400E-16   1.00111
FLUX  227   192.50        1.557364E+15   6.2460E-16   6.2373E-16   1.00138
FLUX  228   193.50        1.549315E+15   7.0285E-16   7.0117E-16   1.00240
FLUX  229   194.50        1.541350E+15   7.8802E-16   7.8732E-16   1.00089
FLUX  230   195.50        1.533465E+15   8.8335E-16   8.8294E-16   1.00047
FLUX  231   196.70        1.524110E+15   1.0165E-15   1.0122E-15   1.00434
FLUX  232   197.60        1.517168E+15   1.1255E-15   1.1204E-15   1.00452
FLUX  233   198.40        1.511051E+15   1.2301E-15   1.2255E-15   1.00377
FLUX  234   199.50        1.502719E+15   1.3916E-15   1.3850E-15   1.00483
FLUX  235   200.50        1.495224E+15   1.5534E-15   1.5462E-15   1.00462
FLUX  236   201.50        1.487804E+15   1.7299E-15   1.7245E-15   1.00314
FLUX  237   202.50        1.480457E+15   1.9276E-15   1.9216E-15   1.00312
FLUX  238   203.50        1.473182E+15   2.1555E-15   2.1397E-15   1.00743
FLUX  239   204.50        1.465978E+15   2.3819E-15   2.3808E-15   1.00046
FLUX  240   205.50        1.458844E+15   2.6676E-15   2.6474E-15   1.00765
FLUX  241   206.50        1.451780E+15   2.9682E-15   2.9419E-15   1.00892
FLUX  242   207.40        1.445480E+15   3.2419E-15   3.2352E-15   1.00208
FLUX  243   207.80        1.442697E+15   3.0564E-15   3.3959E-12   0.00090
FLUX  244   208.50        1.437854E+15   4.3481E-15   3.9432E-12   0.00110
FLUX  245   209.50        1.430990E+15   1.1614E-14   4.8573E-12   0.00239
FLUX  246   210.50        1.424192E+15   2.2175E-14   5.9618E-12   0.00372
FLUX  247   211.50        1.417459E+15   2.3312E-14   7.3037E-12   0.00319
FLUX  248   212.50        1.410788E+15   3.3911E-14   8.8894E-12   0.00381
FLUX  249   213.50        1.404180E+15   4.2715E-14   1.0751E-11   0.00397
FLUX  250   214.50        1.397634E+15   2.8929E-14   1.2962E-11   0.00223
FLUX  251   215.50        1.391148E+15   4.5953E-14   1.5540E-11   0.00296
FLUX  252   216.50        1.384723E+15   3.9402E-14   1.8508E-11   0.00213
FLUX  253   217.50        1.378356E+15   4.6729E-14   2.1887E-11   0.00214
FLUX  254   218.50        1.372048E+15   4.3124E-14   2.5797E-11   0.00167
FLUX  255   219.50        1.365797E+15   8.2850E-14   3.0197E-11   0.00274
FLUX  256   220.50        1.359603E+15   6.9222E-14   3.5115E-11   0.00197
FLUX  257   221.50        1.353465E+15   1.0803E-13   4.0581E-11   0.00266
FLUX  258   222.50        1.347382E+15   8.6919E-14   4.7080E-11   0.00185
FLUX  259   223.50        1.341353E+15   1.7202E-13   5.3873E-11   0.00319
FLUX  260   224.50        1.335379E+15   1.8004E-13   6.1261E-11   0.00294
FLUX  261   225.50        1.329457E+15   2.3792E-13   7.3134E-11   0.00325
FLUX  262   226.50        1.323587E+15   1.1554E-13   8.2309E-11   0.00140
FLUX  263   227.50        1.317769E+15   2.1753E-13   9.2077E-11   0.00236
FLUX  264   228.50        1.312002E+15   2.2097E-13   1.0244E-10   0.00216
FLUX  265   229.50        1.306285E+15   4.2475E-13   1.1339E-10   0.00375
FLUX  266   230.50        1.300618E+15   1.4921E-13   1.2498E-10   0.00119
FLUX  267   231.50        1.295000E+15   5.4549E-13   1.3711E-10   0.00398
FLUX  268   232.50        1.289430E+15   3.5549E-13   1.4975E-10   0.00237
FLUX  269   233.50        1.283908E+15   7.6088E-13   1.6469E-10   0.00462
FLUX  270   234.50        1.278433E+15   4.5285E-13   1.7846E-10   0.00254
FLUX  271   235.50        1.273004E+15   3.7523E-13   1.9275E-10   0.00195
FLUX  272   236.50        1.267622E+15   5.5416E-13   2.0751E-10   0.00267
FLUX  273   237.50        1.262284E+15   5.3834E-13   2.2275E-10   0.00242
FLUX  274   238.50        1.256992E+15   1.1991E-12   2.3845E-10   0.00503
FLUX  275   239.50        1.251743E+15   9.7038E-13   2.5467E-10   0.00381
FLUX  276   240.50        1.246538E+15   2.5082E-12   2.7136E-10   0.00924
FLUX  277   241.50        1.241377E+15   1.0555E-12   2.8855E-10   0.00366
FLUX  278   242.50        1.236258E+15   1.4990E-12   3.0624E-10   0.00489
FLUX  279   243.50        1.231181E+15   2.3895E-12   3.2446E-10   0.00736
FLUX  280   244.50        1.226145E+15   3.5241E-12   3.4707E-10   0.01015
FLUX  281   245.50        1.221151E+15   4.3296E-12   3.6637E-10   0.01182
FLUX  282   246.50        1.216197E+15   2.4759E-12   3.8619E-10   0.00641
FLUX  283   247.50        1.211283E+15   4.6938E-12   4.0657E-10   0.01154
FLUX  284   248.50        1.206408E+15   8.7476E-13   4.2752E-10   0.00205
FLUX  285   249.50        1.201573E+15   1.9688E-12   4.4907E-10   0.00438
FLUX  286   250.50        1.196776E+15   3.9795E-12   4.7444E-10   0.00839
FLUX  287   251.30        1.192967E+15   2.9078E-12   4.9257E-10   0.00590
FLUX  288   251.80        1.190598E+15   3.7122E-12   2.5465E-09   0.00146
FLUX  289   252.50        1.187297E+15   3.4562E-12   2.6520E-09   0.00130
FLUX  290   253.50        1.182613E+15   1.1017E-11   2.8058E-09   0.00393
FLUX  291   254.50        1.177967E+15   1.3740E-11   2.9635E-09   0.00464
FLUX  292   255.50        1.173356E+15   1.6342E-11   3.1254E-09   0.00523
FLUX  293   256.50        1.168782E+15   7.8466E-12   3.2916E-09   0.00238
FLUX  294   257.50        1.164243E+15   1.3599E-11   3.4621E-09   0.00393
FLUX  295   258.50        1.159739E+15   8.8233E-12   3.6370E-09   0.00243
FLUX  296   259.50        1.155270E+15   1.2669E-11   3.8162E-09   0.00332
FLUX  297   260.50        1.150835E+15   1.8698E-11   4.0001E-09   0.00467
FLUX  298   261.50        1.146434E+15   1.5060E-11   4.1889E-09   0.00360
FLUX  299   262.50        1.142067E+15   2.9388E-11   4.3827E-09   0.00671
FLUX  300   263.50        1.137732E+15   4.7715E-11   4.6263E-09   0.01031
FLUX  301   264.50        1.133431E+15   3.5428E-11   4.8297E-09   0.00734
FLUX  302   265.50        1.129162E+15   5.0344E-11   5.0383E-09   0.00999
FLUX  303   266.50        1.124925E+15   4.0777E-11   5.2522E-09   0.00776
FLUX  304   267.50        1.120720E+15   3.9071E-11   5.4715E-09   0.00714
FLUX  305   268.50        1.116546E+15   5.2803E-11   5.6963E-09   0.00927
FLUX  306   269.50        1.112403E+15   3.3715E-11   5.9267E-09   0.00569
FLUX  307   270.50        1.108290E+15   6.8567E-11   6.2180E-09   0.01103
FLUX  308   271.50        1.104208E+15   5.9138E-11   6.4585E-09   0.00916
FLUX  309   272.50        1.100156E+15   4.4968E-11   6.7047E-09   0.00671
FLUX  310   273.50        1.096133E+15   5.0250E-11   6.9568E-09   0.00722
FLUX  311   274.50        1.092140E+15   7.6914E-11   7.2150E-09   0.01066
FLUX  312   275.50        1.088176E+15   7.3674E-11   7.4792E-09   0.00985
FLUX  313   276.50        1.084240E+15   1.1845E-10   7.7492E-09   0.01529
FLUX  314   277.50        1.080333E+15   1.4454E-10   8.0256E-09   0.01801
FLUX  315   278.50        1.076454E+15   9.3852E-11   8.3087E-09   0.01130
FLUX  316   279.50        1.072603E+15   1.3035E-10   8.5984E-09   0.01516
FLUX  317   280.50        1.068779E+15   1.2863E-10   8.8950E-09   0.01446
FLUX  318   281.50        1.064982E+15   1.1644E-10   9.1986E-09   0.01266
FLUX  319   282.50        1.061212E+15   1.0962E-10   9.5094E-09   0.01153
FLUX  320   283.50        1.057469E+15   7.5602E-11   9.8273E-09   0.00769
FLUX  321   284.50        1.053752E+15   3.7756E-11   1.0153E-08   0.00372
FLUX  322   285.50        1.050061E+15   1.2819E-11   1.0485E-08   0.00122
FLUX  323   286.50        1.046396E+15   7.7138E-11   1.0826E-08   0.00713
FLUX  324   287.50        1.042757E+15   1.1411E-10   1.1174E-08   0.01021
FLUX  325   288.50        1.039142E+15   2.1816E-10   1.1530E-08   0.01892
FLUX  326   289.50        1.035553E+15   2.7676E-10   1.1893E-08   0.02327
FLUX  327   291.00        1.030215E+15   3.5958E-10   1.2495E-08   0.02878
FLUX  328   293.00        1.023183E+15   4.2272E-10   1.3267E-08   0.03186
FLUX  329   295.00        1.016246E+15   3.9857E-10   1.4081E-08   0.02830
FLUX  330   297.00        1.009402E+15   3.9078E-10   1.4921E-08   0.02619
FLUX  331   299.00        1.002650E+15   4.6437E-10   1.5796E-08   0.02940
FLUX  332   301.00        9.959884E+14   4.9106E-10   1.6707E-08   0.02939
FLUX  333   303.00        9.894142E+14   6.1636E-10   1.7655E-08   0.03491
FLUX  334   305.00        9.829262E+14   7.6910E-10   1.8641E-08   0.04126
FLUX  335   307.00        9.765228E+14   8.0742E-10   1.9664E-08   0.04106
FLUX  336   309.00        9.702023E+14   6.9309E-10   2.0760E-08   0.03339
FLUX  337   311.00        9.639630E+14   1.1736E-09   2.1859E-08   0.05369
FLUX  338   313.00        9.578035E+14   1.2968E-09   2.3007E-08   0.05636
FLUX  339   315.00        9.517222E+14   1.8255E-09   2.4185E-08   0.07548
FLUX  340   317.00        9.457177E+14   2.8142E-09   2.5405E-08   0.11077
FLUX  341   319.00        9.397884E+14   2.4542E-09   2.6668E-08   0.09203
FLUX  342   321.00        9.339330E+14   3.2522E-09   2.7975E-08   0.11626
FLUX  343   323.00        9.281501E+14   3.6079E-09   2.9333E-08   0.12300
FLUX  344   325.00        9.224385E+14   5.2195E-09   3.0727E-08   0.16987
FLUX  345   327.00        9.167966E+14   6.9200E-09   3.2165E-08   0.21514
FLUX  346   329.00        9.112234E+14   8.7613E-09   3.3654E-08   0.26033
FLUX  347   331.00        9.057175E+14   7.4630E-09   3.5185E-08   0.21211
FLUX  348   333.00        9.002778E+14   9.0017E-09   3.6762E-08   0.24486
FLUX  349   335.00        8.949030E+14   8.2022E-09   3.8387E-08   0.21367
FLUX  350   337.00        8.895920E+14   5.6482E-09   4.0061E-08   0.14099
FLUX  351   339.00        8.843436E+14   7.9774E-09   4.1788E-08   0.19090
FLUX  352   341.00        8.791569E+14   9.1335E-09   4.3559E-08   0.20968
FLUX  353   343.00        8.740306E+14   9.6319E-09   4.5380E-08   0.21225
FLUX  354   345.00        8.689638E+14   7.4202E-09   4.7255E-08   0.15703
FLUX  355   347.00        8.639553E+14   7.4976E-09   4.9179E-08   0.15245
FLUX  356   349.00        8.590043E+14   1.0360E-08   5.1155E-08   0.20252
FLUX  357   351.00        8.541097E+14   1.3926E-08   5.3184E-08   0.26185
FLUX  358   353.00        8.492705E+14   1.5125E-08   5.5267E-08   0.27367
FLUX  359   355.00        8.444859E+14   2.2621E-08   5.7403E-08   0.39408
FLUX  360   357.00        8.397549E+14   1.0215E-08   5.9596E-08   0.17141
FLUX  361   359.00        8.350766E+14   8.5599E-09   6.1843E-08   0.13841
FLUX  362   361.00        8.304501E+14   1.3282E-08   6.4145E-08   0.20706
FLUX  363   363.00        8.258746E+14   1.8330E-08   6.6502E-08   0.27564
FLUX  364   364.00        8.236058E+14   1.9744E-08   6.7702E-08   0.29163
FLUX  365   365.00        8.213493E+14   2.1732E-08   6.8916E-08   0.31535
FLUX  366   367.00        8.168733E+14   3.1308E-08   7.1388E-08   0.43857
FLUX  367   369.00        8.124458E+14   2.5288E-08   7.3916E-08   0.34212
FLUX  368   371.00        8.080660E+14   1.8090E-08   7.6502E-08   0.23646
FLUX  369   373.00        8.037332E+14   8.0436E-09   7.9143E-08   0.10163
FLUX  370   375.00        7.994467E+14   1.0884E-08   8.1841E-08   0.13300
FLUX  371   377.00        7.952056E+14   2.8441E-08   8.4814E-08   0.33534
FLUX  372   379.00        7.910092E+14   3.3808E-08   8.7635E-08   0.38578
FLUX  373   381.00        7.868569E+14   3.1878E-08   9.0514E-08   0.35219
FLUX  374   383.00        7.827480E+14   1.3589E-08   9.3449E-08   0.14542
FLUX  375   385.00        7.786818E+14   2.4236E-08   9.6443E-08   0.25130
FLUX  376   387.00        7.746576E+14   2.2299E-08   9.9495E-08   0.22412
FLUX  377   389.00        7.706748E+14   2.3156E-08   1.0261E-07   0.22568
FLUX  378   391.00        7.667327E+14   3.3065E-08   1.0578E-07   0.31260
FLUX  379   393.00        7.628308E+14   1.4255E-08   1.0900E-07   0.13077
FLUX  380   395.00        7.589683E+14   2.3510E-08   1.1229E-07   0.20937
FLUX  381   397.00        7.551448E+14   2.0308E-08   1.1564E-07   0.17562
FLUX  382   399.00        7.513596E+14   5.2902E-08   1.1904E-07   0.44440
FLUX  383   401.00        7.476122E+14   7.1182E-08   1.2250E-07   0.58106
FLUX  384   403.00        7.439020E+14   5.2301E-08   1.2603E-07   0.41500
FLUX  385   405.00        7.402284E+14   6.7776E-08   1.2961E-07   0.52293
FLUX  386   407.00        7.365909E+14   6.5212E-08   1.3325E-07   0.48940
FLUX  387   409.00        7.329890E+14   8.1964E-08   1.3695E-07   0.59851
FLUX  388   411.00        7.294221E+14   6.0847E-08   1.4070E-07   0.43245
FLUX  389   413.00        7.258898E+14   7.0566E-08   1.4452E-07   0.48829
FLUX  390   415.00        7.223916E+14   6.8625E-08   1.4839E-07   0.46247
FLUX  391   417.00        7.189269E+14   7.1605E-08   1.5232E-07   0.47010
FLUX  392   419.00        7.154952E+14   7.0054E-08   1.5631E-07   0.44819
FLUX  393   421.00        7.120962E+14   4.5097E-08   1.6035E-07   0.28124
FLUX  394   423.00        7.087293E+14   1.6352E-08   1.6445E-07   0.09944
FLUX  395   425.00        7.053941E+14   4.7942E-08   1.6861E-07   0.28434
FLUX  396   427.00        7.020902E+14   6.1470E-08   1.7283E-07   0.35568
FLUX  397   429.00        6.988170E+14   6.2416E-08   1.7710E-07   0.35244
FLUX  398   431.00        6.955742E+14   7.1978E-08   1.8143E-07   0.39673
FLUX  399   433.00        6.923614E+14   1.0049E-07   1.8581E-07   0.54082
FLUX  400   435.00        6.891782E+14   1.0536E-07   1.9025E-07   0.55381
FLUX  401   437.00        6.860240E+14   1.1521E-07   1.9475E-07   0.59159
FLUX  402   439.00        6.828986E+14   1.0119E-07   1.9930E-07   0.50776
FLUX  403   441.00        6.798016E+14   1.0286E-07   2.0390E-07   0.50445
FLUX  404   443.00        6.767325E+14   9.7792E-08   2.0856E-07   0.46889
FLUX  405   445.00        6.736910E+14   1.0548E-07   2.1327E-07   0.49458
FLUX  406   447.00        6.706767E+14   1.1779E-07   2.1804E-07   0.54021
FLUX  407   449.00        6.676893E+14   1.2524E-07   2.2287E-07   0.56198
FLUX  408   451.00        6.647284E+14   1.3406E-07   2.2774E-07   0.58865
FLUX  409   453.00        6.617936E+14   1.1642E-07   2.3267E-07   0.50035
FLUX  410   455.00        6.588846E+14   1.3064E-07   2.3765E-07   0.54971
FLUX  411   457.00        6.560011E+14   1.4563E-07   2.4269E-07   0.60006
FLUX  412   459.00        6.531427E+14   1.2023E-07   2.4778E-07   0.48524
FLUX  413   461.00        6.503091E+14   1.3279E-07   2.5292E-07   0.52504
FLUX  414   463.00        6.475000E+14   1.2636E-07   2.5811E-07   0.48956
FLUX  415   465.00        6.447150E+14   1.2236E-07   2.6335E-07   0.46462
FLUX  416   467.00        6.419540E+14   1.3077E-07   2.6864E-07   0.48679
FLUX  417   469.00        6.392164E+14   1.2988E-07   2.7398E-07   0.47405
FLUX  418   471.00        6.365021E+14   1.3563E-07   2.7938E-07   0.48546
FLUX  419   473.00        6.338108E+14   1.3094E-07   2.8482E-07   0.45973
FLUX  420   475.00        6.311421E+14   1.3952E-07   2.9031E-07   0.48058
FLUX  421   477.00        6.284958E+14   8.3136E-08   2.9585E-07   0.28101
FLUX  422   479.00        6.258716E+14   1.0273E-07   3.0143E-07   0.34080
FLUX  423   481.00        6.232692E+14   1.0419E-07   3.0707E-07   0.33930
FLUX  424   483.00        6.206884E+14   1.1884E-07   3.1275E-07   0.37997
FLUX  425   485.00        6.181289E+14   1.3427E-07   3.1848E-07   0.42159
FLUX  426   487.00        6.155903E+14   1.4842E-07   3.2426E-07   0.45773
FLUX  427   489.00        6.130726E+14   1.6854E-07   3.3008E-07   0.51061
FLUX  428   491.00        6.105753E+14   1.8019E-07   3.3594E-07   0.53638
FLUX  429   493.00        6.080984E+14   1.8909E-07   3.4185E-07   0.55314
FLUX  430   495.00        6.056414E+14   1.6972E-07   3.4781E-07   0.48796
FLUX  431   497.00        6.032042E+14   1.0140E-07   3.5380E-07   0.28661
FLUX  432   499.00        6.007866E+14   1.1980E-07   3.5984E-07   0.33292
FLUX  433   501.00        5.983882E+14   9.2139E-08   3.6592E-07   0.25180
FLUX  434   503.00        5.960089E+14   1.1425E-07   3.7205E-07   0.30708
FLUX  435   505.00        5.936485E+14   1.1630E-07   3.7821E-07   0.30751
FLUX  436   507.00        5.913067E+14   1.2351E-07   3.8441E-07   0.32128
FLUX  437   509.00        5.889833E+14   1.2763E-07   3.9065E-07   0.32671
FLUX  438   511.00        5.866781E+14   1.3292E-07   3.9694E-07   0.33487
FLUX  439   513.00        5.843908E+14   1.3310E-07   4.0325E-07   0.33007
FLUX  440   515.00        5.821214E+14   1.2718E-07   4.0961E-07   0.31049
FLUX  441   517.00        5.798694E+14   1.0649E-07   4.1601E-07   0.25598
FLUX  442   519.00        5.776349E+14   1.0363E-07   4.2244E-07   0.24533
FLUX  443   521.00        5.754175E+14   1.3439E-07   4.2890E-07   0.31333
FLUX  444   523.00        5.732170E+14   2.3006E-07   4.3540E-07   0.52839
FLUX  445   525.00        5.710333E+14   2.2350E-07   4.4194E-07   0.50573
FLUX  446   527.00        5.688662E+14   2.0667E-07   4.4850E-07   0.46081
FLUX  447   529.00        5.667155E+14   2.6755E-07   4.5511E-07   0.58789
FLUX  448   531.00        5.645810E+14   2.9132E-07   4.6174E-07   0.63092
FLUX  449   533.00        5.624625E+14   2.6505E-07   4.6841E-07   0.56585
FLUX  450   535.00        5.603598E+14   2.9277E-07   4.7511E-07   0.61623
FLUX  451   537.00        5.582728E+14   2.7680E-07   4.8183E-07   0.57447
FLUX  452   539.00        5.562013E+14   2.9659E-07   4.8860E-07   0.60704
FLUX  453   541.00        5.541451E+14   2.9628E-07   4.9538E-07   0.59807
FLUX  454   543.00        5.521040E+14   3.0068E-07   5.0220E-07   0.59872
FLUX  455   545.00        5.500780E+14   2.4311E-07   5.0905E-07   0.47757
FLUX  456   547.00        5.480667E+14   2.2538E-07   5.1593E-07   0.43684
FLUX  457   549.00        5.460701E+14   2.5935E-07   5.2283E-07   0.49605
FLUX  458   551.00        5.440880E+14   2.3220E-07   5.2976E-07   0.43830
FLUX  459   553.00        5.421202E+14   2.7866E-07   5.3673E-07   0.51919
FLUX  460   555.00        5.401667E+14   3.0238E-07   5.4371E-07   0.55615
FLUX  461   557.00        5.382271E+14   3.1258E-07   5.5073E-07   0.56757
FLUX  462   559.00        5.363014E+14   2.7839E-07   5.5776E-07   0.49911
FLUX  463   561.00        5.343895E+14   2.1895E-07   5.6482E-07   0.38765
FLUX  464   563.00        5.324911E+14   2.3722E-07   5.7191E-07   0.41479
FLUX  465   565.00        5.306062E+14   2.6789E-07   5.7902E-07   0.46266
FLUX  466   567.00        5.287346E+14   2.6424E-07   5.8614E-07   0.45082
FLUX  467   569.00        5.268761E+14   3.0083E-07   5.9330E-07   0.50705
FLUX  468   571.00        5.250306E+14   3.1321E-07   6.0047E-07   0.52161
FLUX  469   573.00        5.231981E+14   3.5597E-07   6.0766E-07   0.58581
FLUX  470   575.00        5.213783E+14   3.8654E-07   6.1487E-07   0.62865
FLUX  471   577.00        5.195711E+14   3.4371E-07   6.2210E-07   0.55250
FLUX  472   579.00        5.177763E+14   3.8048E-07   6.2934E-07   0.60456
FLUX  473   581.00        5.159940E+14   3.8065E-07   6.3661E-07   0.59793
FLUX  474   583.00        5.142238E+14   3.8561E-07   6.4389E-07   0.59888
FLUX  475   585.00        5.124658E+14   3.4146E-07   6.5119E-07   0.52437
FLUX  476   587.00        5.107198E+14   2.6351E-07   6.5850E-07   0.40016
FLUX  477   589.00        5.089856E+14   1.0896E-07   6.6583E-07   0.16365
FLUX  478   591.00        5.072631E+14   1.9333E-07   6.7317E-07   0.28720
FLUX  479   593.00        5.055523E+14   2.5066E-07   6.8053E-07   0.36833
FLUX  480   595.00        5.038529E+14   2.7417E-07   6.8790E-07   0.39855
FLUX  481   597.00        5.021650E+14   2.8887E-07   6.9528E-07   0.41547
FLUX  482   599.00        5.004883E+14   3.2870E-07   7.0268E-07   0.46778
FLUX  483   601.00        4.988228E+14   3.4594E-07   7.1009E-07   0.48717
FLUX  484   603.00        4.971683E+14   3.9298E-07   7.1752E-07   0.54770
FLUX  485   605.00        4.955248E+14   4.2089E-07   7.2495E-07   0.58057
FLUX  486   607.00        4.938921E+14   4.5271E-07   7.3240E-07   0.61812
FLUX  487   609.00        4.922701E+14   4.8457E-07   7.3986E-07   0.65495
FLUX  488   611.00        4.906588E+14   4.7527E-07   7.4733E-07   0.63595
FLUX  489   613.00        4.890579E+14   4.7675E-07   7.5481E-07   0.63162
FLUX  490   615.00        4.874675E+14   5.0362E-07   7.6230E-07   0.66066
FLUX  491   617.00        4.858874E+14   2.8870E-07   7.6979E-07   0.37504
FLUX  492   619.00        4.843174E+14   3.0488E-07   7.7730E-07   0.39224
FLUX  493   621.00        4.827576E+14   3.0156E-07   7.8481E-07   0.38424
FLUX  494   623.00        4.812079E+14   2.4592E-07   7.9233E-07   0.31038
FLUX  495   625.00        4.796680E+14   2.8497E-07   7.9985E-07   0.35628
FLUX  496   627.00        4.781380E+14   3.4003E-07   8.0739E-07   0.42115
FLUX  497   629.00        4.766176E+14   3.7061E-07   8.1492E-07   0.45478
FLUX  498   631.00        4.751070E+14   4.2081E-07   8.2247E-07   0.51164
FLUX  499   633.00        4.736058E+14   4.4729E-07   8.3001E-07   0.53889
FLUX  500   635.00        4.721142E+14   4.7696E-07   8.3756E-07   0.56946
FLUX  501   637.00        4.706319E+14   4.7238E-07   8.4512E-07   0.55895
FLUX  502   639.00        4.691588E+14   4.9473E-07   8.5267E-07   0.58021
FLUX  503   641.00        4.676950E+14   5.1687E-07   8.6023E-07   0.60085
FLUX  504   643.00        4.662403E+14   4.7359E-07   8.6779E-07   0.54574
FLUX  505   645.00        4.647946E+14   4.7990E-07   8.7536E-07   0.54824
FLUX  506   647.00        4.633578E+14   5.1975E-07   8.8292E-07   0.58867
FLUX  507   649.00        4.619299E+14   4.9114E-07   8.9048E-07   0.55154
FLUX  508   651.00        4.605107E+14   5.4240E-07   8.9805E-07   0.60398
FLUX  509   653.00        4.591003E+14   5.9098E-07   9.0561E-07   0.65258
FLUX  510   655.00        4.576985E+14   5.7579E-07   9.1325E-07   0.63049
FLUX  511   657.00        4.563052E+14   5.6993E-07   9.2081E-07   0.61895
FLUX  512   659.00        4.549203E+14   5.8322E-07   9.2837E-07   0.62822
FLUX  513   661.00        4.535439E+14   5.8343E-07   9.3593E-07   0.62337
FLUX  514   663.00        4.521757E+14   5.5959E-07   9.4349E-07   0.59311
FLUX  515   665.00        4.508158E+14   5.0876E-07   9.5104E-07   0.53495
FLUX  516   667.00        4.494640E+14   4.8093E-07   9.5859E-07   0.50170
FLUX  517   669.00        4.481203E+14   3.9448E-07   9.6614E-07   0.40830
FLUX  518   671.00        4.467846E+14   4.1557E-07   9.7368E-07   0.42680
FLUX  519   673.00        4.454569E+14   3.3971E-07   9.8122E-07   0.34621
FLUX  520   675.00        4.441370E+14   3.6604E-07   9.8876E-07   0.37020
FLUX  521   677.00        4.428250E+14   4.2614E-07   9.9629E-07   0.42773
FLUX  522   679.00        4.415206E+14   3.7568E-07   1.0038E-06   0.37425
FLUX  523   681.00        4.402239E+14   4.2330E-07   1.0113E-06   0.41856
FLUX  524   683.00        4.389348E+14   4.6493E-07   1.0189E-06   0.45632
FLUX  525   685.00        4.376533E+14   4.9700E-07   1.0264E-06   0.48423
FLUX  526   687.00        4.363792E+14   5.1127E-07   1.0339E-06   0.49452
FLUX  527   689.00        4.351125E+14   5.7365E-07   1.0414E-06   0.55086
FLUX  528   691.00        4.338531E+14   6.4552E-07   1.0489E-06   0.61545
FLUX  529   693.00        4.326010E+14   6.3720E-07   1.0563E-06   0.60321
FLUX  530   695.00        4.313561E+14   7.0532E-07   1.0638E-06   0.66301
FLUX  531   697.00        4.301184E+14   7.7280E-07   1.0713E-06   0.72139
FLUX  532   699.00        4.288877E+14   8.0319E-07   1.0787E-06   0.74457
FLUX  533   701.00        4.276640E+14   8.3952E-07   1.0862E-06   0.77291
FLUX  534   703.00        4.264474E+14   8.7518E-07   1.0936E-06   0.80026
FLUX  535   705.00        4.252376E+14   8.1344E-07   1.1010E-06   0.73879
FLUX  536   707.00        4.240346E+14   5.6095E-07   1.1085E-06   0.50606
FLUX  537   709.00        4.228385E+14   5.0272E-07   1.1159E-06   0.45052
FLUX  538   711.00        4.216491E+14   4.8926E-07   1.1233E-06   0.43557
FLUX  539   713.00        4.204663E+14   3.9361E-07   1.1307E-06   0.34812
FLUX  540   715.00        4.192902E+14   3.9425E-07   1.1380E-06   0.34643
FLUX  541   717.00        4.181206E+14   4.3622E-07   1.1454E-06   0.38084
FLUX  542   719.00        4.169576E+14   5.3193E-07   1.1527E-06   0.46144
FLUX  543   721.00        4.158010E+14   5.0105E-07   1.1601E-06   0.43191
FLUX  544   723.00        4.146508E+14   6.0456E-07   1.1674E-06   0.51786
FLUX  545   725.00        4.135069E+14   6.8495E-07   1.1748E-06   0.58305
FLUX  546   727.00        4.123693E+14   7.6438E-07   1.1821E-06   0.64664
FLUX  547   729.00        4.112380E+14   8.2267E-07   1.1894E-06   0.69169
FLUX  548   731.00        4.101129E+14   8.9236E-07   1.1967E-06   0.74568
FLUX  549   733.00        4.089939E+14   9.3784E-07   1.2040E-06   0.77896
FLUX  550   735.00        4.078809E+14   9.9063E-07   1.2112E-06   0.81788
FLUX  551   737.00        4.067741E+14   1.0502E-06   1.2184E-06   0.86190
FLUX  552   739.00        4.056732E+14   1.0883E-06   1.2257E-06   0.88791
FLUX  553   741.00        4.045783E+14   1.1133E-06   1.2329E-06   0.90305
FLUX  554   743.00        4.034892E+14   1.1390E-06   1.2400E-06   0.91852
FLUX  555   745.00        4.024060E+14   1.1527E-06   1.2472E-06   0.92425
FLUX  556   747.00        4.013286E+14   1.1771E-06   1.2544E-06   0.93839
FLUX  557   749.00        4.002570E+14   1.1897E-06   1.2615E-06   0.94310
FLUX  558   751.00        3.991911E+14   1.2052E-06   1.2686E-06   0.95004
FLUX  559   753.00        3.981308E+14   1.2206E-06   1.2757E-06   0.95676
FLUX  560   755.00        3.970762E+14   1.2276E-06   1.2828E-06   0.95697
FLUX  561   757.00        3.960271E+14   1.2348E-06   1.2899E-06   0.95733
FLUX  562   759.00        3.949835E+14   1.1500E-06   1.2970E-06   0.88667
FLUX  563   761.00        3.939455E+14   1.1063E-06   1.3040E-06   0.84837
FLUX  564   763.00        3.929128E+14   1.0579E-06   1.3110E-06   0.80695
FLUX  565   765.00        3.918856E+14   1.0371E-06   1.3180E-06   0.78684
FLUX  566   767.00        3.908638E+14   8.5559E-07   1.3250E-06   0.64571
FLUX  567   769.00        3.898472E+14   9.0198E-07   1.3320E-06   0.67716
FLUX  568   771.00        3.888359E+14   8.6289E-07   1.3390E-06   0.64445
FLUX  569   773.00        3.878299E+14   9.6603E-07   1.3459E-06   0.71776
FLUX  570   775.00        3.868290E+14   9.3610E-07   1.3528E-06   0.69196
FLUX  571   777.00        3.858333E+14   9.4143E-07   1.3597E-06   0.69237
FLUX  572   779.00        3.848427E+14   9.6026E-07   1.3666E-06   0.70265
FLUX  573   781.00        3.838572E+14   1.0297E-06   1.3735E-06   0.74968
FLUX  574   783.00        3.828768E+14   1.0158E-06   1.3803E-06   0.73588
FLUX  575   785.00        3.819013E+14   1.0420E-06   1.3872E-06   0.75119
FLUX  576   787.00        3.809307E+14   1.0809E-06   1.3940E-06   0.77541
FLUX  577   789.00        3.799651E+14   1.1442E-06   1.4008E-06   0.81683
FLUX  578   791.00        3.790044E+14   1.1382E-06   1.4076E-06   0.80861
FLUX  579   793.00        3.780485E+14   1.1669E-06   1.4143E-06   0.82504
FLUX  580   795.00        3.770975E+14   1.1913E-06   1.4210E-06   0.83831
FLUX  581   797.00        3.761512E+14   1.2541E-06   1.4278E-06   0.87834
FLUX  582   799.00        3.752096E+14   1.2582E-06   1.4345E-06   0.87711
FLUX  583   801.00        3.742728E+14   1.2843E-06   1.4411E-06   0.89118
FLUX  584   803.00        3.733406E+14   1.3133E-06   1.4478E-06   0.90708
FLUX  585   805.00        3.724130E+14   1.3394E-06   1.4544E-06   0.92095
FLUX  586   807.00        3.714901E+14   1.3498E-06   1.4610E-06   0.92387
FLUX  587   809.00        3.705717E+14   1.3755E-06   1.4676E-06   0.93724
FLUX  588   811.00        3.696578E+14   1.3969E-06   1.4742E-06   0.94755
FLUX  589   813.00        3.687485E+14   1.4204E-06   1.4808E-06   0.95923
FLUX  590   815.00        3.678436E+14   1.4330E-06   1.4873E-06   0.96352
FLUX  591   817.00        3.669431E+14   1.4393E-06   1.4938E-06   0.96353
FLUX  592   819.00        3.660470E+14   1.2506E-06   1.5003E-06   0.83361
FLUX  593   821.00        3.651553E+14   1.3345E-06   1.5067E-06   0.88567
FLUX  594   823.00        3.642679E+14   1.3775E-06   1.5132E-06   0.91032
FLUX  595   825.00        3.633848E+14   1.3956E-06   1.5196E-06   0.91839
FLUX  596   827.00        3.625060E+14   1.3847E-06   1.5260E-06   0.90740
FLUX  597   829.00        3.616315E+14   1.3474E-06   1.5324E-06   0.87928
FLUX  598   831.00        3.607611E+14   1.3527E-06   1.5388E-06   0.87910
FLUX  599   833.00        3.598950E+14   1.3619E-06   1.5451E-06   0.88144
FLUX  600   835.00        3.590329E+14   1.3566E-06   1.5514E-06   0.87438
FLUX  601   837.00        3.581750E+14   1.3615E-06   1.5577E-06   0.87401
FLUX  602   839.00        3.573212E+14   1.3166E-06   1.5640E-06   0.84181
FLUX  603   841.00        3.564715E+14   1.3940E-06   1.5703E-06   0.88777
FLUX  604   843.00        3.556257E+14   1.3140E-06   1.5765E-06   0.83352
FLUX  605   845.00        3.547840E+14   1.3102E-06   1.5827E-06   0.82779
FLUX  606   847.00        3.539463E+14   1.2830E-06   1.5889E-06   0.80748
FLUX  607   849.00        3.531125E+14   1.3242E-06   1.5951E-06   0.83020
FLUX  608   851.00        3.522826E+14   1.2919E-06   1.6012E-06   0.80679
FLUX  609   853.00        3.514566E+14   1.3420E-06   1.6074E-06   0.83489
FLUX  610   855.00        3.506345E+14   1.2851E-06   1.6135E-06   0.79648
FLUX  611   857.00        3.498162E+14   1.4173E-06   1.6196E-06   0.87514
FLUX  612   859.00        3.490017E+14   1.4376E-06   1.6256E-06   0.88433
FLUX  613   861.00        3.481911E+14   1.4653E-06   1.6317E-06   0.89806
FLUX  614   863.00        3.473841E+14   1.5017E-06   1.6377E-06   0.91697
FLUX  615   865.00        3.465809E+14   1.5124E-06   1.6437E-06   0.92011
FLUX  616   867.00        3.457814E+14   1.4062E-06   1.6496E-06   0.85243
FLUX  617   869.00        3.449856E+14   1.4905E-06   1.6556E-06   0.90027
FLUX  618   871.00        3.441935E+14   1.5803E-06   1.6615E-06   0.95109
FLUX  619   873.00        3.434049E+14   1.5891E-06   1.6674E-06   0.95302
FLUX  620   875.00        3.426200E+14   1.6018E-06   1.6733E-06   0.95727
FLUX  621   877.00        3.418387E+14   1.6059E-06   1.6792E-06   0.95636
FLUX  622   879.00        3.410609E+14   1.6335E-06   1.6850E-06   0.96943
FLUX  623   881.00        3.402866E+14   1.6155E-06   1.6908E-06   0.95545
FLUX  624   883.00        3.395159E+14   1.6195E-06   1.6966E-06   0.95452
FLUX  625   885.00        3.387486E+14   1.6405E-06   1.7024E-06   0.96364
FLUX  626   887.00        3.379848E+14   1.3471E-06   1.7082E-06   0.78864
FLUX  627   889.00        3.372244E+14   1.3811E-06   1.7139E-06   0.80582
FLUX  628   891.00        3.364674E+14   1.4445E-06   1.7196E-06   0.84001
FLUX  629   893.00        3.357139E+14   1.4697E-06   1.7253E-06   0.85185
FLUX  630   895.00        3.349637E+14   1.4323E-06   1.7309E-06   0.82746
FLUX  631   897.00        3.342168E+14   1.4672E-06   1.7366E-06   0.84488
FLUX  632   899.00        3.334733E+14   1.5244E-06   1.7422E-06   0.87501
FLUX  633   901.00        3.327331E+14   1.5257E-06   1.7478E-06   0.87294
FLUX  634   903.00        3.319961E+14   1.5615E-06   1.7534E-06   0.89055
FLUX  635   905.00        3.312624E+14   1.6004E-06   1.7589E-06   0.90990
FLUX  636   907.00        3.305320E+14   1.6350E-06   1.7644E-06   0.92666
FLUX  637   909.00        3.298047E+14   1.6374E-06   1.7699E-06   0.92514
FLUX  638   911.00        3.290807E+14   1.6542E-06   1.7754E-06   0.93173
FLUX  639   913.00        3.283598E+14   1.6907E-06   1.7809E-06   0.94939
FLUX  640   915.00        3.276421E+14   1.7103E-06   1.7863E-06   0.95748
FLUX  641   917.00        3.269275E+14   1.7274E-06   1.7917E-06   0.96410
FLUX  642   919.00        3.262160E+14   1.7433E-06   1.7971E-06   0.97006
FLUX  643   921.00        3.255076E+14   1.7392E-06   1.8025E-06   0.96488
FLUX  644   923.00        3.248023E+14   1.7300E-06   1.8078E-06   0.95694
FLUX  645   925.00        3.241000E+14   1.7283E-06   1.8131E-06   0.95323
FLUX  646   927.00        3.234008E+14   1.7341E-06   1.8184E-06   0.95364
FLUX  647   929.00        3.227045E+14   1.7139E-06   1.8237E-06   0.93976
FLUX  648   931.00        3.220113E+14   1.7294E-06   1.8290E-06   0.94556
FLUX  649   933.00        3.213210E+14   1.7388E-06   1.8342E-06   0.94797
FLUX  650   935.00        3.206337E+14   1.7536E-06   1.8395E-06   0.95333
FLUX  651   937.00        3.199493E+14   1.7440E-06   1.8447E-06   0.94544
FLUX  652   939.00        3.192678E+14   1.7629E-06   1.8498E-06   0.95300
FLUX  653   941.00        3.185893E+14   1.7717E-06   1.8550E-06   0.95510
FLUX  654   943.00        3.179136E+14   1.7853E-06   1.8601E-06   0.95978
FLUX  655   945.00        3.172407E+14   1.7742E-06   1.8653E-06   0.95120
FLUX  656   947.00        3.165707E+14   1.7978E-06   1.8703E-06   0.96123
FLUX  657   949.00        3.159036E+14   1.8145E-06   1.8754E-06   0.96750
FLUX  658   951.00        3.152392E+14   1.8194E-06   1.8805E-06   0.96751
FLUX  659   953.00        3.145776E+14   1.8212E-06   1.8855E-06   0.96588
FLUX  660   955.00        3.139188E+14   1.8046E-06   1.8905E-06   0.95458
FLUX  661   957.00        3.132628E+14   1.8339E-06   1.8955E-06   0.96753
FLUX  662   959.00        3.126095E+14   1.8515E-06   1.9004E-06   0.97428
FLUX  663   961.00        3.119589E+14   1.8287E-06   1.9054E-06   0.95977
FLUX  664   963.00        3.113110E+14   1.8574E-06   1.9103E-06   0.97230
FLUX  665   965.00        3.106658E+14   1.7902E-06   1.9152E-06   0.93474
FLUX  666   967.00        3.100233E+14   1.8117E-06   1.9201E-06   0.94356
FLUX  667   969.00        3.093834E+14   1.8558E-06   1.9249E-06   0.96409
FLUX  668   971.00        3.087461E+14   1.8467E-06   1.9297E-06   0.95696
FLUX  669   973.00        3.081115E+14   1.8087E-06   1.9345E-06   0.93495
FLUX  670   975.00        3.074795E+14   1.8007E-06   1.9393E-06   0.92853
FLUX  671   977.00        3.068500E+14   1.8320E-06   1.9441E-06   0.94232
FLUX  672   979.00        3.062232E+14   1.8044E-06   1.9488E-06   0.92588
FLUX  673   981.00        3.055989E+14   1.8526E-06   1.9536E-06   0.94834
FLUX  674   983.00        3.049771E+14   1.8260E-06   1.9583E-06   0.93246
FLUX  675   985.00        3.043579E+14   1.8540E-06   1.9629E-06   0.94452
FLUX  676   987.00        3.037411E+14   1.8726E-06   1.9676E-06   0.95171
FLUX  677   989.00        3.031269E+14   1.8840E-06   1.9723E-06   0.95526
FLUX  678   991.00        3.025151E+14   1.8687E-06   1.9769E-06   0.94528
FLUX  679   993.00        3.019058E+14   1.8762E-06   1.9815E-06   0.94686
FLUX  680   995.00        3.012990E+14   1.8943E-06   1.9861E-06   0.95381
FLUX  681   997.00        3.006946E+14   1.9088E-06   1.9906E-06   0.95888
FLUX  682   999.00        3.000926E+14   1.9132E-06   1.9952E-06   0.95892
FLUX  683  1002.50        2.990449E+14   1.9135E-06   2.0031E-06   0.95529
FLUX  684  1007.50        2.975608E+14   1.9350E-06   2.0143E-06   0.96063
FLUX  685  1012.50        2.960914E+14   1.9579E-06   2.0253E-06   0.96672
FLUX  686  1017.50        2.946364E+14   1.9695E-06   2.0363E-06   0.96720
FLUX  687  1022.50        2.931956E+14   1.9885E-06   2.0471E-06   0.97136
FLUX  688  1027.50        2.917689E+14   2.0079E-06   2.0579E-06   0.97571
FLUX  689  1032.50        2.903559E+14   2.0020E-06   2.0685E-06   0.96787
FLUX  690  1037.50        2.889566E+14   2.0291E-06   2.0790E-06   0.97599
FLUX  691  1042.50        2.875707E+14   2.0538E-06   2.0894E-06   0.98294
FLUX  692  1047.50        2.861981E+14   2.0567E-06   2.0997E-06   0.97953
FLUX  693  1052.50        2.848385E+14   2.0798E-06   2.1098E-06   0.98577
FLUX  694  1057.50        2.834917E+14   2.0828E-06   2.1199E-06   0.98252
FLUX  695  1062.50        2.821576E+14   2.1033E-06   2.1298E-06   0.98755
FLUX  696  1067.50        2.808361E+14   2.1021E-06   2.1396E-06   0.98249
FLUX  697  1072.50        2.795268E+14   2.1127E-06   2.1493E-06   0.98298
FLUX  698  1077.50        2.782297E+14   2.1311E-06   2.1589E-06   0.98713
FLUX  699  1082.50        2.769446E+14   2.1203E-06   2.1684E-06   0.97783
FLUX  700  1087.50        2.756713E+14   2.1426E-06   2.1779E-06   0.98382
FLUX  701  1092.50        2.744096E+14   2.1419E-06   2.1872E-06   0.97928
FLUX  702  1097.50        2.731595E+14   2.1358E-06   2.1964E-06   0.97239
FLUX  703  1102.50        2.719206E+14   2.1305E-06   2.2056E-06   0.96595
FLUX  704  1107.50        2.706930E+14   2.1287E-06   2.2146E-06   0.96121
FLUX  705  1112.50        2.694764E+14   2.1284E-06   2.2235E-06   0.95723
FLUX  706  1117.50        2.682707E+14   2.1347E-06   2.2323E-06   0.95626
FLUX  707  1122.50        2.670757E+14   2.1569E-06   2.2411E-06   0.96244
FLUX  708  1127.50        2.658913E+14   2.1480E-06   2.2497E-06   0.95479
FLUX  709  1132.50        2.647174E+14   2.1517E-06   2.2583E-06   0.95275
FLUX  710  1137.50        2.635538E+14   2.1234E-06   2.2669E-06   0.93669
FLUX  711  1142.50        2.624004E+14   2.1129E-06   2.2753E-06   0.92861
FLUX  712  1147.50        2.612571E+14   2.1912E-06   2.2837E-06   0.95950
FLUX  713  1152.50        2.601236E+14   2.1975E-06   2.2919E-06   0.95881
FLUX  714  1157.50        2.590000E+14   2.2049E-06   2.3001E-06   0.95858
FLUX  715  1162.50        2.578860E+14   2.1877E-06   2.3083E-06   0.94778
FLUX  716  1167.50        2.567816E+14   2.1987E-06   2.3163E-06   0.94922
FLUX  717  1172.50        2.556866E+14   2.2346E-06   2.3243E-06   0.96141
FLUX  718  1177.50        2.546008E+14   2.1905E-06   2.3322E-06   0.93925
FLUX  719  1182.50        2.535243E+14   2.2269E-06   2.3401E-06   0.95162
FLUX  720  1187.50        2.524568E+14   2.2145E-06   2.3479E-06   0.94319
FLUX  721  1192.50        2.513983E+14   2.2594E-06   2.3556E-06   0.95917
FLUX  722  1197.50        2.503486E+14   2.2228E-06   2.3633E-06   0.94057
FLUX  723  1202.50        2.493077E+14   2.2784E-06   2.3709E-06   0.96101
FLUX  724  1207.50        2.482754E+14   2.2836E-06   2.3784E-06   0.96014
FLUX  725  1212.50        2.472515E+14   2.3051E-06   2.3859E-06   0.96610
FLUX  726  1217.50        2.462361E+14   2.3179E-06   2.3934E-06   0.96846
FLUX  727  1222.50        2.452290E+14   2.3268E-06   2.4008E-06   0.96917
FLUX  728  1227.50        2.442301E+14   2.3327E-06   2.4082E-06   0.96865
FLUX  729  1232.50        2.432393E+14   2.3381E-06   2.4155E-06   0.96793
FLUX  730  1237.50        2.422566E+14   2.3517E-06   2.4229E-06   0.97064
FLUX  731  1242.50        2.412817E+14   2.3484E-06   2.4302E-06   0.96634
FLUX  732  1247.50        2.403146E+14   2.3670E-06   2.4374E-06   0.97112
FLUX  733  1252.50        2.393553E+14   2.3654E-06   2.4446E-06   0.96760
FLUX  734  1257.50        2.384036E+14   2.3805E-06   2.4518E-06   0.97090
FLUX  735  1262.50        2.374594E+14   2.3879E-06   2.4590E-06   0.97108
FLUX  736  1267.50        2.365227E+14   2.3839E-06   2.4662E-06   0.96664
FLUX  737  1272.50        2.355933E+14   2.4071E-06   2.4733E-06   0.97323
FLUX  738  1277.50        2.346712E+14   2.4190E-06   2.4804E-06   0.97525
FLUX  739  1282.50        2.337563E+14   2.3856E-06   2.4876E-06   0.95899
FLUX  740  1287.50        2.328485E+14   2.4258E-06   2.4947E-06   0.97240
FLUX  741  1292.50        2.319478E+14   2.4206E-06   2.5018E-06   0.96755
FLUX  742  1297.50        2.310539E+14   2.4491E-06   2.5089E-06   0.97617
FLUX  743  1302.50        2.301670E+14   2.4523E-06   2.5160E-06   0.97466
FLUX  744  1307.50        2.292868E+14   2.4488E-06   2.5232E-06   0.97052
FLUX  745  1312.50        2.284133E+14   2.4015E-06   2.5303E-06   0.94912
FLUX  746  1317.50        2.275465E+14   2.4234E-06   2.5374E-06   0.95510
FLUX  747  1322.50        2.266862E+14   2.4558E-06   2.5445E-06   0.96512
FLUX  748  1327.50        2.258324E+14   2.4166E-06   2.5517E-06   0.94706
FLUX  749  1332.50        2.249850E+14   2.2607E-06   2.5588E-06   0.88349
FLUX  750  1337.50        2.241439E+14   2.0909E-06   2.5660E-06   0.81485
FLUX  751  1342.50        2.233091E+14   2.0534E-06   2.5732E-06   0.79800
FLUX  752  1347.50        2.224805E+14   2.1440E-06   2.5805E-06   0.83084
FLUX  753  1352.50        2.216580E+14   2.0665E-06   2.5878E-06   0.79856
FLUX  754  1357.50        2.208416E+14   2.0996E-06   2.5952E-06   0.80905
FLUX  755  1362.50        2.200312E+14   2.0840E-06   2.6026E-06   0.80074
FLUX  756  1367.50        2.192267E+14   2.1487E-06   2.6101E-06   0.82322
FLUX  757  1372.50        2.184280E+14   2.1591E-06   2.6176E-06   0.82483
FLUX  758  1377.50        2.176352E+14   2.1902E-06   2.6252E-06   0.83429
FLUX  759  1382.50        2.168481E+14   2.1825E-06   2.6328E-06   0.82895
FLUX  760  1387.50        2.160667E+14   2.1322E-06   2.6405E-06   0.80749
FLUX  761  1392.50        2.152908E+14   2.0186E-06   2.6482E-06   0.76225
FLUX  762  1397.50        2.145206E+14   2.0230E-06   2.6561E-06   0.76165
FLUX  763  1402.50        2.137558E+14   2.0694E-06   2.6640E-06   0.77678
FLUX  764  1407.50        2.129964E+14   2.0578E-06   2.6721E-06   0.77012
FLUX  765  1412.50        2.122425E+14   1.9884E-06   2.6802E-06   0.74187
FLUX  766  1417.50        2.114938E+14   1.9923E-06   2.6885E-06   0.74103
FLUX  767  1422.50        2.107504E+14   2.0083E-06   2.6969E-06   0.74467
FLUX  768  1427.50        2.100123E+14   1.9681E-06   2.7053E-06   0.72747
FLUX  769  1432.50        2.092792E+14   2.0235E-06   2.7139E-06   0.74562
FLUX  770  1437.50        2.085513E+14   2.0219E-06   2.7225E-06   0.74263
FLUX  771  1442.50        2.078284E+14   2.0399E-06   2.7313E-06   0.74685
FLUX  772  1447.50        2.071105E+14   2.0370E-06   2.7402E-06   0.74338
FLUX  773  1452.50        2.063976E+14   2.0322E-06   2.7493E-06   0.73915
FLUX  774  1457.00        2.057601E+14   2.0473E-06   2.7576E-06   0.74240
FLUX  775  1462.00        2.050564E+14   1.9990E-06   2.7671E-06   0.72244
FLUX  776  1467.50        2.042879E+14   1.9907E-06   2.7776E-06   0.71669
FLUX  777  1472.50        2.035942E+14   2.0374E-06   2.7874E-06   0.73092
FLUX  778  1477.50        2.029052E+14   2.0158E-06   2.7974E-06   0.72057
FLUX  779  1482.50        2.022209E+14   2.0244E-06   2.8075E-06   0.72105
FLUX  780  1487.50        2.015412E+14   2.0428E-06   2.8178E-06   0.72495
FLUX  781  1492.50        2.008660E+14   2.0757E-06   2.8283E-06   0.73391
FLUX  782  1497.50        2.001953E+14   2.1040E-06   2.8390E-06   0.74112
FLUX  783  1502.50        1.995291E+14   2.0567E-06   2.8500E-06   0.72167
FLUX  784  1507.50        1.988673E+14   2.1168E-06   2.8612E-06   0.73982
FLUX  785  1512.50        1.982099E+14   2.1364E-06   2.8725E-06   0.74376
FLUX  786  1517.50        1.975568E+14   2.1319E-06   2.8841E-06   0.73921
FLUX  787  1522.50        1.969080E+14   2.1982E-06   2.8958E-06   0.75911
FLUX  788  1527.50        1.962635E+14   2.1612E-06   2.9078E-06   0.74326
FLUX  789  1532.50        1.956232E+14   2.2003E-06   2.9200E-06   0.75355
FLUX  790  1537.50        1.949870E+14   2.1937E-06   2.9324E-06   0.74809
FLUX  791  1542.50        1.943549E+14   2.1606E-06   2.9451E-06   0.73364
FLUX  792  1547.50        1.937270E+14   2.2483E-06   2.9579E-06   0.76009
FLUX  793  1552.50        1.931031E+14   2.2273E-06   2.9710E-06   0.74968
FLUX  794  1557.50        1.924831E+14   2.2398E-06   2.9842E-06   0.75054
FLUX  795  1562.50        1.918672E+14   2.2885E-06   2.9975E-06   0.76347
FLUX  796  1567.50        1.912552E+14   2.2897E-06   3.0108E-06   0.76050
FLUX  797  1572.50        1.906471E+14   2.2966E-06   3.0242E-06   0.75939
FLUX  798  1577.50        1.900428E+14   2.3144E-06   3.0377E-06   0.76190
FLUX  799  1582.50        1.894423E+14   2.3665E-06   3.0511E-06   0.77561
FLUX  800  1587.50        1.888457E+14   2.3706E-06   3.0645E-06   0.77355
FLUX  801  1592.50        1.882527E+14   2.3951E-06   3.0777E-06   0.77820
FLUX  802  1597.50        1.876635E+14   2.4435E-06   3.0906E-06   0.79062
FLUX  803  1605.00        1.867866E+14   2.4423E-06   3.1089E-06   0.78560
FLUX  804  1615.00        1.856300E+14   2.4540E-06   3.1306E-06   0.78386
FLUX  805  1625.00        1.844877E+14   2.4858E-06   3.1478E-06   0.78970
FLUX  806  1635.00        1.833593E+14   2.5562E-06   3.1557E-06   0.81002
FLUX  807  1645.00        1.822447E+14   2.5971E-06   3.1494E-06   0.82461
FLUX  808  1655.00        1.811435E+14   2.6440E-06   3.1332E-06   0.84389
FLUX  809  1665.00        1.800556E+14   2.6546E-06   3.1169E-06   0.85168
FLUX  810  1675.00        1.789806E+14   2.6182E-06   3.1006E-06   0.84440
FLUX  811  1685.00        1.779184E+14   2.6557E-06   3.0844E-06   0.86101
FLUX  812  1695.00        1.768687E+14   2.6198E-06   3.0683E-06   0.85385
FLUX  813  1705.00        1.758314E+14   2.5663E-06   3.0522E-06   0.84082
FLUX  814  1715.00        1.748061E+14   2.4255E-06   3.0361E-06   0.79890
FLUX  815  1725.00        1.737928E+14   2.4046E-06   3.0201E-06   0.79619
FLUX  816  1735.00        1.727911E+14   2.3221E-06   3.0041E-06   0.77298
FLUX  817  1745.00        1.718009E+14   2.2547E-06   2.9881E-06   0.75456
FLUX  818  1755.00        1.708219E+14   2.1290E-06   2.9723E-06   0.71628
FLUX  819  1765.00        1.698541E+14   2.0781E-06   2.9565E-06   0.70292
FLUX  820  1775.00        1.688972E+14   1.9714E-06   2.9407E-06   0.67040
FLUX  821  1785.00        1.679510E+14   1.9127E-06   2.9250E-06   0.65391
FLUX  822  1795.00        1.670153E+14   1.8768E-06   2.9093E-06   0.64508
FLUX  823  1805.00        1.660900E+14   1.8123E-06   2.8938E-06   0.62629
FLUX  824  1815.00        1.651749E+14   1.7940E-06   2.8783E-06   0.62329
FLUX  825  1825.00        1.642699E+14   1.8051E-06   2.8629E-06   0.63053
FLUX  826  1835.00        1.633747E+14   1.7730E-06   2.8474E-06   0.62265
FLUX  827  1845.00        1.624892E+14   1.6850E-06   2.8320E-06   0.59498
FLUX  828  1855.00        1.616132E+14   1.6317E-06   2.8167E-06   0.57930
FLUX  829  1865.00        1.607466E+14   1.6392E-06   2.8015E-06   0.58512
FLUX  830  1875.00        1.598893E+14   1.6294E-06   2.7863E-06   0.58479
FLUX  831  1885.00        1.590411E+14   1.7201E-06   2.7713E-06   0.62069
FLUX  832  1895.00        1.582018E+14   1.6908E-06   2.7562E-06   0.61346
FLUX  833  1905.00        1.573714E+14   1.7382E-06   2.7413E-06   0.63409
FLUX  834  1915.00        1.565496E+14   1.7344E-06   2.7264E-06   0.63615
FLUX  835  1925.00        1.557364E+14   1.7318E-06   2.7116E-06   0.63866
FLUX  836  1935.00        1.549315E+14   1.7092E-06   2.6969E-06   0.63375
FLUX  837  1945.00        1.541350E+14   1.7055E-06   2.6823E-06   0.63583
FLUX  838  1955.00        1.533465E+14   1.7360E-06   2.6677E-06   0.65075
FLUX  839  1965.00        1.525662E+14   1.7237E-06   2.6532E-06   0.64966
FLUX  840  1975.00        1.517937E+14   1.6777E-06   2.6388E-06   0.63579
FLUX  841  1985.00        1.510290E+14   1.6343E-06   2.6244E-06   0.62274
FLUX  842  1995.00        1.502719E+14   1.6221E-06   2.6101E-06   0.62145
FLUX  843  2005.00        1.495224E+14   1.6342E-06   2.5960E-06   0.62951
FLUX  844  2015.00        1.487804E+14   1.6093E-06   2.5818E-06   0.62331
FLUX  845  2025.00        1.480457E+14   1.6097E-06   2.5678E-06   0.62689
FLUX  846  2035.00        1.473182E+14   1.6199E-06   2.5538E-06   0.63428
FLUX  847  2045.00        1.465978E+14   1.6106E-06   2.5400E-06   0.63412
FLUX  848  2055.00        1.458844E+14   1.6364E-06   2.5262E-06   0.64780
FLUX  849  2065.00        1.451780E+14   1.6007E-06   2.5124E-06   0.63710
FLUX  850  2075.00        1.444783E+14   1.6284E-06   2.4988E-06   0.65168
FLUX  851  2085.00        1.437854E+14   1.6122E-06   2.4853E-06   0.64869
FLUX  852  2095.00        1.430990E+14   1.6454E-06   2.4718E-06   0.66566
FLUX  853  2105.00        1.424192E+14   1.6578E-06   2.4584E-06   0.67433
FLUX  854  2115.00        1.417459E+14   1.6704E-06   2.4451E-06   0.68318
FLUX  855  2125.00        1.410788E+14   1.6800E-06   2.4319E-06   0.69081
FLUX  856  2135.00        1.404180E+14   1.7073E-06   2.4188E-06   0.70584
FLUX  857  2145.00        1.397634E+14   1.7249E-06   2.4057E-06   0.71698
FLUX  858  2155.00        1.391148E+14   1.7502E-06   2.3927E-06   0.73145
FLUX  859  2165.00        1.384723E+14   1.7884E-06   2.3799E-06   0.75147
FLUX  860  2175.00        1.378356E+14   1.7830E-06   2.3670E-06   0.75326
FLUX  861  2185.00        1.372048E+14   1.8152E-06   2.3543E-06   0.77104
FLUX  862  2195.00        1.365797E+14   1.8367E-06   2.3416E-06   0.78440
FLUX  863  2205.00        1.359603E+14   1.8064E-06   2.3290E-06   0.77563
FLUX  864  2215.00        1.353465E+14   1.8802E-06   2.3165E-06   0.81169
FLUX  865  2225.00        1.347382E+14   1.8767E-06   2.3040E-06   0.81455
FLUX  866  2235.00        1.341353E+14   1.9061E-06   2.2917E-06   0.83176
FLUX  867  2245.00        1.335379E+14   1.9241E-06   2.2794E-06   0.84414
FLUX  868  2255.00        1.329457E+14   1.9239E-06   2.2672E-06   0.84856
FLUX  869  2265.00        1.323587E+14   1.9108E-06   2.2551E-06   0.84731
FLUX  870  2275.00        1.317769E+14   1.9331E-06   2.2431E-06   0.86182
FLUX  871  2285.00        1.312002E+14   1.9328E-06   2.2311E-06   0.86629
FLUX  872  2295.00        1.306285E+14   1.8171E-06   2.2193E-06   0.81878
FLUX  873  2305.00        1.300618E+14   1.8435E-06   2.2075E-06   0.83509
FLUX  874  2315.00        1.295000E+14   1.8213E-06   2.1958E-06   0.82942
FLUX  875  2325.00        1.289430E+14   1.7259E-06   2.1842E-06   0.79017
FLUX  876  2335.00        1.283908E+14   1.7107E-06   2.1727E-06   0.78739
FLUX  877  2345.00        1.278433E+14   1.7289E-06   2.1612E-06   0.79997
FLUX  878  2355.00        1.273004E+14   1.6202E-06   2.1498E-06   0.75363
FLUX  879  2365.00        1.267622E+14   1.6602E-06   2.1385E-06   0.77631
FLUX  880  2375.00        1.262284E+14   1.6750E-06   2.1273E-06   0.78738
FLUX  881  2385.00        1.256992E+14   1.5318E-06   2.1161E-06   0.72385
FLUX  882  2395.00        1.251743E+14   1.5465E-06   2.1051E-06   0.73466
FLUX  883  2405.00        1.246538E+14   1.4410E-06   2.0940E-06   0.68813
FLUX  884  2415.00        1.241377E+14   1.3964E-06   2.0831E-06   0.67034
FLUX  885  2425.00        1.236258E+14   1.3604E-06   2.0722E-06   0.65651
FLUX  886  2435.00        1.231181E+14   1.3043E-06   2.0614E-06   0.63274
FLUX  887  2445.00        1.226145E+14   1.2591E-06   2.0507E-06   0.61399
FLUX  888  2455.00        1.221151E+14   1.2270E-06   2.0401E-06   0.60147
FLUX  889  2465.00        1.216197E+14   1.1872E-06   2.0295E-06   0.58500
FLUX  890  2475.00        1.211283E+14   1.1598E-06   2.0189E-06   0.57446
FLUX  891  2485.00        1.206408E+14   1.1261E-06   2.0085E-06   0.56068
FLUX  892  2495.00        1.201573E+14   1.1164E-06   1.9981E-06   0.55870
FLUX  893  2505.00        1.196776E+14   1.0968E-06   1.9878E-06   0.55178
FLUX  894  2515.00        1.192018E+14   1.0673E-06   1.9776E-06   0.53967
FLUX  895  2525.00        1.187297E+14   1.0428E-06   1.9674E-06   0.53005
FLUX  896  2535.00        1.182613E+14   1.0484E-06   1.9573E-06   0.53562
FLUX  897  2545.00        1.177967E+14   1.0417E-06   1.9473E-06   0.53496
FLUX  898  2555.00        1.173356E+14   1.0492E-06   1.9373E-06   0.54156
FLUX  899  2565.00        1.168782E+14   1.0069E-06   1.9274E-06   0.52242
FLUX  900  2575.00        1.164243E+14   1.0386E-06   1.9176E-06   0.54161
FLUX  901  2585.00        1.159739E+14   1.0458E-06   1.9078E-06   0.54816
FLUX  902  2595.00        1.155270E+14   1.0388E-06   1.8981E-06   0.54730
FLUX  903  2605.00        1.150835E+14   1.0496E-06   1.8885E-06   0.55578
FLUX  904  2615.00        1.146434E+14   1.0780E-06   1.8789E-06   0.57372
FLUX  905  2625.00        1.142067E+14   1.0752E-06   1.8694E-06   0.57516
FLUX  906  2635.00        1.137732E+14   1.0840E-06   1.8599E-06   0.58283
FLUX  907  2645.00        1.133431E+14   1.0594E-06   1.8505E-06   0.57250
FLUX  908  2655.00        1.129162E+14   1.1212E-06   1.8412E-06   0.60893
FLUX  909  2665.00        1.124925E+14   1.0950E-06   1.8319E-06   0.59773
FLUX  910  2675.00        1.120720E+14   1.0640E-06   1.8227E-06   0.58375
FLUX  911  2685.00        1.116546E+14   1.0611E-06   1.8136E-06   0.58511
FLUX  912  2695.00        1.112403E+14   1.0192E-06   1.8045E-06   0.56480
FLUX  913  2705.00        1.108290E+14   1.0330E-06   1.7955E-06   0.57533
FLUX  914  2715.00        1.104208E+14   9.9692E-07   1.7865E-06   0.55802
FLUX  915  2725.00        1.100156E+14   9.6874E-07   1.7776E-06   0.54496
FLUX  916  2735.00        1.096133E+14   9.7719E-07   1.7688E-06   0.55246
FLUX  917  2745.00        1.092140E+14   9.8223E-07   1.7600E-06   0.55809
FLUX  918  2755.00        1.088176E+14   9.5493E-07   1.7513E-06   0.54528
FLUX  919  2765.00        1.084240E+14   9.5016E-07   1.7426E-06   0.54525
FLUX  920  2775.00        1.080333E+14   9.5482E-07   1.7340E-06   0.55065
FLUX  921  2785.00        1.076454E+14   9.2896E-07   1.7254E-06   0.53839
FLUX  922  2795.00        1.072603E+14   9.6223E-07   1.7169E-06   0.56044
FLUX  923  2805.00        1.068779E+14   9.0085E-07   1.7085E-06   0.52728
FLUX  924  2815.00        1.064982E+14   9.2012E-07   1.7001E-06   0.54122
FLUX  925  2825.00        1.061212E+14   9.1111E-07   1.6918E-06   0.53855
FLUX  926  2835.00        1.057469E+14   9.0648E-07   1.6835E-06   0.53845
FLUX  927  2845.00        1.053752E+14   9.1722E-07   1.6753E-06   0.54751
FLUX  928  2855.00        1.050061E+14   8.9420E-07   1.6671E-06   0.53638
FLUX  929  2865.00        1.046396E+14   9.1022E-07   1.6590E-06   0.54866
FLUX  930  2875.00        1.042757E+14   9.0441E-07   1.6509E-06   0.54783
FLUX  931  2885.00        1.039142E+14   8.9115E-07   1.6429E-06   0.54242
FLUX  932  2895.00        1.035553E+14   9.1080E-07   1.6349E-06   0.55709
FLUX  933  2905.00        1.031988E+14   8.6964E-07   1.6270E-06   0.53450
FLUX  934  2915.00        1.028448E+14   9.0726E-07   1.6192E-06   0.56033
FLUX  935  2925.00        1.024932E+14   8.4051E-07   1.6113E-06   0.52162
FLUX  936  2935.00        1.021440E+14   9.1194E-07   1.6036E-06   0.56869
FLUX  937  2945.00        1.017971E+14   8.3593E-07   1.5959E-06   0.52381
FLUX  938  2955.00        1.014526E+14   8.8074E-07   1.5882E-06   0.55455
FLUX  939  2965.00        1.011105E+14   8.4859E-07   1.5806E-06   0.53688
FLUX  940  2975.00        1.007706E+14   8.7676E-07   1.5730E-06   0.55737
FLUX  941  2985.00        1.004330E+14   8.3510E-07   1.5655E-06   0.53342
FLUX  942  2995.00        1.000977E+14   8.7732E-07   1.5581E-06   0.56308
FLUX  943  3005.00        9.976456E+13   8.2764E-07   1.5507E-06   0.53373
FLUX  944  3015.00        9.943366E+13   8.8050E-07   1.5433E-06   0.57053
FLUX  945  3025.00        9.910496E+13   8.2702E-07   1.5360E-06   0.53843
FLUX  946  3035.00        9.877842E+13   8.5887E-07   1.5287E-06   0.56182
FLUX  947  3045.00        9.845402E+13   8.3451E-07   1.5215E-06   0.54849
FLUX  948  3055.00        9.813175E+13   8.5323E-07   1.5143E-06   0.56345
FLUX  949  3065.00        9.781158E+13   8.5024E-07   1.5071E-06   0.56414
FLUX  950  3075.00        9.749349E+13   8.4408E-07   1.5000E-06   0.56270
FLUX  951  3085.00        9.717747E+13   8.3800E-07   1.4930E-06   0.56129
FLUX  952  3095.00        9.686349E+13   8.2694E-07   1.4860E-06   0.55650
FLUX  953  3105.00        9.655153E+13   8.5107E-07   1.4790E-06   0.57543
FLUX  954  3115.00        9.624157E+13   8.3085E-07   1.4721E-06   0.56440
FLUX  955  3125.00        9.593360E+13   8.4921E-07   1.4652E-06   0.57958
FLUX  956  3135.00        9.562759E+13   8.3306E-07   1.4584E-06   0.57122
FLUX  957  3145.00        9.532353E+13   8.4145E-07   1.4516E-06   0.57967
FLUX  958  3155.00        9.502139E+13   8.3353E-07   1.4449E-06   0.57689
FLUX  959  3165.00        9.472117E+13   8.4827E-07   1.4382E-06   0.58983
FLUX  960  3175.00        9.442283E+13   8.3185E-07   1.4315E-06   0.58110
FLUX  961  3185.00        9.412637E+13   8.5157E-07   1.4249E-06   0.59764
FLUX  962  3195.00        9.383177E+13   8.3629E-07   1.4183E-06   0.58964
FLUX  963  3210.00        9.339330E+13   8.4843E-07   1.4085E-06   0.60235
FLUX  964  3230.00        9.281501E+13   8.4810E-07   1.3956E-06   0.60767
FLUX  965  3250.00        9.224385E+13   8.5131E-07   1.3829E-06   0.61559
FLUX  966  3270.00        9.167966E+13   8.5212E-07   1.3703E-06   0.62183
FLUX  967  3290.00        9.112234E+13   8.5894E-07   1.3579E-06   0.63253
FLUX  968  3310.00        9.057175E+13   8.6445E-07   1.3457E-06   0.64238
FLUX  969  3330.00        9.002778E+13   8.6716E-07   1.3336E-06   0.65025
FLUX  970  3350.00        8.949030E+13   8.6562E-07   1.3216E-06   0.65496
FLUX  971  3370.00        8.895920E+13   8.7314E-07   1.3098E-06   0.66660
FLUX  972  3390.00        8.843436E+13   8.7767E-07   1.2982E-06   0.67607
FLUX  973  3410.00        8.791569E+13   8.7557E-07   1.2867E-06   0.68049
FLUX  974  3430.00        8.740306E+13   8.9185E-07   1.2753E-06   0.69932
FLUX  975  3450.00        8.689638E+13   8.7786E-07   1.2641E-06   0.69446
FLUX  976  3470.00        8.639553E+13   9.0035E-07   1.2530E-06   0.71855
FLUX  977  3490.00        8.590043E+13   8.8620E-07   1.2421E-06   0.71349
FLUX  978  3510.00        8.541097E+13   8.9966E-07   1.2313E-06   0.73069
FLUX  979  3530.00        8.492705E+13   8.9252E-07   1.2206E-06   0.73123
FLUX  980  3550.00        8.444859E+13   9.0290E-07   1.2100E-06   0.74618
FLUX  981  3570.00        8.397549E+13   8.9945E-07   1.1996E-06   0.74979
FLUX  982  3590.00        8.350766E+13   9.0490E-07   1.1893E-06   0.76087
FLUX  983  3610.00        8.304501E+13   9.0817E-07   1.1791E-06   0.77020
FLUX  984  3630.00        8.258746E+13   9.0624E-07   1.1691E-06   0.77517
FLUX  985  3650.00        8.213493E+13   9.0626E-07   1.1592E-06   0.78183
FLUX  986  3670.00        8.168733E+13   9.0750E-07   1.1493E-06   0.78959
FLUX  987  3690.00        8.124458E+13   9.1019E-07   1.1396E-06   0.79866
FLUX  988  3710.00        8.080660E+13   9.1130E-07   1.1301E-06   0.80641
FLUX  989  3730.00        8.037332E+13   9.1201E-07   1.1206E-06   0.81385
FLUX  990  3750.00        7.994467E+13   9.2033E-07   1.1113E-06   0.82819
FLUX  991  3770.00        7.952056E+13   9.1029E-07   1.1020E-06   0.82601
FLUX  992  3790.00        7.910092E+13   9.2344E-07   1.0929E-06   0.84495
FLUX  993  3810.00        7.868569E+13   9.1583E-07   1.0839E-06   0.84495
FLUX  994  3830.00        7.827480E+13   9.0568E-07   1.0750E-06   0.84252
FLUX  995  3850.00        7.786818E+13   9.1284E-07   1.0662E-06   0.85620
FLUX  996  3870.00        7.746576E+13   9.1084E-07   1.0574E-06   0.86136
FLUX  997  3890.00        7.706748E+13   8.9961E-07   1.0488E-06   0.85771
FLUX  998  3910.00        7.667327E+13   8.9740E-07   1.0403E-06   0.86261
FLUX  999  3930.00        7.628308E+13   8.9417E-07   1.0319E-06   0.86651
FLUX 1000  3950.00        7.589683E+13   8.8495E-07   1.0236E-06   0.86455
FLUX 1001  3970.00        7.551448E+13   8.7230E-07   1.0154E-06   0.85908
FLUX 1002  3990.00        7.513596E+13   8.4722E-07   1.0073E-06   0.84111
FLUX 1003  4010.00        7.476122E+13   8.4909E-07   9.9924E-07   0.84974
FLUX 1004  4030.00        7.439020E+13   8.4004E-07   9.9130E-07   0.84742
FLUX 1005  4050.00        7.402284E+13   8.1426E-07   9.8345E-07   0.82796
FLUX 1006  4070.00        7.365909E+13   7.9969E-07   9.7569E-07   0.81962
FLUX 1007  4090.00        7.329890E+13   7.8183E-07   9.6802E-07   0.80765
FLUX 1008  4110.00        7.294221E+13   7.8456E-07   9.6044E-07   0.81687
FLUX 1009  4130.00        7.258898E+13   7.7384E-07   9.5294E-07   0.81205
FLUX 1010  4150.00        7.223916E+13   7.7268E-07   9.4553E-07   0.81719
FLUX 1011  4170.00        7.189269E+13   7.5177E-07   9.3820E-07   0.80129
FLUX 1012  4190.00        7.154952E+13   7.5458E-07   9.3095E-07   0.81054
FLUX 1013  4210.00        7.120962E+13   7.4273E-07   9.2378E-07   0.80401
FLUX 1014  4230.00        7.087293E+13   7.4964E-07   9.1669E-07   0.81777
FLUX 1015  4250.00        7.053941E+13   7.2043E-07   9.0968E-07   0.79196
FLUX 1016  4270.00        7.020902E+13   7.2297E-07   9.0274E-07   0.80086
FLUX 1017  4290.00        6.988170E+13   7.1514E-07   8.9588E-07   0.79826
FLUX 1018  4310.00        6.955742E+13   6.9258E-07   8.8909E-07   0.77897
FLUX 1019  4330.00        6.923614E+13   6.9402E-07   8.8238E-07   0.78654
FLUX 1020  4350.00        6.891782E+13   6.7579E-07   8.7573E-07   0.77169
FLUX 1021  4370.00        6.860240E+13   6.6165E-07   8.6917E-07   0.76125
FLUX 1022  4390.00        6.828986E+13   6.5885E-07   8.6267E-07   0.76373
FLUX 1023  4410.00        6.798016E+13   6.4693E-07   8.5624E-07   0.75555
FLUX 1024  4430.00        6.767325E+13   6.2716E-07   8.4988E-07   0.73794
FLUX 1025  4450.00        6.736910E+13   6.3206E-07   8.4359E-07   0.74925
FLUX 1026  4470.00        6.706767E+13   6.1950E-07   8.3737E-07   0.73982
FLUX 1027  4490.00        6.676893E+13   6.1745E-07   8.3121E-07   0.74283
FLUX 1028  4510.00        6.647284E+13   6.1051E-07   8.2512E-07   0.73990
FLUX 1029  4530.00        6.617936E+13   6.0221E-07   8.1910E-07   0.73521
FLUX 1030  4550.00        6.588846E+13   5.9988E-07   8.1314E-07   0.73773
FLUX 1031  4570.00        6.560011E+13   5.9382E-07   8.0724E-07   0.73562
FLUX 1032  4590.00        6.531427E+13   5.9011E-07   8.0140E-07   0.73635
FLUX 1033  4610.00        6.503091E+13   5.8564E-07   7.9562E-07   0.73607
FLUX 1034  4630.00        6.475000E+13   5.7688E-07   7.8991E-07   0.73031
FLUX 1035  4650.00        6.447150E+13   5.7886E-07   7.8425E-07   0.73810
FLUX 1036  4670.00        6.419540E+13   5.6958E-07   7.7866E-07   0.73149
FLUX 1037  4690.00        6.392164E+13   5.7000E-07   7.7312E-07   0.73728
FLUX 1038  4710.00        6.365021E+13   5.6696E-07   7.6763E-07   0.73858
FLUX 1039  4730.00        6.338108E+13   5.6124E-07   7.6221E-07   0.73634
FLUX 1040  4750.00        6.311421E+13   5.5922E-07   7.5684E-07   0.73889
FLUX 1041  4770.00        6.284958E+13   5.4404E-07   7.5152E-07   0.72392
FLUX 1042  4790.00        6.258716E+13   5.4731E-07   7.4626E-07   0.73341
FLUX 1043  4810.00        6.232692E+13   5.3515E-07   7.4105E-07   0.72216
FLUX 1044  4830.00        6.206884E+13   5.4213E-07   7.3589E-07   0.73670
FLUX 1045  4850.00        6.181289E+13   5.2937E-07   7.3079E-07   0.72438
FLUX 1046  4870.00        6.155903E+13   5.2192E-07   7.2574E-07   0.71916
FLUX 1047  4890.00        6.130726E+13   5.1774E-07   7.2074E-07   0.71836
FLUX 1048  4910.00        6.105753E+13   5.2734E-07   7.1578E-07   0.73673
FLUX 1049  4930.00        6.080984E+13   5.0782E-07   7.1088E-07   0.71436
FLUX 1050  4950.00        6.056414E+13   5.1043E-07   7.0603E-07   0.72296
FLUX 1051  4970.00        6.032042E+13   5.0124E-07   7.0122E-07   0.71482
FLUX 1052  4990.00        6.007866E+13   5.0176E-07   6.9646E-07   0.72044
FLUX 1053  5010.00        5.983882E+13   4.9210E-07   6.9175E-07   0.71139
FLUX 1054  5030.00        5.960089E+13   4.8468E-07   6.8708E-07   0.70542
FLUX 1055  5050.00        5.936485E+13   4.8437E-07   6.8246E-07   0.70974
FLUX 1056  5070.00        5.913067E+13   4.8074E-07   6.7788E-07   0.70918
FLUX 1057  5090.00        5.889833E+13   4.7447E-07   6.7335E-07   0.70464
FLUX 1058  5110.00        5.866781E+13   4.7523E-07   6.6887E-07   0.71050
FLUX 1059  5130.00        5.843908E+13   4.6667E-07   6.6442E-07   0.70238
FLUX 1060  5150.00        5.821214E+13   4.6892E-07   6.6002E-07   0.71047
FLUX 1061  5170.00        5.798694E+13   4.5553E-07   6.5566E-07   0.69477
FLUX 1062  5190.00        5.776349E+13   4.5765E-07   6.5134E-07   0.70263
FLUX 1063  5210.00        5.754175E+13   4.5892E-07   6.4707E-07   0.70923
FLUX 1064  5230.00        5.732170E+13   4.5102E-07   6.4283E-07   0.70161
FLUX 1065  5250.00        5.710333E+13   4.4448E-07   6.3864E-07   0.69598
FLUX 1066  5270.00        5.688662E+13   4.4643E-07   6.3448E-07   0.70362
FLUX 1067  5290.00        5.667155E+13   4.3762E-07   6.3037E-07   0.69424
FLUX 1068  5310.00        5.645810E+13   4.4548E-07   6.2629E-07   0.71130
FLUX 1069  5330.00        5.624625E+13   4.3691E-07   6.2225E-07   0.70214
FLUX 1070  5350.00        5.603598E+13   4.3113E-07   6.1825E-07   0.69733
FLUX 1071  5370.00        5.582728E+13   4.2750E-07   6.1429E-07   0.69592
FLUX 1072  5390.00        5.562013E+13   4.3273E-07   6.1036E-07   0.70898
FLUX 1073  5410.00        5.541451E+13   4.2002E-07   6.0647E-07   0.69257
FLUX 1074  5430.00        5.521040E+13   4.1030E-07   6.0262E-07   0.68086
FLUX 1075  5450.00        5.500780E+13   4.2056E-07   5.9880E-07   0.70233
FLUX 1076  5470.00        5.480667E+13   4.1700E-07   5.9502E-07   0.70082
FLUX 1077  5490.00        5.460701E+13   4.1731E-07   5.9127E-07   0.70579
FLUX 1078  5510.00        5.440880E+13   4.1258E-07   5.8756E-07   0.70220
FLUX 1079  5530.00        5.421202E+13   4.0563E-07   5.8388E-07   0.69472
FLUX 1080  5550.00        5.401667E+13   4.0027E-07   5.8024E-07   0.68984
FLUX 1081  5570.00        5.382271E+13   4.0174E-07   5.7662E-07   0.69671
FLUX 1082  5590.00        5.363014E+13   4.0727E-07   5.7305E-07   0.71070
FLUX 1083  5610.00        5.343895E+13   4.0065E-07   5.6950E-07   0.70351
FLUX 1084  5630.00        5.324911E+13   3.9938E-07   5.6599E-07   0.70564
FLUX 1085  5650.00        5.306062E+13   3.9650E-07   5.6250E-07   0.70488
FLUX 1086  5670.00        5.287346E+13   3.9146E-07   5.5905E-07   0.70021
FLUX 1087  5690.00        5.268761E+13   3.8687E-07   5.5564E-07   0.69626
FLUX 1088  5710.00        5.250306E+13   3.9198E-07   5.5225E-07   0.70980
FLUX 1089  5730.00        5.231981E+13   3.7911E-07   5.4889E-07   0.69069
FLUX 1090  5750.00        5.213783E+13   3.9806E-07   5.4556E-07   0.72963
FLUX 1091  5770.00        5.195711E+13   3.8487E-07   5.4226E-07   0.70976
FLUX 1092  5790.00        5.177763E+13   3.7796E-07   5.3899E-07   0.70125
FLUX 1093  5810.00        5.159940E+13   3.8695E-07   5.3575E-07   0.72227
FLUX 1094  5830.00        5.142238E+13   3.7602E-07   5.3253E-07   0.70609
FLUX 1095  5850.00        5.124658E+13   3.7672E-07   5.2935E-07   0.71166
FLUX 1096  5870.00        5.107198E+13   3.7760E-07   5.2619E-07   0.71761
FLUX 1097  5890.00        5.089856E+13   3.7932E-07   5.2306E-07   0.72520
FLUX 1098  5910.00        5.072631E+13   3.7363E-07   5.1996E-07   0.71857
FLUX 1099  5930.00        5.055523E+13   3.7643E-07   5.1688E-07   0.72826
FLUX 1100  5950.00        5.038529E+13   3.7354E-07   5.1384E-07   0.72696
FLUX 1101  5970.00        5.021650E+13   3.6954E-07   5.1081E-07   0.72344
FLUX 1102  5990.00        5.004883E+13   3.7144E-07   5.0782E-07   0.73144
FLUX 1103  6010.00        4.988228E+13   3.7857E-07   5.0485E-07   0.74986
FLUX 1104  6030.00        4.971683E+13   3.6403E-07   5.0190E-07   0.72530
FLUX 1105  6050.00        4.955248E+13   3.5833E-07   4.9898E-07   0.71812
FLUX 1106  6070.00        4.938921E+13   3.7239E-07   4.9609E-07   0.75065
FLUX 1107  6090.00        4.922701E+13   3.7168E-07   4.9322E-07   0.75359
FLUX 1108  6110.00        4.906588E+13   3.5862E-07   4.9037E-07   0.73133
FLUX 1109  6130.00        4.890579E+13   3.7760E-07   4.8754E-07   0.77450
FLUX 1110  6150.00        4.874675E+13   3.6199E-07   4.8475E-07   0.74676
FLUX 1111  6170.00        4.858874E+13   3.6351E-07   4.8197E-07   0.75422
FLUX 1112  6190.00        4.843174E+13   3.6236E-07   4.7922E-07   0.75615
FLUX 1113  6210.00        4.827576E+13   3.6238E-07   4.7649E-07   0.76053
FLUX 1114  6230.00        4.812079E+13   3.6561E-07   4.7378E-07   0.77170
FLUX 1115  6250.00        4.796680E+13   3.5583E-07   4.7110E-07   0.75533
FLUX 1116  6270.00        4.781380E+13   3.5232E-07   4.6843E-07   0.75213
FLUX 1117  6290.00        4.766176E+13   3.5670E-07   4.6579E-07   0.76578
FLUX 1118  6310.00        4.751070E+13   3.5171E-07   4.6318E-07   0.75934
FLUX 1119  6330.00        4.736058E+13   3.5250E-07   4.6058E-07   0.76533
FLUX 1120  6350.00        4.721142E+13   3.4121E-07   4.5800E-07   0.74499
FLUX 1121  6370.00        4.706319E+13   3.4854E-07   4.5545E-07   0.76526
FLUX 1122  6390.00        4.691588E+13   3.4102E-07   4.5292E-07   0.75295
FLUX 1123  6420.00        4.669665E+13   3.3165E-07   4.4915E-07   0.73839
FLUX 1124  6460.00        4.640751E+13   3.1403E-07   4.4421E-07   0.70695
FLUX 1125  6500.00        4.612192E+13   3.0539E-07   4.3935E-07   0.69510
FLUX 1126  6540.00        4.583983E+13   2.9835E-07   4.3456E-07   0.68656
FLUX 1127  6580.00        4.556117E+13   2.8660E-07   4.2985E-07   0.66675
FLUX 1128  6620.00        4.528588E+13   2.8208E-07   4.2521E-07   0.66339
FLUX 1129  6660.00        4.501389E+13   2.8128E-07   4.2065E-07   0.66868
FLUX 1130  6700.00        4.474515E+13   2.7653E-07   4.1616E-07   0.66449
FLUX 1131  6740.00        4.447960E+13   2.7720E-07   4.1173E-07   0.67326
FLUX 1132  6780.00        4.421718E+13   2.6928E-07   4.0738E-07   0.66100
FLUX 1133  6820.00        4.395784E+13   2.6693E-07   4.0310E-07   0.66219
FLUX 1134  6860.00        4.370153E+13   2.6961E-07   3.9888E-07   0.67592
FLUX 1135  6900.00        4.344819E+13   2.6461E-07   3.9473E-07   0.67036
FLUX 1136  6940.00        4.319777E+13   2.6151E-07   3.9064E-07   0.66944
FLUX 1137  6980.00        4.295021E+13   2.6554E-07   3.8661E-07   0.68684
FLUX 1138  7020.00        4.270548E+13   2.5819E-07   3.8264E-07   0.67476
FLUX 1139  7060.00        4.246353E+13   2.5648E-07   3.7874E-07   0.67719
FLUX 1140  7100.00        4.222430E+13   2.5332E-07   3.7489E-07   0.67571
FLUX 1141  7140.00        4.198774E+13   2.5282E-07   3.7110E-07   0.68128
FLUX 1142  7180.00        4.175383E+13   2.5428E-07   3.6736E-07   0.69218
FLUX 1143  7220.00        4.152251E+13   2.4695E-07   3.6368E-07   0.67903
FLUX 1144  7260.00        4.129373E+13   2.4637E-07   3.6006E-07   0.68425
FLUX 1145  7300.00        4.106747E+13   2.4633E-07   3.5648E-07   0.69101
FLUX 1146  7340.00        4.084366E+13   2.4280E-07   3.5296E-07   0.68789
FLUX 1147  7380.00        4.062229E+13   2.4304E-07   3.4949E-07   0.69541
FLUX 1148  7420.00        4.040330E+13   2.3782E-07   3.4607E-07   0.68722
FLUX 1149  7460.00        4.018666E+13   2.3951E-07   3.4270E-07   0.69890
FLUX 1150  7500.00        3.997233E+13   2.3594E-07   3.3937E-07   0.69521
FLUX 1151  7540.00        3.976028E+13   2.3484E-07   3.3610E-07   0.69872
FLUX 1152  7580.00        3.955046E+13   2.3004E-07   3.3287E-07   0.69109
FLUX 1153  7620.00        3.934285E+13   2.2657E-07   3.2968E-07   0.68724
FLUX 1154  7660.00        3.913740E+13   2.2584E-07   3.2654E-07   0.69162
FLUX 1155  7700.00        3.893409E+13   2.2641E-07   3.2345E-07   0.70001
FLUX 1156  7740.00        3.873288E+13   2.2032E-07   3.2039E-07   0.68764
FLUX 1157  7780.00        3.853374E+13   2.2184E-07   3.1738E-07   0.69896
FLUX 1158  7820.00        3.833664E+13   2.1874E-07   3.1442E-07   0.69571
FLUX 1159  7860.00        3.814154E+13   2.1683E-07   3.1149E-07   0.69611
FLUX 1160  7900.00        3.794842E+13   2.1134E-07   3.0860E-07   0.68483
FLUX 1161  7940.00        3.775724E+13   2.1375E-07   3.0576E-07   0.69907
FLUX 1162  7980.00        3.756798E+13   2.0788E-07   3.0295E-07   0.68618
FLUX 1163  8020.00        3.738061E+13   2.1023E-07   3.0018E-07   0.70036
FLUX 1164  8060.00        3.719510E+13   2.0548E-07   2.9744E-07   0.69084
FLUX 1165  8100.00        3.701142E+13   2.0265E-07   2.9474E-07   0.68753
FLUX 1166  8140.00        3.682955E+13   2.0305E-07   2.9208E-07   0.69519
FLUX 1167  8180.00        3.664945E+13   2.0204E-07   2.8946E-07   0.69799
FLUX 1168  8220.00        3.647111E+13   1.9810E-07   2.8687E-07   0.69055
FLUX 1169  8260.00        3.629449E+13   1.9947E-07   2.8431E-07   0.70160
FLUX 1170  8300.00        3.611958E+13   1.9616E-07   2.8179E-07   0.69614
FLUX 1171  8340.00        3.594634E+13   1.9285E-07   2.7930E-07   0.69050
FLUX 1172  8380.00        3.577476E+13   1.8994E-07   2.7684E-07   0.68611
FLUX 1173  8420.00        3.560481E+13   1.9398E-07   2.7441E-07   0.70690
FLUX 1174  8460.00        3.543647E+13   1.9084E-07   2.7201E-07   0.70157
FLUX 1175  8500.00        3.526971E+13   1.8793E-07   2.6965E-07   0.69695
FLUX 1176  8540.00        3.510451E+13   1.8861E-07   2.6731E-07   0.70558
FLUX 1177  8580.00        3.494085E+13   1.8647E-07   2.6501E-07   0.70363
FLUX 1178  8620.00        3.477871E+13   1.8623E-07   2.6273E-07   0.70882
FLUX 1179  8660.00        3.461807E+13   1.8473E-07   2.6048E-07   0.70919
FLUX 1180  8700.00        3.445891E+13   1.8594E-07   2.5826E-07   0.71998
FLUX 1181  8740.00        3.430120E+13   1.8003E-07   2.5607E-07   0.70306
FLUX 1182  8780.00        3.414493E+13   1.8081E-07   2.5391E-07   0.71212
FLUX 1183  8820.00        3.399008E+13   1.7953E-07   2.5177E-07   0.71305
FLUX 1184  8860.00        3.383662E+13   1.7884E-07   2.4966E-07   0.71632
FLUX 1185  8900.00        3.368455E+13   1.7873E-07   2.4758E-07   0.72193
FLUX 1186  8940.00        3.353384E+13   1.7728E-07   2.4552E-07   0.72208
FLUX 1187  8980.00        3.338447E+13   1.7525E-07   2.4348E-07   0.71974
FLUX 1188  9020.00        3.323642E+13   1.7639E-07   2.4147E-07   0.73049
FLUX 1189  9060.00        3.308968E+13   1.7456E-07   2.3949E-07   0.72887
FLUX 1190  9100.00        3.294423E+13   1.7397E-07   2.3753E-07   0.73241
FLUX 1191  9140.00        3.280005E+13   1.7272E-07   2.3559E-07   0.73311
FLUX 1192  9180.00        3.265713E+13   1.7180E-07   2.3368E-07   0.73521
FLUX 1193  9220.00        3.251546E+13   1.7060E-07   2.3179E-07   0.73600
FLUX 1194  9260.00        3.237500E+13   1.6767E-07   2.2992E-07   0.72924
FLUX 1195  9300.00        3.223575E+13   1.6880E-07   2.2808E-07   0.74012
FLUX 1196  9340.00        3.209770E+13   1.6766E-07   2.2625E-07   0.74103
FLUX 1197  9380.00        3.196082E+13   1.6614E-07   2.2445E-07   0.74022
FLUX 1198  9420.00        3.182511E+13   1.6409E-07   2.2267E-07   0.73690
FLUX 1199  9460.00        3.169054E+13   1.6339E-07   2.2091E-07   0.73960
FLUX 1200  9500.00        3.155710E+13   1.6238E-07   2.1917E-07   0.74087
FLUX 1201  9540.00        3.142479E+13   1.6456E-07   2.1745E-07   0.75677
FLUX 1202  9580.00        3.129358E+13   1.6012E-07   2.1575E-07   0.74213
FLUX 1203  9620.00        3.116346E+13   1.5833E-07   2.1407E-07   0.73959
FLUX 1204  9660.00        3.103442E+13   1.5766E-07   2.1241E-07   0.74222
FLUX 1205  9700.00        3.090644E+13   1.5683E-07   2.1077E-07   0.74407
FLUX 1206  9740.00        3.077952E+13   1.5705E-07   2.0915E-07   0.75088
FLUX 1207  9780.00        3.065363E+13   1.5602E-07   2.0754E-07   0.75175
FLUX 1208  9820.00        3.052877E+13   1.5488E-07   2.0596E-07   0.75201
FLUX 1209  9860.00        3.040492E+13   1.5406E-07   2.0439E-07   0.75377
FLUX 1210  9900.00        3.028207E+13   1.4798E-07   2.0284E-07   0.72958
FLUX 1211  9940.00        3.016021E+13   1.5112E-07   2.0130E-07   0.75070
FLUX 1212  9980.00        3.003933E+13   1.4931E-07   1.9978E-07   0.74736
FLUX 1213 10020.00        2.991941E+13   1.4829E-07   1.9828E-07   0.74784
FLUX 1214 20000.00        1.498962E+13   4.2579E-08   5.2051E-08   0.81801
FLUX 1215 40000.00        7.494812E+12   1.1343E-08   1.3018E-08   0.87136
FLUX 1216 60000.00        4.996542E+12   5.1365E-09   5.7224E-09   0.89761
FLUX 1217 80000.00        3.747406E+12   2.9110E-09   3.1838E-09   0.91432
FLUX 1218100000.00        2.997925E+12   1.8688E-09   2.0178E-09   0.92615
FLUX 1219120000.00        2.498271E+12   1.2990E-09   1.3892E-09   0.93506
FLUX 1220140000.00        2.141375E+12   9.5415E-10   1.0128E-09   0.94206
FLUX 1221160000.00        1.873703E+12   7.2989E-10   7.7018E-10   0.94769
FLUX
