TEFF   8500.  GRAVITY 2.00000 LTE 
TITLE  [ 0.0] VTURB=0  L/H=1.25 NOVER NEW ODF                                   
FLUX    1     9.09        3.298047E+16   2.5000E-39   2.5000E-39   1.00000
FLUX    2     9.35        3.206337E+16   2.5000E-39   2.5000E-39   1.00000
FLUX    3     9.61        3.119589E+16   2.5000E-39   2.5000E-39   1.00000
FLUX    4     9.77        3.068500E+16   2.5000E-39   2.5000E-39   1.00000
FLUX    5     9.96        3.009965E+16   2.5000E-39   2.5000E-39   1.00000
FLUX    6    10.20        2.939142E+16   2.5000E-39   2.5000E-39   1.00000
FLUX    7    10.38        2.888174E+16   2.5000E-39   2.5000E-39   1.00000
FLUX    8    10.56        2.838944E+16   2.5000E-39   2.5000E-39   1.00000
FLUX    9    10.77        2.783589E+16   2.5000E-39   2.5000E-39   1.00000
FLUX   10    11.04        2.715512E+16   2.5000E-39   2.5000E-39   1.00000
FLUX   11    11.40        2.629759E+16   2.5000E-39   2.5000E-39   1.00000
FLUX   12    11.78        2.544928E+16   2.5000E-39   2.5000E-39   1.00000
FLUX   13    12.13        2.471496E+16   2.5000E-39   2.5000E-39   1.00000
FLUX   14    12.48        2.402184E+16   2.5000E-39   2.5000E-39   1.00000
FLUX   15    12.71        2.358714E+16   2.5000E-39   2.5000E-39   1.00000
FLUX   16    12.84        2.334833E+16   2.5000E-39   2.5000E-39   1.00000
FLUX   17    13.05        2.297260E+16   2.5000E-39   2.5000E-39   1.00000
FLUX   18    13.24        2.264294E+16   2.5000E-39   2.5000E-39   1.00000
FLUX   19    13.39        2.238928E+16   2.5000E-39   2.5000E-39   1.00000
FLUX   20    13.66        2.194674E+16   2.5000E-39   2.5000E-39   1.00000
FLUX   21    13.98        2.144439E+16   2.5000E-39   2.5000E-39   1.00000
FLUX   22    14.33        2.092062E+16   2.5000E-39   2.5000E-39   1.00000
FLUX   23    14.72        2.036634E+16   2.5000E-39   2.5000E-39   1.00000
FLUX   24    15.10        1.985381E+16   2.5000E-39   2.5000E-39   1.00000
FLUX   25    15.52        1.931653E+16   2.5000E-39   2.5000E-39   1.00000
FLUX   26    15.88        1.887862E+16   2.5000E-39   2.5000E-39   1.00000
FLUX   27    16.20        1.850571E+16   2.5000E-39   2.5000E-39   1.00000
FLUX   28    16.60        1.805979E+16   2.5000E-39   2.5000E-39   1.00000
FLUX   29    17.03        1.760379E+16   2.5000E-39   2.5000E-39   1.00000
FLUX   30    17.34        1.728907E+16   2.5000E-39   2.5000E-39   1.00000
FLUX   31    17.68        1.695659E+16   2.5000E-39   2.5000E-39   1.00000
FLUX   32    18.02        1.663665E+16   2.5000E-39   2.5000E-39   1.00000
FLUX   33    18.17        1.649931E+16   2.5000E-39   2.5000E-39   1.00000
FLUX   34    18.61        1.610921E+16   2.5000E-39   2.5000E-39   1.00000
FLUX   35    19.10        1.569594E+16   2.5000E-39   2.5000E-39   1.00000
FLUX   36    19.39        1.546119E+16   2.5000E-39   2.5000E-39   1.00000
FLUX   37    19.84        1.511051E+16   2.5000E-39   2.5000E-39   1.00000
FLUX   38    20.18        1.485592E+16   2.5000E-39   2.5000E-39   1.00000
FLUX   39    20.50        1.462402E+16   2.5000E-39   2.5000E-39   1.00000
FLUX   40    21.05        1.424192E+16   2.5000E-39   2.5000E-39   1.00000
FLUX   41    21.62        1.386644E+16   2.5000E-39   2.5000E-39   1.00000
FLUX   42    21.98        1.363933E+16   2.5000E-39   2.5000E-39   1.00000
FLUX   43    22.30        1.344361E+16   2.5000E-39   2.5000E-39   1.00000
FLUX   44    22.68        1.321836E+16   2.5000E-39   2.5000E-39   1.00000
FLUX   45    23.00        1.303446E+16   2.5000E-39   2.5000E-39   1.00000
FLUX   46    23.40        1.281165E+16   2.5000E-39   2.5000E-39   1.00000
FLUX   47    24.00        1.249135E+16   2.5000E-39   2.5000E-39   1.00000
FLUX   48    24.65        1.216197E+16   2.5000E-39   2.5000E-39   1.00000
FLUX   49    25.24        1.187767E+16   2.5000E-39   2.5000E-39   1.00000
FLUX   50    25.68        1.167416E+16   2.5000E-39   2.5000E-39   1.00000
FLUX   51    26.00        1.153048E+16   2.5000E-39   2.5000E-39   1.00000
FLUX   52    26.40        1.135578E+16   2.5000E-39   2.5000E-39   1.00000
FLUX   53    26.85        1.116546E+16   2.5000E-39   2.5000E-39   1.00000
FLUX   54    27.35        1.096133E+16   2.5000E-39   2.5000E-39   1.00000
FLUX   55    27.85        1.076454E+16   2.5000E-39   2.5000E-39   1.00000
FLUX   56    28.40        1.055607E+16   2.5000E-39   2.5000E-39   1.00000
FLUX   57    29.00        1.033767E+16   2.5000E-39   2.5000E-39   1.00000
FLUX   58    29.60        1.012812E+16   2.5000E-39   2.5000E-39   1.00000
FLUX   59    30.10        9.959883E+15   2.5000E-39   2.5000E-39   1.00000
FLUX   60    30.80        9.733523E+15   2.5000E-39   2.5000E-39   1.00000
FLUX   61    31.80        9.427437E+15   2.5012E-39   2.5012E-39   1.00000
FLUX   62    32.80        9.140015E+15   5.2838E-39   5.2838E-39   0.99999
FLUX   63    33.80        8.869601E+15   6.5446E-38   6.5447E-38   0.99999
FLUX   64    34.80        8.614727E+15   7.0254E-37   7.0254E-37   0.99999
FLUX   65    35.70        8.397549E+15   5.3113E-36   5.3114E-36   0.99999
FLUX   66    36.60        8.191052E+15   3.6441E-35   3.6441E-35   1.00000
FLUX   67    37.50        7.994467E+15   2.2781E-34   2.2782E-34   0.99998
FLUX   68    38.50        7.786818E+15   1.5784E-33   1.5784E-33   0.99999
FLUX   69    39.50        7.589683E+15   9.9223E-33   9.9225E-33   0.99999
FLUX   70    40.50        7.402284E+15   5.6922E-32   5.6922E-32   1.00000
FLUX   71    41.40        7.241364E+15   2.5500E-31   2.5500E-31   1.00000
FLUX   72    42.20        7.104087E+15   9.1645E-31   9.1645E-31   1.00000
FLUX   73    43.00        6.971919E+15   3.1383E-30   3.1385E-30   0.99996
FLUX   74    44.10        6.798016E+15   1.5836E-29   1.5836E-29   1.00000
FLUX   75    45.10        6.647284E+15   6.4376E-29   6.4376E-29   1.00000
FLUX   76    46.00        6.517228E+15   2.1572E-28   2.1572E-28   1.00000
FLUX   77    47.00        6.378564E+15   7.8228E-28   7.8228E-28   0.99999
FLUX   78    48.00        6.245677E+15   2.6871E-27   2.6871E-27   1.00000
FLUX   79    49.00        6.118214E+15   8.7672E-27   8.7672E-27   1.00000
FLUX   80    50.00        5.995850E+15   2.7252E-26   2.7252E-26   1.00000
FLUX   81    50.60        5.924753E+15   5.2775E-26   5.4049E-26   0.97643
FLUX   82    51.20        5.855322E+15   1.0251E-25   1.0257E-25   0.99947
FLUX   83    52.00        5.765240E+15   2.3526E-25   2.3537E-25   0.99954
FLUX   84    53.00        5.656462E+15   6.4125E-25   6.4128E-25   0.99995
FLUX   85    54.00        5.551713E+15   1.6824E-24   1.6830E-24   0.99967
FLUX   86    55.00        5.450773E+15   4.2622E-24   4.2623E-24   0.99997
FLUX   87    56.00        5.353437E+15   1.0434E-23   1.0434E-23   1.00000
FLUX   88    57.00        5.259517E+15   2.4741E-23   2.4741E-23   1.00000
FLUX   89    58.00        5.168836E+15   5.6898E-23   5.6909E-23   0.99981
FLUX   90    59.00        5.081229E+15   1.2715E-22   1.2715E-22   0.99999
FLUX   91    60.00        4.996542E+15   2.7643E-22   2.7643E-22   0.99998
FLUX   92    61.00        4.914631E+15   5.8550E-22   5.8550E-22   1.00000
FLUX   93    62.00        4.835363E+15   1.2095E-21   1.2095E-21   1.00000
FLUX   94    63.00        4.758611E+15   2.4405E-21   2.4405E-21   1.00000
FLUX   95    64.00        4.684258E+15   4.8140E-21   4.8140E-21   0.99999
FLUX   96    65.00        4.612192E+15   9.2934E-21   9.2934E-21   1.00000
FLUX   97    65.80        4.556117E+15   1.5498E-20   1.5498E-20   1.00000
FLUX   98    66.50        4.508158E+15   2.3993E-20   2.3994E-20   0.99999
FLUX   99    67.50        4.441370E+15   4.4074E-20   4.4074E-20   1.00000
FLUX  100    68.50        4.376533E+15   7.9489E-20   7.9489E-20   1.00000
FLUX  101    69.50        4.313561E+15   1.4087E-19   1.4087E-19   1.00000
FLUX  102    70.50        4.252376E+15   2.4548E-19   2.4548E-19   0.99999
FLUX  103    71.60        4.187046E+15   4.4388E-19   4.4388E-19   1.00000
FLUX  104    72.60        4.129373E+15   7.4838E-19   7.4838E-19   1.00000
FLUX  105    73.50        4.078809E+15   1.1825E-18   1.1825E-18   1.00000
FLUX  106    74.50        4.024060E+15   1.9396E-18   1.9397E-18   1.00000
FLUX  107    75.50        3.970762E+15   3.1384E-18   3.1384E-18   1.00000
FLUX  108    76.50        3.918856E+15   5.0121E-18   5.0121E-18   1.00000
FLUX  109    77.50        3.868290E+15   7.9045E-18   7.9045E-18   1.00000
FLUX  110    78.50        3.819013E+15   1.2316E-17   1.2316E-17   1.00000
FLUX  111    79.50        3.770975E+15   1.8968E-17   1.8968E-17   1.00000
FLUX  112    80.50        3.724130E+15   2.8886E-17   2.8886E-17   1.00000
FLUX  113    81.50        3.678436E+15   4.3521E-17   4.3521E-17   1.00000
FLUX  114    82.50        3.633848E+15   6.4893E-17   6.4893E-17   1.00000
FLUX  115    83.50        3.590329E+15   9.5797E-17   9.5797E-17   1.00000
FLUX  116    84.50        3.547840E+15   1.4006E-16   1.4006E-16   1.00000
FLUX  117    85.50        3.506345E+15   2.0288E-16   2.0288E-16   1.00000
FLUX  118    86.50        3.465809E+15   2.9125E-16   2.9125E-16   1.00000
FLUX  119    87.50        3.426200E+15   4.1452E-16   4.1452E-16   1.00000
FLUX  120    88.50        3.387486E+15   5.8504E-16   5.8504E-16   1.00000
FLUX  121    89.50        3.349637E+15   8.1906E-16   8.1906E-16   1.00000
FLUX  122    90.50        3.312624E+15   1.1378E-15   1.1378E-15   1.00000
FLUX  123    91.50        3.276421E+15   4.3837E-14   1.7685E-13   0.24788
FLUX  124    92.50        3.241000E+15   1.7325E-13   2.3228E-13   0.74587
FLUX  125    93.50        3.206337E+15   2.2585E-13   2.9945E-13   0.75422
FLUX  126    94.50        3.172407E+15   3.0313E-13   3.8200E-13   0.79352
FLUX  127    95.50        3.139188E+15   4.2579E-13   4.8478E-13   0.87832
FLUX  128    96.50        3.106658E+15   5.5312E-13   6.0637E-13   0.91218
FLUX  129    97.50        3.074795E+15   6.3508E-13   7.4848E-13   0.84849
FLUX  130    98.50        3.043579E+15   8.5441E-13   9.4816E-13   0.90112
FLUX  131    99.50        3.012990E+15   1.0232E-12   1.1713E-12   0.87358
FLUX  132   100.50        2.983010E+15   1.3392E-12   1.4371E-12   0.93189
FLUX  133   101.50        2.953621E+15   1.6372E-12   1.7386E-12   0.94167
FLUX  134   102.50        2.924805E+15   1.8134E-12   2.1779E-12   0.83265
FLUX  135   103.50        2.896546E+15   2.4603E-12   2.6435E-12   0.93073
FLUX  136   104.50        2.868828E+15   3.0979E-12   3.2208E-12   0.96183
FLUX  137   105.50        2.841635E+15   3.7808E-12   3.9131E-12   0.96619
FLUX  138   106.50        2.814953E+15   4.4769E-12   4.7512E-12   0.94227
FLUX  139   107.50        2.788767E+15   5.5580E-12   5.7631E-12   0.96442
FLUX  140   108.50        2.763064E+15   6.6794E-12   6.9707E-12   0.95822
FLUX  141   109.50        2.737831E+15   7.7785E-12   8.3930E-12   0.92678
FLUX  142   110.50        2.713054E+15   2.2317E-11   7.7651E-11   0.28741
FLUX  143   111.50        2.688722E+15   6.3228E-11   9.8890E-11   0.63938
FLUX  144   112.50        2.664822E+15   8.8207E-11   1.2250E-10   0.72007
FLUX  145   113.50        2.641344E+15   1.1504E-10   1.4910E-10   0.77152
FLUX  146   114.50        2.618275E+15   1.3498E-10   1.7437E-10   0.77411
FLUX  147   115.50        2.595606E+15   1.4590E-10   1.9746E-10   0.73889
FLUX  148   116.50        2.573326E+15   1.7975E-10   2.1492E-10   0.83636
FLUX  149   117.50        2.551426E+15   1.9253E-10   2.2153E-10   0.86912
FLUX  150   118.50        2.529894E+15   2.1067E-10   3.5993E-10   0.58529
FLUX  151   119.50        2.508724E+15   7.3534E-11   4.1182E-10   0.17856
FLUX  152   120.50        2.487905E+15   6.0357E-11   4.6869E-10   0.12878
FLUX  153   121.50        2.467428E+15   1.1845E-11   5.3107E-10   0.02230
FLUX  154   122.50        2.447286E+15   6.7698E-11   6.3767E-10   0.10616
FLUX  155   123.50        2.427470E+15   1.9491E-10   7.1717E-10   0.27177
FLUX  156   124.50        2.407972E+15   4.2039E-10   5.6239E-10   0.74750
FLUX  157   125.50        2.388785E+15   8.9339E-10   2.5481E-09   0.35061
FLUX  158   126.50        2.369901E+15   1.1232E-09   1.0996E-08   0.10214
FLUX  159   127.50        2.351314E+15   5.0424E-09   2.3671E-08   0.21302
FLUX  160   128.50        2.333016E+15   1.5530E-08   4.6008E-08   0.33755
FLUX  161   129.50        2.315000E+15   2.0986E-08   7.0839E-08   0.29624
FLUX  162   130.50        2.297261E+15   6.2209E-09   1.0158E-07   0.06124
FLUX  163   131.50        2.279791E+15   3.8579E-08   1.3030E-07   0.29607
FLUX  164   132.50        2.262585E+15   6.2968E-08   1.5954E-07   0.39469
FLUX  165   133.50        2.245637E+15   4.9145E-08   1.8604E-07   0.26416
FLUX  166   134.50        2.228940E+15   1.0332E-07   2.1050E-07   0.49084
FLUX  167   135.50        2.212491E+15   1.0846E-07   2.3335E-07   0.46479
FLUX  168   136.50        2.196282E+15   1.0656E-07   2.5649E-07   0.41545
FLUX  169   137.50        2.180309E+15   1.2205E-07   2.7714E-07   0.44040
FLUX  170   138.50        2.164567E+15   1.2408E-07   2.9610E-07   0.41905
FLUX  171   139.50        2.149050E+15   1.3813E-07   3.1262E-07   0.44183
FLUX  172   140.50        2.133754E+15   1.6303E-07   3.2800E-07   0.49705
FLUX  173   141.50        2.118675E+15   1.6381E-07   3.4116E-07   0.48017
FLUX  174   142.50        2.103807E+15   2.0394E-07   3.6414E-07   0.56004
FLUX  175   143.50        2.089146E+15   1.8703E-07   3.7513E-07   0.49856
FLUX  176   144.20        2.079005E+15   2.2204E-07   3.8259E-07   0.58035
FLUX  177   144.70        2.071821E+15   2.5518E-07   5.7290E-07   0.44542
FLUX  178   145.50        2.060430E+15   3.0219E-07   5.8329E-07   0.51808
FLUX  179   146.50        2.046365E+15   3.0493E-07   5.9555E-07   0.51201
FLUX  180   147.50        2.032492E+15   3.1667E-07   6.0609E-07   0.52248
FLUX  181   148.50        2.018805E+15   3.6098E-07   6.1503E-07   0.58693
FLUX  182   149.50        2.005301E+15   4.0026E-07   6.2305E-07   0.64243
FLUX  183   150.50        1.991977E+15   4.2669E-07   6.2927E-07   0.67808
FLUX  184   151.20        1.982755E+15   3.7310E-07   6.3327E-07   0.58917
FLUX  185   151.70        1.976220E+15   4.2502E-07   9.0837E-07   0.46789
FLUX  186   152.50        1.965852E+15   4.5049E-07   2.0207E-06   0.22294
FLUX  187   153.50        1.953046E+15   7.2534E-07   2.6264E-06   0.27617
FLUX  188   154.50        1.940405E+15   1.3581E-06   2.6679E-06   0.50906
FLUX  189   155.50        1.927926E+15   1.1780E-06   2.7059E-06   0.43534
FLUX  190   156.50        1.915607E+15   9.6068E-07   2.7431E-06   0.35022
FLUX  191   157.50        1.903444E+15   1.3303E-06   2.8033E-06   0.47455
FLUX  192   158.50        1.891435E+15   1.5422E-06   2.8362E-06   0.54376
FLUX  193   159.50        1.879577E+15   1.8375E-06   2.8682E-06   0.64065
FLUX  194   160.50        1.867866E+15   1.6276E-06   2.8982E-06   0.56158
FLUX  195   161.50        1.856300E+15   1.5373E-06   2.9268E-06   0.52527
FLUX  196   162.50        1.844877E+15   1.3446E-06   2.9646E-06   0.45357
FLUX  197   163.50        1.833593E+15   1.4652E-06   2.9913E-06   0.48982
FLUX  198   164.50        1.822447E+15   1.6788E-06   3.0171E-06   0.55644
FLUX  199   165.50        1.811435E+15   1.1970E-06   3.0423E-06   0.39345
FLUX  200   166.50        1.800556E+15   1.6336E-06   3.0661E-06   0.53281
FLUX  201   167.20        1.793017E+15   5.9846E-07   3.0824E-06   0.19416
FLUX  202   167.70        1.787671E+15   1.7129E-06   3.3257E-06   0.51506
FLUX  203   168.50        1.779184E+15   2.0668E-06   3.4687E-06   0.59585
FLUX  204   169.50        1.768687E+15   1.9878E-06   3.4909E-06   0.56942
FLUX  205   170.50        1.758314E+15   1.7813E-06   3.5127E-06   0.50710
FLUX  206   171.50        1.748061E+15   1.9442E-06   3.5449E-06   0.54845
FLUX  207   172.50        1.737928E+15   1.9802E-06   3.5661E-06   0.55527
FLUX  208   173.50        1.727911E+15   2.2942E-06   3.5862E-06   0.63971
FLUX  209   174.50        1.718009E+15   2.1596E-06   3.6067E-06   0.59879
FLUX  210   175.50        1.708219E+15   2.5769E-06   3.6263E-06   0.71062
FLUX  211   176.50        1.698541E+15   2.0961E-06   3.6452E-06   0.57503
FLUX  212   177.50        1.688972E+15   2.5237E-06   3.6640E-06   0.68877
FLUX  213   178.50        1.679510E+15   2.3194E-06   3.6827E-06   0.62981
FLUX  214   179.50        1.670153E+15   2.9042E-06   3.7009E-06   0.78473
FLUX  215   180.50        1.660900E+15   2.7030E-06   3.7189E-06   0.72681
FLUX  216   181.50        1.651749E+15   2.8146E-06   3.7368E-06   0.75323
FLUX  217   182.50        1.642699E+15   2.6314E-06   3.7547E-06   0.70083
FLUX  218   183.50        1.633747E+15   2.5374E-06   3.7729E-06   0.67252
FLUX  219   184.50        1.624892E+15   2.3741E-06   3.7912E-06   0.62623
FLUX  220   185.50        1.616132E+15   2.5627E-06   3.8096E-06   0.67269
FLUX  221   186.50        1.607466E+15   2.6928E-06   3.8276E-06   0.70353
FLUX  222   187.50        1.598893E+15   2.7407E-06   3.8479E-06   0.71226
FLUX  223   188.50        1.590411E+15   2.7512E-06   3.8658E-06   0.71169
FLUX  224   189.50        1.582018E+15   2.9018E-06   3.8837E-06   0.74718
FLUX  225   190.50        1.573714E+15   2.7542E-06   3.9015E-06   0.70593
FLUX  226   191.50        1.565496E+15   2.9139E-06   3.9213E-06   0.74310
FLUX  227   192.50        1.557364E+15   3.0311E-06   3.9391E-06   0.76949
FLUX  228   193.50        1.549315E+15   2.7249E-06   3.9571E-06   0.68861
FLUX  229   194.50        1.541350E+15   3.1381E-06   3.9750E-06   0.78945
FLUX  230   195.50        1.533465E+15   3.1736E-06   3.9929E-06   0.79480
FLUX  231   196.70        1.524110E+15   3.3895E-06   4.0147E-06   0.84428
FLUX  232   197.60        1.517168E+15   3.3621E-06   4.0369E-06   0.83285
FLUX  233   198.40        1.511051E+15   3.3001E-06   4.0521E-06   0.81443
FLUX  234   199.50        1.502719E+15   3.2322E-06   4.0753E-06   0.79312
FLUX  235   200.50        1.495224E+15   3.1559E-06   4.0940E-06   0.77087
FLUX  236   201.50        1.487804E+15   2.9913E-06   4.1129E-06   0.72730
FLUX  237   202.50        1.480457E+15   3.0128E-06   4.1320E-06   0.72913
FLUX  238   203.50        1.473182E+15   3.2335E-06   4.1511E-06   0.77896
FLUX  239   204.50        1.465978E+15   3.4595E-06   4.1704E-06   0.82954
FLUX  240   205.50        1.458844E+15   3.1847E-06   4.1899E-06   0.76007
FLUX  241   206.50        1.451780E+15   3.1577E-06   4.2097E-06   0.75010
FLUX  242   207.40        1.445480E+15   3.6189E-06   4.2276E-06   0.85602
FLUX  243   207.80        1.442697E+15   3.7216E-06   4.2799E-06   0.86956
FLUX  244   208.50        1.437854E+15   3.6375E-06   4.2946E-06   0.84701
FLUX  245   209.50        1.430990E+15   3.5333E-06   4.3156E-06   0.81874
FLUX  246   210.50        1.424192E+15   3.4055E-06   4.3368E-06   0.78525
FLUX  247   211.50        1.417459E+15   3.4394E-06   4.3583E-06   0.78914
FLUX  248   212.50        1.410788E+15   3.5491E-06   4.3800E-06   0.81030
FLUX  249   213.50        1.404180E+15   2.9592E-06   4.4019E-06   0.67225
FLUX  250   214.50        1.397634E+15   3.4011E-06   4.4240E-06   0.76879
FLUX  251   215.50        1.391148E+15   3.5234E-06   4.4463E-06   0.79244
FLUX  252   216.50        1.384723E+15   3.2884E-06   4.4689E-06   0.73584
FLUX  253   217.50        1.378356E+15   3.3126E-06   4.4917E-06   0.73751
FLUX  254   218.50        1.372048E+15   3.3917E-06   4.5147E-06   0.75126
FLUX  255   219.50        1.365797E+15   3.6825E-06   4.5380E-06   0.81148
FLUX  256   220.50        1.359603E+15   3.5051E-06   4.5616E-06   0.76840
FLUX  257   221.50        1.353465E+15   3.1794E-06   4.5854E-06   0.69338
FLUX  258   222.50        1.347382E+15   3.1116E-06   4.6097E-06   0.67501
FLUX  259   223.50        1.341353E+15   3.6515E-06   4.6340E-06   0.78798
FLUX  260   224.50        1.335379E+15   3.3641E-06   4.6585E-06   0.72213
FLUX  261   225.50        1.329457E+15   3.1297E-06   4.6849E-06   0.66803
FLUX  262   226.50        1.323587E+15   3.2271E-06   4.7099E-06   0.68517
FLUX  263   227.50        1.317769E+15   3.5092E-06   4.7351E-06   0.74109
FLUX  264   228.50        1.312002E+15   3.6525E-06   4.7605E-06   0.76724
FLUX  265   229.50        1.306285E+15   3.4517E-06   4.7862E-06   0.72118
FLUX  266   230.50        1.300618E+15   3.4951E-06   4.8121E-06   0.72632
FLUX  267   231.50        1.295000E+15   3.3555E-06   4.8382E-06   0.69354
FLUX  268   232.50        1.289430E+15   3.2780E-06   4.8647E-06   0.67385
FLUX  269   233.50        1.283908E+15   2.7511E-06   4.8917E-06   0.56240
FLUX  270   234.50        1.278433E+15   2.3572E-06   4.9186E-06   0.47924
FLUX  271   235.50        1.273004E+15   3.2493E-06   4.9457E-06   0.65699
FLUX  272   236.50        1.267622E+15   2.4183E-06   4.9731E-06   0.48628
FLUX  273   237.50        1.262284E+15   2.9286E-06   5.0007E-06   0.58563
FLUX  274   238.50        1.256992E+15   2.0973E-06   5.0286E-06   0.41708
FLUX  275   239.50        1.251743E+15   2.6685E-06   5.0567E-06   0.52771
FLUX  276   240.50        1.246538E+15   2.5045E-06   5.0850E-06   0.49253
FLUX  277   241.50        1.241377E+15   2.8251E-06   5.1136E-06   0.55246
FLUX  278   242.50        1.236258E+15   3.6066E-06   5.1423E-06   0.70135
FLUX  279   243.50        1.231181E+15   3.4787E-06   5.1714E-06   0.67268
FLUX  280   244.50        1.226145E+15   3.7001E-06   5.2011E-06   0.71140
FLUX  281   245.50        1.221151E+15   3.6950E-06   5.2306E-06   0.70642
FLUX  282   246.50        1.216197E+15   3.6136E-06   5.2603E-06   0.68696
FLUX  283   247.50        1.211283E+15   3.5508E-06   5.2902E-06   0.67121
FLUX  284   248.50        1.206408E+15   3.6809E-06   5.3203E-06   0.69187
FLUX  285   249.50        1.201573E+15   3.5933E-06   5.3506E-06   0.67157
FLUX  286   250.50        1.196776E+15   4.1772E-06   5.3816E-06   0.77619
FLUX  287   251.30        1.192967E+15   3.6298E-06   5.4062E-06   0.67141
FLUX  288   251.80        1.190598E+15   3.8237E-06   5.4384E-06   0.70309
FLUX  289   252.50        1.187297E+15   3.4655E-06   5.4602E-06   0.63469
FLUX  290   253.50        1.182613E+15   3.3925E-06   5.4920E-06   0.61771
FLUX  291   254.50        1.177967E+15   3.4449E-06   5.5240E-06   0.62363
FLUX  292   255.50        1.173356E+15   3.8172E-06   5.5562E-06   0.68702
FLUX  293   256.50        1.168782E+15   3.5829E-06   5.5886E-06   0.64112
FLUX  294   257.50        1.164243E+15   3.9834E-06   5.6211E-06   0.70865
FLUX  295   258.50        1.159739E+15   3.8690E-06   5.6539E-06   0.68430
FLUX  296   259.50        1.155270E+15   3.6049E-06   5.6868E-06   0.63390
FLUX  297   260.50        1.150835E+15   3.3983E-06   5.7200E-06   0.59411
FLUX  298   261.50        1.146434E+15   3.3086E-06   5.7532E-06   0.57508
FLUX  299   262.50        1.142067E+15   3.8419E-06   5.7867E-06   0.66391
FLUX  300   263.50        1.137732E+15   4.0916E-06   5.8205E-06   0.70297
FLUX  301   264.50        1.133431E+15   5.0868E-06   5.8543E-06   0.86889
FLUX  302   265.50        1.129162E+15   5.0966E-06   5.8884E-06   0.86553
FLUX  303   266.50        1.124925E+15   4.5384E-06   5.9225E-06   0.76629
FLUX  304   267.50        1.120720E+15   4.8517E-06   5.9569E-06   0.81447
FLUX  305   268.50        1.116546E+15   4.8036E-06   5.9914E-06   0.80175
FLUX  306   269.50        1.112403E+15   4.7168E-06   6.0260E-06   0.78275
FLUX  307   270.50        1.108290E+15   4.8798E-06   6.0609E-06   0.80512
FLUX  308   271.50        1.104208E+15   4.5439E-06   6.0958E-06   0.74541
FLUX  309   272.50        1.100156E+15   4.6574E-06   6.1309E-06   0.75965
FLUX  310   273.50        1.096133E+15   4.9699E-06   6.1661E-06   0.80600
FLUX  311   274.50        1.092140E+15   3.6977E-06   6.2014E-06   0.59627
FLUX  312   275.50        1.088176E+15   4.0535E-06   6.2369E-06   0.64992
FLUX  313   276.50        1.084240E+15   4.4179E-06   6.2725E-06   0.70433
FLUX  314   277.50        1.080333E+15   5.0208E-06   6.3083E-06   0.79590
FLUX  315   278.50        1.076454E+15   4.7195E-06   6.3441E-06   0.74392
FLUX  316   279.50        1.072603E+15   2.4138E-06   6.3801E-06   0.37833
FLUX  317   280.50        1.068779E+15   3.0165E-06   6.4162E-06   0.47013
FLUX  318   281.50        1.064982E+15   5.1811E-06   6.4525E-06   0.80296
FLUX  319   282.50        1.061212E+15   5.6100E-06   6.4889E-06   0.86455
FLUX  320   283.50        1.057469E+15   5.4013E-06   6.5254E-06   0.82774
FLUX  321   284.50        1.053752E+15   5.2969E-06   6.5620E-06   0.80722
FLUX  322   285.50        1.050061E+15   5.0517E-06   6.5987E-06   0.76557
FLUX  323   286.50        1.046396E+15   5.6140E-06   6.6355E-06   0.84605
FLUX  324   287.50        1.042757E+15   5.4762E-06   6.6724E-06   0.82072
FLUX  325   288.50        1.039142E+15   5.6025E-06   6.7094E-06   0.83502
FLUX  326   289.50        1.035553E+15   5.4070E-06   6.7465E-06   0.80146
FLUX  327   291.00        1.030215E+15   6.1049E-06   6.8024E-06   0.89747
FLUX  328   293.00        1.023183E+15   5.9428E-06   6.8771E-06   0.86413
FLUX  329   295.00        1.016246E+15   5.9887E-06   6.9521E-06   0.86141
FLUX  330   297.00        1.009402E+15   6.2961E-06   7.0274E-06   0.89594
FLUX  331   299.00        1.002650E+15   6.4237E-06   7.1030E-06   0.90436
FLUX  332   301.00        9.959884E+14   6.6562E-06   7.1788E-06   0.92720
FLUX  333   303.00        9.894142E+14   6.6785E-06   7.2549E-06   0.92055
FLUX  334   305.00        9.829262E+14   6.6925E-06   7.3311E-06   0.91289
FLUX  335   307.00        9.765228E+14   6.7671E-06   7.4075E-06   0.91354
FLUX  336   309.00        9.702023E+14   6.9904E-06   7.4841E-06   0.93403
FLUX  337   311.00        9.639630E+14   6.9122E-06   7.5608E-06   0.91421
FLUX  338   313.00        9.578035E+14   6.9535E-06   7.6376E-06   0.91043
FLUX  339   315.00        9.517222E+14   7.2087E-06   7.7146E-06   0.93443
FLUX  340   317.00        9.457177E+14   7.2805E-06   7.7920E-06   0.93436
FLUX  341   319.00        9.397884E+14   7.0760E-06   7.8694E-06   0.89918
FLUX  342   321.00        9.339330E+14   7.3544E-06   7.9468E-06   0.92545
FLUX  343   323.00        9.281501E+14   7.2890E-06   8.0243E-06   0.90837
FLUX  344   325.00        9.224385E+14   7.5310E-06   8.1017E-06   0.92955
FLUX  345   327.00        9.167966E+14   7.6546E-06   8.1791E-06   0.93587
FLUX  346   329.00        9.112234E+14   7.8107E-06   8.2565E-06   0.94601
FLUX  347   331.00        9.057175E+14   7.9731E-06   8.3337E-06   0.95672
FLUX  348   333.00        9.002778E+14   7.9112E-06   8.4109E-06   0.94059
FLUX  349   335.00        8.949030E+14   7.9334E-06   8.4879E-06   0.93467
FLUX  350   337.00        8.895920E+14   7.9812E-06   8.5648E-06   0.93187
FLUX  351   339.00        8.843436E+14   8.1228E-06   8.6416E-06   0.93997
FLUX  352   341.00        8.791569E+14   8.3355E-06   8.7182E-06   0.95610
FLUX  353   343.00        8.740306E+14   8.4641E-06   8.7947E-06   0.96241
FLUX  354   345.00        8.689638E+14   8.5171E-06   8.8710E-06   0.96011
FLUX  355   347.00        8.639553E+14   8.5125E-06   8.9470E-06   0.95144
FLUX  356   349.00        8.590043E+14   8.5597E-06   9.0228E-06   0.94868
FLUX  357   351.00        8.541097E+14   8.7976E-06   9.0984E-06   0.96694
FLUX  358   353.00        8.492705E+14   8.9337E-06   9.1737E-06   0.97383
FLUX  359   355.00        8.444859E+14   9.0912E-06   9.2488E-06   0.98296
FLUX  360   357.00        8.397549E+14   8.9861E-06   9.3236E-06   0.96379
FLUX  361   359.00        8.350766E+14   9.0747E-06   9.3982E-06   0.96558
FLUX  362   361.00        8.304501E+14   9.1773E-06   9.4727E-06   0.96882
FLUX  363   363.00        8.258746E+14   9.3005E-06   9.5465E-06   0.97424
FLUX  364   364.00        8.236058E+14   9.2592E-06   9.5835E-06   0.96616
FLUX  365   365.00        8.213493E+14   9.5333E-06   4.6546E-05   0.20481
FLUX  366   367.00        8.168733E+14   9.4747E-06   4.6415E-05   0.20413
FLUX  367   369.00        8.124458E+14   9.8184E-06   4.6308E-05   0.21202
FLUX  368   371.00        8.080660E+14   1.2509E-05   4.6174E-05   0.27091
FLUX  369   373.00        8.037332E+14   1.6525E-05   4.6040E-05   0.35893
FLUX  370   375.00        7.994467E+14   2.6189E-05   4.5904E-05   0.57053
FLUX  371   377.00        7.952056E+14   2.7260E-05   4.5770E-05   0.59558
FLUX  372   379.00        7.910092E+14   3.2877E-05   4.5633E-05   0.72047
FLUX  373   381.00        7.868569E+14   3.6900E-05   4.5495E-05   0.81108
FLUX  374   383.00        7.827480E+14   2.9677E-05   4.5356E-05   0.65432
FLUX  375   385.00        7.786818E+14   3.9326E-05   4.5217E-05   0.86971
FLUX  376   387.00        7.746576E+14   4.1741E-05   4.5077E-05   0.92599
FLUX  377   389.00        7.706748E+14   2.8346E-05   4.4938E-05   0.63078
FLUX  378   391.00        7.667327E+14   4.1249E-05   4.4797E-05   0.92080
FLUX  379   393.00        7.628308E+14   3.7356E-05   4.4657E-05   0.83652
FLUX  380   395.00        7.589683E+14   4.1728E-05   4.4515E-05   0.93738
FLUX  381   397.00        7.551448E+14   2.6948E-05   4.4374E-05   0.60730
FLUX  382   399.00        7.513596E+14   4.1797E-05   4.4232E-05   0.94494
FLUX  383   401.00        7.476122E+14   4.2353E-05   4.4091E-05   0.96057
FLUX  384   403.00        7.439020E+14   4.2087E-05   4.3949E-05   0.95763
FLUX  385   405.00        7.402284E+14   4.2143E-05   4.3807E-05   0.96200
FLUX  386   407.00        7.365909E+14   4.1690E-05   4.3665E-05   0.95477
FLUX  387   409.00        7.329890E+14   3.8531E-05   4.3523E-05   0.88529
FLUX  388   411.00        7.294221E+14   3.0297E-05   4.3381E-05   0.69839
FLUX  389   413.00        7.258898E+14   4.1175E-05   4.3241E-05   0.95223
FLUX  390   415.00        7.223916E+14   4.1891E-05   4.3100E-05   0.97195
FLUX  391   417.00        7.189269E+14   4.1304E-05   4.2959E-05   0.96146
FLUX  392   419.00        7.154952E+14   4.1296E-05   4.2819E-05   0.96443
FLUX  393   421.00        7.120962E+14   4.1286E-05   4.2678E-05   0.96739
FLUX  394   423.00        7.087293E+14   4.0955E-05   4.2538E-05   0.96279
FLUX  395   425.00        7.053941E+14   4.0862E-05   4.2397E-05   0.96380
FLUX  396   427.00        7.020902E+14   4.0335E-05   4.2257E-05   0.95452
FLUX  397   429.00        6.988170E+14   4.0726E-05   4.2117E-05   0.96697
FLUX  398   431.00        6.955742E+14   3.9552E-05   4.1978E-05   0.94221
FLUX  399   433.00        6.923614E+14   3.5028E-05   4.1838E-05   0.83724
FLUX  400   435.00        6.891782E+14   3.0283E-05   4.1698E-05   0.72624
FLUX  401   437.00        6.860240E+14   4.0091E-05   4.1559E-05   0.96467
FLUX  402   439.00        6.828986E+14   3.9756E-05   4.1420E-05   0.95984
FLUX  403   441.00        6.798016E+14   3.9479E-05   4.1281E-05   0.95635
FLUX  404   443.00        6.767325E+14   3.9623E-05   4.1142E-05   0.96309
FLUX  405   445.00        6.736910E+14   3.9866E-05   4.1004E-05   0.97226
FLUX  406   447.00        6.706767E+14   3.9696E-05   4.0866E-05   0.97138
FLUX  407   449.00        6.676893E+14   3.9430E-05   4.0728E-05   0.96812
FLUX  408   451.00        6.647284E+14   3.9751E-05   4.0591E-05   0.97932
FLUX  409   453.00        6.617936E+14   3.9301E-05   4.0454E-05   0.97149
FLUX  410   455.00        6.588846E+14   3.8683E-05   4.0318E-05   0.95946
FLUX  411   457.00        6.560011E+14   3.9454E-05   4.0182E-05   0.98188
FLUX  412   459.00        6.531427E+14   3.8755E-05   4.0047E-05   0.96774
FLUX  413   461.00        6.503091E+14   3.9529E-05   3.9911E-05   0.99041
FLUX  414   463.00        6.475000E+14   3.8751E-05   3.9777E-05   0.97422
FLUX  415   465.00        6.447150E+14   3.9199E-05   3.9643E-05   0.98881
FLUX  416   467.00        6.419540E+14   3.8954E-05   3.9509E-05   0.98596
FLUX  417   469.00        6.392164E+14   3.8514E-05   3.9376E-05   0.97811
FLUX  418   471.00        6.365021E+14   3.7685E-05   3.9243E-05   0.96030
FLUX  419   473.00        6.338108E+14   3.8666E-05   3.9110E-05   0.98864
FLUX  420   475.00        6.311421E+14   3.8691E-05   3.8978E-05   0.99263
FLUX  421   477.00        6.284958E+14   3.8472E-05   3.8846E-05   0.99036
FLUX  422   479.00        6.258716E+14   3.8373E-05   3.8715E-05   0.99115
FLUX  423   481.00        6.232692E+14   3.8061E-05   3.8585E-05   0.98644
FLUX  424   483.00        6.206884E+14   3.7670E-05   3.8454E-05   0.97959
FLUX  425   485.00        6.181289E+14   3.3196E-05   3.8327E-05   0.86612
FLUX  426   487.00        6.155903E+14   2.6997E-05   3.8198E-05   0.70677
FLUX  427   489.00        6.130726E+14   3.7075E-05   3.8069E-05   0.97389
FLUX  428   491.00        6.105753E+14   3.7418E-05   3.7941E-05   0.98622
FLUX  429   493.00        6.080984E+14   3.7014E-05   3.7813E-05   0.97885
FLUX  430   495.00        6.056414E+14   3.7281E-05   3.7686E-05   0.98926
FLUX  431   497.00        6.032042E+14   3.7388E-05   3.7560E-05   0.99544
FLUX  432   499.00        6.007866E+14   3.6924E-05   3.7434E-05   0.98638
FLUX  433   501.00        5.983882E+14   3.6181E-05   3.7308E-05   0.96979
FLUX  434   503.00        5.960089E+14   3.6524E-05   3.7183E-05   0.98229
FLUX  435   505.00        5.936485E+14   3.6295E-05   3.7058E-05   0.97942
FLUX  436   507.00        5.913067E+14   3.6526E-05   3.6934E-05   0.98896
FLUX  437   509.00        5.889833E+14   3.6409E-05   3.6810E-05   0.98909
FLUX  438   511.00        5.866781E+14   3.6256E-05   3.6687E-05   0.98825
FLUX  439   513.00        5.843908E+14   3.6010E-05   3.6565E-05   0.98483
FLUX  440   515.00        5.821214E+14   3.5703E-05   3.6443E-05   0.97971
FLUX  441   517.00        5.798694E+14   3.5268E-05   3.6321E-05   0.97101
FLUX  442   519.00        5.776349E+14   3.5245E-05   3.6200E-05   0.97362
FLUX  443   521.00        5.754175E+14   3.5370E-05   3.6080E-05   0.98031
FLUX  444   523.00        5.732170E+14   3.5002E-05   3.5960E-05   0.97334
FLUX  445   525.00        5.710333E+14   3.5334E-05   3.5841E-05   0.98586
FLUX  446   527.00        5.688662E+14   3.4575E-05   3.5722E-05   0.96788
FLUX  447   529.00        5.667155E+14   3.5142E-05   3.5604E-05   0.98701
FLUX  448   531.00        5.645810E+14   3.4639E-05   3.5487E-05   0.97609
FLUX  449   533.00        5.624625E+14   3.4493E-05   3.5370E-05   0.97519
FLUX  450   535.00        5.603598E+14   3.4944E-05   3.5254E-05   0.99121
FLUX  451   537.00        5.582728E+14   3.4689E-05   3.5138E-05   0.98721
FLUX  452   539.00        5.562013E+14   3.4545E-05   3.5024E-05   0.98634
FLUX  453   541.00        5.541451E+14   3.4275E-05   3.4909E-05   0.98186
FLUX  454   543.00        5.521040E+14   3.4229E-05   3.4794E-05   0.98376
FLUX  455   545.00        5.500780E+14   3.4384E-05   3.4681E-05   0.99146
FLUX  456   547.00        5.480667E+14   3.4236E-05   3.4567E-05   0.99042
FLUX  457   549.00        5.460701E+14   3.4193E-05   3.4455E-05   0.99241
FLUX  458   551.00        5.440880E+14   3.4008E-05   3.4342E-05   0.99026
FLUX  459   553.00        5.421202E+14   3.3850E-05   3.4231E-05   0.98888
FLUX  460   555.00        5.401667E+14   3.3929E-05   3.4120E-05   0.99441
FLUX  461   557.00        5.382271E+14   3.3763E-05   3.4009E-05   0.99277
FLUX  462   559.00        5.363014E+14   3.3703E-05   3.3899E-05   0.99423
FLUX  463   561.00        5.343895E+14   3.3668E-05   3.3789E-05   0.99641
FLUX  464   563.00        5.324911E+14   3.3561E-05   3.3681E-05   0.99643
FLUX  465   565.00        5.306062E+14   3.3335E-05   3.3572E-05   0.99292
FLUX  466   567.00        5.287346E+14   3.3243E-05   3.3464E-05   0.99339
FLUX  467   569.00        5.268761E+14   3.3244E-05   3.3357E-05   0.99664
FLUX  468   571.00        5.250306E+14   3.3158E-05   3.3249E-05   0.99725
FLUX  469   573.00        5.231981E+14   3.3098E-05   3.3143E-05   0.99865
FLUX  470   575.00        5.213783E+14   3.2943E-05   3.3037E-05   0.99716
FLUX  471   577.00        5.195711E+14   3.2863E-05   3.2931E-05   0.99795
FLUX  472   579.00        5.177763E+14   3.2711E-05   3.2826E-05   0.99651
FLUX  473   581.00        5.159940E+14   3.2634E-05   3.2721E-05   0.99734
FLUX  474   583.00        5.142238E+14   3.2523E-05   3.2617E-05   0.99713
FLUX  475   585.00        5.124658E+14   3.2462E-05   3.2513E-05   0.99842
FLUX  476   587.00        5.107198E+14   3.2330E-05   3.2410E-05   0.99752
FLUX  477   589.00        5.089856E+14   3.1953E-05   3.2307E-05   0.98904
FLUX  478   591.00        5.072631E+14   3.2129E-05   3.2205E-05   0.99763
FLUX  479   593.00        5.055523E+14   3.2042E-05   3.2104E-05   0.99809
FLUX  480   595.00        5.038529E+14   3.1859E-05   3.2003E-05   0.99552
FLUX  481   597.00        5.021650E+14   3.1829E-05   3.1902E-05   0.99771
FLUX  482   599.00        5.004883E+14   3.1638E-05   3.1802E-05   0.99485
FLUX  483   601.00        4.988228E+14   3.1566E-05   3.1702E-05   0.99571
FLUX  484   603.00        4.971683E+14   3.1539E-05   3.1603E-05   0.99796
FLUX  485   605.00        4.955248E+14   3.1401E-05   3.1505E-05   0.99672
FLUX  486   607.00        4.938921E+14   3.1349E-05   3.1407E-05   0.99814
FLUX  487   609.00        4.922701E+14   3.1232E-05   3.1310E-05   0.99752
FLUX  488   611.00        4.906588E+14   3.1118E-05   3.1213E-05   0.99697
FLUX  489   613.00        4.890579E+14   3.0981E-05   3.1116E-05   0.99567
FLUX  490   615.00        4.874675E+14   3.0536E-05   3.1020E-05   0.98440
FLUX  491   617.00        4.858874E+14   3.0796E-05   3.0924E-05   0.99586
FLUX  492   619.00        4.843174E+14   3.0769E-05   3.0829E-05   0.99805
FLUX  493   621.00        4.827576E+14   3.0686E-05   3.0735E-05   0.99842
FLUX  494   623.00        4.812079E+14   3.0533E-05   3.0640E-05   0.99650
FLUX  495   625.00        4.796680E+14   3.0128E-05   3.0546E-05   0.98629
FLUX  496   627.00        4.781380E+14   3.0423E-05   3.0454E-05   0.99896
FLUX  497   629.00        4.766176E+14   3.0323E-05   3.0362E-05   0.99872
FLUX  498   631.00        4.751070E+14   3.0111E-05   3.0269E-05   0.99477
FLUX  499   633.00        4.736058E+14   3.0109E-05   3.0177E-05   0.99775
FLUX  500   635.00        4.721142E+14   2.9774E-05   3.0085E-05   0.98964
FLUX  501   637.00        4.706319E+14   2.9748E-05   2.9994E-05   0.99182
FLUX  502   639.00        4.691588E+14   2.9818E-05   2.9903E-05   0.99716
FLUX  503   641.00        4.676950E+14   2.9651E-05   2.9812E-05   0.99457
FLUX  504   643.00        4.662403E+14   2.9629E-05   2.9722E-05   0.99685
FLUX  505   645.00        4.647946E+14   2.9298E-05   2.9633E-05   0.98869
FLUX  506   647.00        4.633578E+14   2.9496E-05   2.9544E-05   0.99839
FLUX  507   649.00        4.619299E+14   2.9201E-05   2.9455E-05   0.99138
FLUX  508   651.00        4.605107E+14   2.9130E-05   2.9366E-05   0.99197
FLUX  509   653.00        4.591003E+14   2.8896E-05   2.9278E-05   0.98695
FLUX  510   655.00        4.576985E+14   2.6550E-05   2.9191E-05   0.90951
FLUX  511   657.00        4.563052E+14   2.1213E-05   2.9104E-05   0.72885
FLUX  512   659.00        4.549203E+14   2.8275E-05   2.9017E-05   0.97441
FLUX  513   661.00        4.535439E+14   2.8697E-05   2.8931E-05   0.99190
FLUX  514   663.00        4.521757E+14   2.8727E-05   2.8845E-05   0.99593
FLUX  515   665.00        4.508158E+14   2.8707E-05   2.8759E-05   0.99818
FLUX  516   667.00        4.494640E+14   2.8603E-05   2.8674E-05   0.99752
FLUX  517   669.00        4.481203E+14   2.8537E-05   2.8589E-05   0.99820
FLUX  518   671.00        4.467846E+14   2.8471E-05   2.8504E-05   0.99882
FLUX  519   673.00        4.454569E+14   2.8334E-05   2.8420E-05   0.99697
FLUX  520   675.00        4.441370E+14   2.8277E-05   2.8336E-05   0.99791
FLUX  521   677.00        4.428250E+14   2.8233E-05   2.8253E-05   0.99930
FLUX  522   679.00        4.415206E+14   2.8137E-05   2.8170E-05   0.99882
FLUX  523   681.00        4.402239E+14   2.8064E-05   2.8088E-05   0.99918
FLUX  524   683.00        4.389348E+14   2.7940E-05   2.8005E-05   0.99765
FLUX  525   685.00        4.376533E+14   2.7880E-05   2.7923E-05   0.99845
FLUX  526   687.00        4.363792E+14   2.7814E-05   2.7842E-05   0.99899
FLUX  527   689.00        4.351125E+14   2.7740E-05   2.7761E-05   0.99926
FLUX  528   691.00        4.338531E+14   2.7650E-05   2.7680E-05   0.99891
FLUX  529   693.00        4.326010E+14   2.7560E-05   2.7600E-05   0.99856
FLUX  530   695.00        4.313561E+14   2.7492E-05   2.7520E-05   0.99899
FLUX  531   697.00        4.301184E+14   2.7402E-05   2.7440E-05   0.99861
FLUX  532   699.00        4.288877E+14   2.7341E-05   2.7361E-05   0.99927
FLUX  533   701.00        4.276640E+14   2.7159E-05   2.7282E-05   0.99547
FLUX  534   703.00        4.264474E+14   2.7164E-05   2.7204E-05   0.99855
FLUX  535   705.00        4.252376E+14   2.7081E-05   2.7126E-05   0.99835
FLUX  536   707.00        4.240346E+14   2.7024E-05   2.7048E-05   0.99912
FLUX  537   709.00        4.228385E+14   2.6955E-05   2.6970E-05   0.99942
FLUX  538   711.00        4.216491E+14   2.6626E-05   2.6893E-05   0.99008
FLUX  539   713.00        4.204663E+14   2.6739E-05   2.6816E-05   0.99711
FLUX  540   715.00        4.192902E+14   2.6680E-05   2.6740E-05   0.99776
FLUX  541   717.00        4.181206E+14   2.6624E-05   2.6664E-05   0.99850
FLUX  542   719.00        4.169576E+14   2.6530E-05   2.6588E-05   0.99782
FLUX  543   721.00        4.158010E+14   2.6469E-05   2.6512E-05   0.99838
FLUX  544   723.00        4.146508E+14   2.6369E-05   2.6437E-05   0.99741
FLUX  545   725.00        4.135069E+14   2.6281E-05   2.6362E-05   0.99690
FLUX  546   727.00        4.123693E+14   2.6255E-05   2.6288E-05   0.99874
FLUX  547   729.00        4.112380E+14   2.6140E-05   2.6214E-05   0.99720
FLUX  548   731.00        4.101129E+14   2.6042E-05   2.6141E-05   0.99623
FLUX  549   733.00        4.089939E+14   2.6011E-05   2.6067E-05   0.99785
FLUX  550   735.00        4.078809E+14   2.5956E-05   2.5993E-05   0.99856
FLUX  551   737.00        4.067741E+14   2.5907E-05   2.5920E-05   0.99949
FLUX  552   739.00        4.056732E+14   2.5808E-05   2.5848E-05   0.99847
FLUX  553   741.00        4.045783E+14   2.5701E-05   2.5775E-05   0.99713
FLUX  554   743.00        4.034892E+14   2.5554E-05   2.5703E-05   0.99421
FLUX  555   745.00        4.024060E+14   2.5528E-05   2.5631E-05   0.99596
FLUX  556   747.00        4.013286E+14   2.5367E-05   2.5560E-05   0.99247
FLUX  557   749.00        4.002570E+14   2.5372E-05   2.5488E-05   0.99541
FLUX  558   751.00        3.991911E+14   2.5320E-05   2.5418E-05   0.99617
FLUX  559   753.00        3.981308E+14   2.5302E-05   2.5347E-05   0.99822
FLUX  560   755.00        3.970762E+14   2.5265E-05   2.5277E-05   0.99953
FLUX  561   757.00        3.960271E+14   2.5173E-05   2.5207E-05   0.99867
FLUX  562   759.00        3.949835E+14   2.5119E-05   2.5137E-05   0.99930
FLUX  563   761.00        3.939455E+14   2.5059E-05   2.5068E-05   0.99965
FLUX  564   763.00        3.929128E+14   2.4983E-05   2.4998E-05   0.99937
FLUX  565   765.00        3.918856E+14   2.4877E-05   2.4930E-05   0.99789
FLUX  566   767.00        3.908638E+14   2.4804E-05   2.4861E-05   0.99772
FLUX  567   769.00        3.898472E+14   2.4755E-05   2.4793E-05   0.99849
FLUX  568   771.00        3.888359E+14   2.4658E-05   2.4725E-05   0.99731
FLUX  569   773.00        3.878299E+14   2.4638E-05   2.4657E-05   0.99922
FLUX  570   775.00        3.868290E+14   2.4566E-05   2.4590E-05   0.99902
FLUX  571   777.00        3.858333E+14   2.4036E-05   2.4523E-05   0.98017
FLUX  572   779.00        3.848427E+14   2.4443E-05   2.4456E-05   0.99948
FLUX  573   781.00        3.838572E+14   2.4376E-05   2.4389E-05   0.99945
FLUX  574   783.00        3.828768E+14   2.4277E-05   2.4323E-05   0.99810
FLUX  575   785.00        3.819013E+14   2.4162E-05   2.4257E-05   0.99610
FLUX  576   787.00        3.809307E+14   2.4063E-05   2.4191E-05   0.99469
FLUX  577   789.00        3.799651E+14   2.3960E-05   2.4126E-05   0.99312
FLUX  578   791.00        3.790044E+14   2.3979E-05   2.4060E-05   0.99662
FLUX  579   793.00        3.780485E+14   2.3948E-05   2.3995E-05   0.99803
FLUX  580   795.00        3.770975E+14   2.3782E-05   2.3931E-05   0.99377
FLUX  581   797.00        3.761512E+14   2.3855E-05   2.3866E-05   0.99952
FLUX  582   799.00        3.752096E+14   2.3538E-05   2.3802E-05   0.98889
FLUX  583   801.00        3.742728E+14   2.3714E-05   2.3738E-05   0.99898
FLUX  584   803.00        3.733406E+14   2.3636E-05   2.3675E-05   0.99836
FLUX  585   805.00        3.724130E+14   2.3592E-05   2.3611E-05   0.99918
FLUX  586   807.00        3.714901E+14   2.3512E-05   2.3548E-05   0.99846
FLUX  587   809.00        3.705717E+14   2.3456E-05   2.3485E-05   0.99876
FLUX  588   811.00        3.696578E+14   2.3398E-05   2.3423E-05   0.99896
FLUX  589   813.00        3.687485E+14   2.3353E-05   2.3360E-05   0.99967
FLUX  590   815.00        3.678436E+14   2.3290E-05   2.3298E-05   0.99967
FLUX  591   817.00        3.669431E+14   2.3229E-05   2.3236E-05   0.99970
FLUX  592   819.00        3.660470E+14   2.3007E-05   2.3175E-05   0.99277
FLUX  593   821.00        3.651553E+14   2.3009E-05   2.9560E-05   0.77836
FLUX  594   823.00        3.642679E+14   2.2954E-05   2.9466E-05   0.77899
FLUX  595   825.00        3.633848E+14   2.2963E-05   2.9372E-05   0.78180
FLUX  596   827.00        3.625060E+14   2.3065E-05   2.9278E-05   0.78780
FLUX  597   829.00        3.616315E+14   2.2975E-05   2.9185E-05   0.78721
FLUX  598   831.00        3.607611E+14   2.2900E-05   2.9093E-05   0.78714
FLUX  599   833.00        3.598950E+14   2.2641E-05   2.9001E-05   0.78070
FLUX  600   835.00        3.590329E+14   2.2692E-05   2.8909E-05   0.78493
FLUX  601   837.00        3.581750E+14   2.2370E-05   2.8818E-05   0.77626
FLUX  602   839.00        3.573212E+14   2.2319E-05   2.8727E-05   0.77693
FLUX  603   841.00        3.564715E+14   2.2164E-05   2.8636E-05   0.77397
FLUX  604   843.00        3.556257E+14   2.2590E-05   2.8546E-05   0.79135
FLUX  605   845.00        3.547840E+14   2.2343E-05   2.8457E-05   0.78514
FLUX  606   847.00        3.539463E+14   2.1504E-05   2.8368E-05   0.75805
FLUX  607   849.00        3.531125E+14   2.3725E-05   2.8279E-05   0.83895
FLUX  608   851.00        3.522826E+14   2.1223E-05   2.8191E-05   0.75282
FLUX  609   853.00        3.514566E+14   2.4400E-05   2.8103E-05   0.86822
FLUX  610   855.00        3.506345E+14   2.0428E-05   2.8016E-05   0.72915
FLUX  611   857.00        3.498162E+14   2.5145E-05   2.7929E-05   0.90035
FLUX  612   859.00        3.490017E+14   2.3214E-05   2.7842E-05   0.83377
FLUX  613   861.00        3.481911E+14   2.2559E-05   2.7756E-05   0.81276
FLUX  614   863.00        3.473841E+14   2.6127E-05   2.7670E-05   0.94427
FLUX  615   865.00        3.465809E+14   2.5555E-05   2.7584E-05   0.92645
FLUX  616   867.00        3.457814E+14   2.0214E-05   2.7499E-05   0.73509
FLUX  617   869.00        3.449856E+14   2.6081E-05   2.7414E-05   0.95138
FLUX  618   871.00        3.441935E+14   2.6887E-05   2.7330E-05   0.98380
FLUX  619   873.00        3.434049E+14   2.6290E-05   2.7245E-05   0.96492
FLUX  620   875.00        3.426200E+14   2.0388E-05   2.7162E-05   0.75061
FLUX  621   877.00        3.418387E+14   2.5473E-05   2.7079E-05   0.94072
FLUX  622   879.00        3.410609E+14   2.6724E-05   2.6996E-05   0.98992
FLUX  623   881.00        3.402866E+14   2.6645E-05   2.6913E-05   0.99003
FLUX  624   883.00        3.395159E+14   2.6234E-05   2.6831E-05   0.97776
FLUX  625   885.00        3.387486E+14   2.4563E-05   2.6749E-05   0.91826
FLUX  626   887.00        3.379848E+14   2.0387E-05   2.6668E-05   0.76449
FLUX  627   889.00        3.372244E+14   2.5917E-05   2.6587E-05   0.97480
FLUX  628   891.00        3.364674E+14   2.6190E-05   2.6506E-05   0.98808
FLUX  629   893.00        3.357139E+14   2.6136E-05   2.6426E-05   0.98904
FLUX  630   895.00        3.349637E+14   2.6242E-05   2.6346E-05   0.99606
FLUX  631   897.00        3.342168E+14   2.6088E-05   2.6267E-05   0.99321
FLUX  632   899.00        3.334733E+14   2.5643E-05   2.6187E-05   0.97923
FLUX  633   901.00        3.327331E+14   2.0778E-05   2.6109E-05   0.79584
FLUX  634   903.00        3.319961E+14   2.3221E-05   2.6030E-05   0.89208
FLUX  635   905.00        3.312624E+14   2.5592E-05   2.5952E-05   0.98611
FLUX  636   907.00        3.305320E+14   2.5263E-05   2.5874E-05   0.97639
FLUX  637   909.00        3.298047E+14   2.5109E-05   2.5797E-05   0.97334
FLUX  638   911.00        3.290807E+14   2.5451E-05   2.5720E-05   0.98953
FLUX  639   913.00        3.283598E+14   2.5519E-05   2.5643E-05   0.99516
FLUX  640   915.00        3.276421E+14   2.5536E-05   2.5567E-05   0.99878
FLUX  641   917.00        3.269275E+14   2.5353E-05   2.5491E-05   0.99459
FLUX  642   919.00        3.262160E+14   2.5072E-05   2.5415E-05   0.98648
FLUX  643   921.00        3.255076E+14   2.4262E-05   2.5340E-05   0.95744
FLUX  644   923.00        3.248023E+14   1.8943E-05   2.5265E-05   0.74979
FLUX  645   925.00        3.241000E+14   2.3643E-05   2.5190E-05   0.93856
FLUX  646   927.00        3.234008E+14   2.4265E-05   2.5116E-05   0.96614
FLUX  647   929.00        3.227045E+14   2.4922E-05   2.5042E-05   0.99519
FLUX  648   931.00        3.220113E+14   2.4927E-05   2.4968E-05   0.99834
FLUX  649   933.00        3.213210E+14   2.4819E-05   2.4895E-05   0.99695
FLUX  650   935.00        3.206337E+14   2.4791E-05   2.4822E-05   0.99876
FLUX  651   937.00        3.199493E+14   2.4736E-05   2.4749E-05   0.99946
FLUX  652   939.00        3.192678E+14   2.4501E-05   2.4677E-05   0.99289
FLUX  653   941.00        3.185893E+14   2.4116E-05   2.4605E-05   0.98014
FLUX  654   943.00        3.179136E+14   2.4419E-05   2.4533E-05   0.99537
FLUX  655   945.00        3.172407E+14   2.4400E-05   2.4462E-05   0.99750
FLUX  656   947.00        3.165707E+14   2.4327E-05   2.4390E-05   0.99740
FLUX  657   949.00        3.159036E+14   2.4230E-05   2.4320E-05   0.99633
FLUX  658   951.00        3.152392E+14   2.4024E-05   2.4249E-05   0.99071
FLUX  659   953.00        3.145776E+14   2.2978E-05   2.4179E-05   0.95031
FLUX  660   955.00        3.139188E+14   1.8369E-05   2.4109E-05   0.76193
FLUX  661   957.00        3.132628E+14   2.3168E-05   2.4039E-05   0.96376
FLUX  662   959.00        3.126095E+14   2.3794E-05   2.3970E-05   0.99265
FLUX  663   961.00        3.119589E+14   2.3691E-05   2.3901E-05   0.99122
FLUX  664   963.00        3.113110E+14   2.3451E-05   2.3832E-05   0.98399
FLUX  665   965.00        3.106658E+14   2.3704E-05   2.3764E-05   0.99748
FLUX  666   967.00        3.100233E+14   2.3459E-05   2.3696E-05   0.99001
FLUX  667   969.00        3.093834E+14   2.3516E-05   2.3628E-05   0.99524
FLUX  668   971.00        3.087461E+14   2.3553E-05   2.3561E-05   0.99966
FLUX  669   973.00        3.081115E+14   2.3469E-05   2.3493E-05   0.99895
FLUX  670   975.00        3.074795E+14   2.3366E-05   2.3426E-05   0.99743
FLUX  671   977.00        3.068500E+14   2.3349E-05   2.3360E-05   0.99955
FLUX  672   979.00        3.062232E+14   2.3275E-05   2.3294E-05   0.99922
FLUX  673   981.00        3.055989E+14   2.3191E-05   2.3227E-05   0.99843
FLUX  674   983.00        3.049771E+14   2.3089E-05   2.3162E-05   0.99686
FLUX  675   985.00        3.043579E+14   2.2988E-05   2.3096E-05   0.99530
FLUX  676   987.00        3.037411E+14   2.2938E-05   2.3031E-05   0.99598
FLUX  677   989.00        3.031269E+14   2.2802E-05   2.2966E-05   0.99284
FLUX  678   991.00        3.025151E+14   2.2831E-05   2.2901E-05   0.99692
FLUX  679   993.00        3.019058E+14   2.2771E-05   2.2837E-05   0.99711
FLUX  680   995.00        3.012990E+14   2.2703E-05   2.2773E-05   0.99693
FLUX  681   997.00        3.006946E+14   2.2681E-05   2.2709E-05   0.99876
FLUX  682   999.00        3.000926E+14   2.2571E-05   2.2645E-05   0.99672
FLUX  683  1002.50        2.990449E+14   2.1370E-05   2.2535E-05   0.94831
FLUX  684  1007.50        2.975608E+14   2.0456E-05   2.2378E-05   0.91410
FLUX  685  1012.50        2.960914E+14   2.1984E-05   2.2223E-05   0.98924
FLUX  686  1017.50        2.946364E+14   2.2005E-05   2.2069E-05   0.99711
FLUX  687  1022.50        2.931956E+14   2.1901E-05   2.1917E-05   0.99924
FLUX  688  1027.50        2.917689E+14   2.1751E-05   2.1767E-05   0.99929
FLUX  689  1032.50        2.903559E+14   2.1576E-05   2.1618E-05   0.99808
FLUX  690  1037.50        2.889566E+14   2.1437E-05   2.1471E-05   0.99845
FLUX  691  1042.50        2.875707E+14   2.1299E-05   2.1325E-05   0.99877
FLUX  692  1047.50        2.861981E+14   2.1037E-05   2.1181E-05   0.99320
FLUX  693  1052.50        2.848385E+14   2.0922E-05   2.1038E-05   0.99449
FLUX  694  1057.50        2.834917E+14   2.0831E-05   2.0896E-05   0.99686
FLUX  695  1062.50        2.821576E+14   2.0706E-05   2.0756E-05   0.99756
FLUX  696  1067.50        2.808361E+14   2.0318E-05   2.0618E-05   0.98546
FLUX  697  1072.50        2.795268E+14   2.0326E-05   2.0480E-05   0.99247
FLUX  698  1077.50        2.782297E+14   2.0250E-05   2.0345E-05   0.99536
FLUX  699  1082.50        2.769446E+14   2.0129E-05   2.0210E-05   0.99600
FLUX  700  1087.50        2.756713E+14   1.9946E-05   2.0077E-05   0.99349
FLUX  701  1092.50        2.744096E+14   1.7705E-05   1.9945E-05   0.88769
FLUX  702  1097.50        2.731595E+14   1.9229E-05   1.9814E-05   0.97045
FLUX  703  1102.50        2.719206E+14   1.9651E-05   1.9685E-05   0.99827
FLUX  704  1107.50        2.706930E+14   1.9548E-05   1.9557E-05   0.99954
FLUX  705  1112.50        2.694764E+14   1.9406E-05   1.9431E-05   0.99872
FLUX  706  1117.50        2.682707E+14   1.9289E-05   1.9305E-05   0.99919
FLUX  707  1122.50        2.670757E+14   1.9171E-05   1.9181E-05   0.99947
FLUX  708  1127.50        2.658913E+14   1.8807E-05   1.9058E-05   0.98683
FLUX  709  1132.50        2.647174E+14   1.8720E-05   1.8936E-05   0.98861
FLUX  710  1137.50        2.635538E+14   1.8761E-05   1.8815E-05   0.99712
FLUX  711  1142.50        2.624004E+14   1.8613E-05   1.8696E-05   0.99560
FLUX  712  1147.50        2.612571E+14   1.8567E-05   1.8577E-05   0.99947
FLUX  713  1152.50        2.601236E+14   1.8455E-05   1.8460E-05   0.99974
FLUX  714  1157.50        2.590000E+14   1.8329E-05   1.8344E-05   0.99918
FLUX  715  1162.50        2.578860E+14   1.8105E-05   1.8229E-05   0.99320
FLUX  716  1167.50        2.567816E+14   1.7922E-05   1.8115E-05   0.98934
FLUX  717  1172.50        2.556866E+14   1.7993E-05   1.8002E-05   0.99950
FLUX  718  1177.50        2.546008E+14   1.7677E-05   1.7890E-05   0.98810
FLUX  719  1182.50        2.535243E+14   1.7674E-05   1.7779E-05   0.99410
FLUX  720  1187.50        2.524568E+14   1.7517E-05   1.7669E-05   0.99138
FLUX  721  1192.50        2.513983E+14   1.7559E-05   1.7560E-05   0.99993
FLUX  722  1197.50        2.503486E+14   1.7365E-05   1.7453E-05   0.99497
FLUX  723  1202.50        2.493077E+14   1.7320E-05   1.7346E-05   0.99853
FLUX  724  1207.50        2.482754E+14   1.7189E-05   1.7240E-05   0.99703
FLUX  725  1212.50        2.472515E+14   1.7087E-05   1.7135E-05   0.99721
FLUX  726  1217.50        2.462361E+14   1.7013E-05   1.7031E-05   0.99893
FLUX  727  1222.50        2.452290E+14   1.6899E-05   1.6928E-05   0.99829
FLUX  728  1227.50        2.442301E+14   1.6774E-05   1.6826E-05   0.99695
FLUX  729  1232.50        2.432393E+14   1.6686E-05   1.6725E-05   0.99771
FLUX  730  1237.50        2.422566E+14   1.6599E-05   1.6624E-05   0.99850
FLUX  731  1242.50        2.412817E+14   1.6520E-05   1.6525E-05   0.99968
FLUX  732  1247.50        2.403146E+14   1.6373E-05   1.6426E-05   0.99674
FLUX  733  1252.50        2.393553E+14   1.6309E-05   1.6329E-05   0.99880
FLUX  734  1257.50        2.384036E+14   1.6139E-05   1.6232E-05   0.99426
FLUX  735  1262.50        2.374594E+14   1.6080E-05   1.6136E-05   0.99654
FLUX  736  1267.50        2.365227E+14   1.6031E-05   1.6041E-05   0.99937
FLUX  737  1272.50        2.355933E+14   1.5934E-05   1.5947E-05   0.99923
FLUX  738  1277.50        2.346712E+14   1.5688E-05   1.5853E-05   0.98956
FLUX  739  1282.50        2.337563E+14   1.4012E-05   1.5761E-05   0.88902
FLUX  740  1287.50        2.328485E+14   1.5557E-05   1.5669E-05   0.99283
FLUX  741  1292.50        2.319478E+14   1.5562E-05   1.5578E-05   0.99896
FLUX  742  1297.50        2.310539E+14   1.5478E-05   1.5488E-05   0.99936
FLUX  743  1302.50        2.301670E+14   1.5394E-05   1.5398E-05   0.99974
FLUX  744  1307.50        2.292868E+14   1.5308E-05   1.5310E-05   0.99987
FLUX  745  1312.50        2.284133E+14   1.5217E-05   1.5222E-05   0.99968
FLUX  746  1317.50        2.275465E+14   1.5086E-05   1.5135E-05   0.99675
FLUX  747  1322.50        2.266862E+14   1.5045E-05   1.5048E-05   0.99977
FLUX  748  1327.50        2.258324E+14   1.4959E-05   1.4963E-05   0.99974
FLUX  749  1332.50        2.249850E+14   1.4876E-05   1.4878E-05   0.99986
FLUX  750  1337.50        2.241439E+14   1.4791E-05   1.4794E-05   0.99983
FLUX  751  1342.50        2.233091E+14   1.4702E-05   1.4710E-05   0.99942
FLUX  752  1347.50        2.224805E+14   1.4618E-05   1.4627E-05   0.99935
FLUX  753  1352.50        2.216580E+14   1.4509E-05   1.4545E-05   0.99753
FLUX  754  1357.50        2.208416E+14   1.4437E-05   1.4464E-05   0.99814
FLUX  755  1362.50        2.200312E+14   1.4369E-05   1.4383E-05   0.99900
FLUX  756  1367.50        2.192267E+14   1.4275E-05   1.4303E-05   0.99804
FLUX  757  1372.50        2.184280E+14   1.4147E-05   1.4224E-05   0.99462
FLUX  758  1377.50        2.176352E+14   1.4126E-05   1.4145E-05   0.99865
FLUX  759  1382.50        2.168481E+14   1.4054E-05   1.4067E-05   0.99909
FLUX  760  1387.50        2.160667E+14   1.3988E-05   1.3989E-05   0.99993
FLUX  761  1392.50        2.152908E+14   1.3890E-05   1.3913E-05   0.99836
FLUX  762  1397.50        2.145206E+14   1.3828E-05   1.3836E-05   0.99938
FLUX  763  1402.50        2.137558E+14   1.3756E-05   1.3761E-05   0.99965
FLUX  764  1407.50        2.129964E+14   1.3684E-05   1.3686E-05   0.99989
FLUX  765  1412.50        2.122425E+14   1.3604E-05   1.3611E-05   0.99945
FLUX  766  1417.50        2.114938E+14   1.3532E-05   1.3538E-05   0.99959
FLUX  767  1422.50        2.107504E+14   1.3458E-05   1.3465E-05   0.99952
FLUX  768  1427.50        2.100123E+14   1.3385E-05   1.3392E-05   0.99952
FLUX  769  1432.50        2.092792E+14   1.3314E-05   1.3320E-05   0.99953
FLUX  770  1437.50        2.085513E+14   1.3247E-05   1.3248E-05   0.99986
FLUX  771  1442.50        2.078284E+14   1.3046E-05   1.3178E-05   0.98998
FLUX  772  1447.50        2.071105E+14   1.3100E-05   1.3107E-05   0.99948
FLUX  773  1452.50        2.063976E+14   1.2968E-05   1.3037E-05   0.99469
FLUX  774  1457.00        2.057601E+14   1.2969E-05   1.2975E-05   0.99953
FLUX  775  1462.00        2.050564E+14   1.2893E-05   1.3824E-05   0.93264
FLUX  776  1467.50        2.042879E+14   1.2851E-05   1.3741E-05   0.93522
FLUX  777  1472.50        2.035942E+14   1.2777E-05   1.3666E-05   0.93501
FLUX  778  1477.50        2.029052E+14   1.2680E-05   1.3591E-05   0.93298
FLUX  779  1482.50        2.022209E+14   1.2642E-05   1.3517E-05   0.93528
FLUX  780  1487.50        2.015412E+14   1.2544E-05   1.3444E-05   0.93309
FLUX  781  1492.50        2.008660E+14   1.2529E-05   1.3371E-05   0.93704
FLUX  782  1497.50        2.001953E+14   1.2444E-05   1.3299E-05   0.93573
FLUX  783  1502.50        1.995291E+14   1.2333E-05   1.3228E-05   0.93240
FLUX  784  1507.50        1.988673E+14   1.2265E-05   1.3157E-05   0.93227
FLUX  785  1512.50        1.982099E+14   1.2204E-05   1.3086E-05   0.93261
FLUX  786  1517.50        1.975568E+14   1.2140E-05   1.3016E-05   0.93271
FLUX  787  1522.50        1.969080E+14   1.2194E-05   1.2947E-05   0.94182
FLUX  788  1527.50        1.962635E+14   1.1927E-05   1.2878E-05   0.92614
FLUX  789  1532.50        1.956232E+14   1.1882E-05   1.2810E-05   0.92757
FLUX  790  1537.50        1.949870E+14   1.2044E-05   1.2742E-05   0.94525
FLUX  791  1542.50        1.943549E+14   1.1620E-05   1.2675E-05   0.91678
FLUX  792  1547.50        1.937270E+14   1.1983E-05   1.2608E-05   0.95041
FLUX  793  1552.50        1.931031E+14   1.1989E-05   1.2542E-05   0.95593
FLUX  794  1557.50        1.924831E+14   1.1322E-05   1.2476E-05   0.90749
FLUX  795  1562.50        1.918672E+14   1.2059E-05   1.2411E-05   0.97163
FLUX  796  1567.50        1.912552E+14   1.1708E-05   1.2346E-05   0.94830
FLUX  797  1572.50        1.906471E+14   1.1211E-05   1.2282E-05   0.91278
FLUX  798  1577.50        1.900428E+14   1.1944E-05   1.2218E-05   0.97752
FLUX  799  1582.50        1.894423E+14   1.1917E-05   1.2155E-05   0.98044
FLUX  800  1587.50        1.888457E+14   1.0763E-05   1.2092E-05   0.89008
FLUX  801  1592.50        1.882527E+14   1.1713E-05   1.2030E-05   0.97366
FLUX  802  1597.50        1.876635E+14   1.1860E-05   1.1968E-05   0.99095
FLUX  803  1605.00        1.867866E+14   1.1668E-05   1.1876E-05   0.98249
FLUX  804  1615.00        1.856300E+14   1.1070E-05   1.1755E-05   0.94173
FLUX  805  1625.00        1.844877E+14   1.1626E-05   1.1636E-05   0.99913
FLUX  806  1635.00        1.833593E+14   1.1329E-05   1.1518E-05   0.98362
FLUX  807  1645.00        1.822447E+14   1.0753E-05   1.1402E-05   0.94306
FLUX  808  1655.00        1.811435E+14   1.1277E-05   1.1287E-05   0.99910
FLUX  809  1665.00        1.800556E+14   1.1168E-05   1.1175E-05   0.99938
FLUX  810  1675.00        1.789806E+14   1.0881E-05   1.1064E-05   0.98346
FLUX  811  1685.00        1.779184E+14   1.0333E-05   1.0954E-05   0.94332
FLUX  812  1695.00        1.768687E+14   1.0836E-05   1.0846E-05   0.99902
FLUX  813  1705.00        1.758314E+14   1.0720E-05   1.0740E-05   0.99809
FLUX  814  1715.00        1.748061E+14   1.0630E-05   1.0636E-05   0.99951
FLUX  815  1725.00        1.737928E+14   1.0489E-05   1.0533E-05   0.99583
FLUX  816  1735.00        1.727911E+14   9.7261E-06   1.0431E-05   0.93242
FLUX  817  1745.00        1.718009E+14   1.0236E-05   1.0331E-05   0.99084
FLUX  818  1755.00        1.708219E+14   1.0197E-05   1.0232E-05   0.99658
FLUX  819  1765.00        1.698541E+14   1.0100E-05   1.0135E-05   0.99649
FLUX  820  1775.00        1.688972E+14   1.0020E-05   1.0039E-05   0.99809
FLUX  821  1785.00        1.679510E+14   9.9211E-06   9.9447E-06   0.99763
FLUX  822  1795.00        1.670153E+14   9.8478E-06   9.8515E-06   0.99963
FLUX  823  1805.00        1.660900E+14   9.7163E-06   9.7596E-06   0.99556
FLUX  824  1815.00        1.651749E+14   9.0893E-06   9.6690E-06   0.94005
FLUX  825  1825.00        1.642699E+14   9.4632E-06   9.5796E-06   0.98784
FLUX  826  1835.00        1.633747E+14   9.4810E-06   9.4915E-06   0.99889
FLUX  827  1845.00        1.624892E+14   9.3987E-06   9.4046E-06   0.99937
FLUX  828  1855.00        1.616132E+14   9.2974E-06   9.3189E-06   0.99769
FLUX  829  1865.00        1.607466E+14   9.2085E-06   9.2344E-06   0.99720
FLUX  830  1875.00        1.598893E+14   8.5550E-06   9.1510E-06   0.93487
FLUX  831  1885.00        1.590411E+14   9.0204E-06   9.0687E-06   0.99467
FLUX  832  1895.00        1.582018E+14   8.9614E-06   8.9876E-06   0.99709
FLUX  833  1905.00        1.573714E+14   8.9061E-06   8.9075E-06   0.99983
FLUX  834  1915.00        1.565496E+14   8.8261E-06   8.8285E-06   0.99972
FLUX  835  1925.00        1.557364E+14   8.7466E-06   8.7506E-06   0.99954
FLUX  836  1935.00        1.549315E+14   8.6504E-06   8.6737E-06   0.99731
FLUX  837  1945.00        1.541350E+14   8.0639E-06   8.5979E-06   0.93790
FLUX  838  1955.00        1.533465E+14   8.5004E-06   8.5230E-06   0.99735
FLUX  839  1965.00        1.525662E+14   8.4469E-06   8.4491E-06   0.99974
FLUX  840  1975.00        1.517937E+14   8.3678E-06   8.3761E-06   0.99901
FLUX  841  1985.00        1.510290E+14   8.3021E-06   8.3041E-06   0.99976
FLUX  842  1995.00        1.502719E+14   8.2311E-06   8.2331E-06   0.99976
FLUX  843  2005.00        1.495224E+14   8.1619E-06   8.1629E-06   0.99987
FLUX  844  2015.00        1.487804E+14   8.0931E-06   8.0937E-06   0.99993
FLUX  845  2025.00        1.480457E+14   8.0234E-06   8.0253E-06   0.99977
FLUX  846  2035.00        1.473182E+14   7.9546E-06   7.9578E-06   0.99960
FLUX  847  2045.00        1.465978E+14   7.8907E-06   7.8911E-06   0.99995
FLUX  848  2055.00        1.458844E+14   7.8246E-06   7.8253E-06   0.99991
FLUX  849  2065.00        1.451780E+14   7.7561E-06   7.7604E-06   0.99945
FLUX  850  2075.00        1.444783E+14   7.6932E-06   7.6962E-06   0.99961
FLUX  851  2085.00        1.437854E+14   7.6311E-06   7.6328E-06   0.99977
FLUX  852  2095.00        1.430990E+14   7.5685E-06   7.5702E-06   0.99978
FLUX  853  2105.00        1.424192E+14   7.5048E-06   7.5084E-06   0.99953
FLUX  854  2115.00        1.417459E+14   7.4334E-06   7.4473E-06   0.99814
FLUX  855  2125.00        1.410788E+14   7.3734E-06   7.3869E-06   0.99817
FLUX  856  2135.00        1.404180E+14   7.3154E-06   7.3273E-06   0.99838
FLUX  857  2145.00        1.397634E+14   7.2658E-06   7.2684E-06   0.99964
FLUX  858  2155.00        1.391148E+14   7.1955E-06   7.2102E-06   0.99796
FLUX  859  2165.00        1.384723E+14   6.7282E-06   7.1527E-06   0.94064
FLUX  860  2175.00        1.378356E+14   7.0623E-06   7.0959E-06   0.99526
FLUX  861  2185.00        1.372048E+14   7.0377E-06   7.0398E-06   0.99970
FLUX  862  2195.00        1.365797E+14   6.9841E-06   6.9843E-06   0.99997
FLUX  863  2205.00        1.359603E+14   6.9258E-06   6.9295E-06   0.99946
FLUX  864  2215.00        1.353465E+14   6.8647E-06   6.8754E-06   0.99844
FLUX  865  2225.00        1.347382E+14   6.8215E-06   6.8219E-06   0.99995
FLUX  866  2235.00        1.341353E+14   6.7684E-06   6.7690E-06   0.99991
FLUX  867  2245.00        1.335379E+14   6.7165E-06   6.7167E-06   0.99997
FLUX  868  2255.00        1.329457E+14   6.6597E-06   6.6650E-06   0.99921
FLUX  869  2265.00        1.323587E+14   6.6130E-06   6.6140E-06   0.99985
FLUX  870  2275.00        1.317769E+14   6.5628E-06   6.5635E-06   0.99990
FLUX  871  2285.00        1.312002E+14   6.5167E-06   6.6773E-06   0.97595
FLUX  872  2295.00        1.306285E+14   6.4666E-06   6.6260E-06   0.97593
FLUX  873  2305.00        1.300618E+14   6.4218E-06   6.5754E-06   0.97664
FLUX  874  2315.00        1.295000E+14   6.3740E-06   6.5253E-06   0.97682
FLUX  875  2325.00        1.289430E+14   6.3284E-06   6.4758E-06   0.97724
FLUX  876  2335.00        1.283908E+14   6.2814E-06   6.4268E-06   0.97738
FLUX  877  2345.00        1.278433E+14   6.2352E-06   6.3784E-06   0.97753
FLUX  878  2355.00        1.273004E+14   6.1889E-06   6.3306E-06   0.97761
FLUX  879  2365.00        1.267622E+14   6.1421E-06   6.2833E-06   0.97752
FLUX  880  2375.00        1.262284E+14   6.0968E-06   6.2365E-06   0.97760
FLUX  881  2385.00        1.256992E+14   6.0502E-06   6.1902E-06   0.97739
FLUX  882  2395.00        1.251743E+14   6.0043E-06   6.1445E-06   0.97718
FLUX  883  2405.00        1.246538E+14   5.9527E-06   6.0992E-06   0.97597
FLUX  884  2415.00        1.241377E+14   5.9001E-06   6.0545E-06   0.97450
FLUX  885  2425.00        1.236258E+14   5.8906E-06   6.0102E-06   0.98010
FLUX  886  2435.00        1.231181E+14   5.8143E-06   5.9664E-06   0.97449
FLUX  887  2445.00        1.226145E+14   5.7605E-06   5.9231E-06   0.97255
FLUX  888  2455.00        1.221151E+14   5.7664E-06   5.8803E-06   0.98063
FLUX  889  2465.00        1.216197E+14   5.6901E-06   5.8380E-06   0.97466
FLUX  890  2475.00        1.211283E+14   5.6526E-06   5.7961E-06   0.97525
FLUX  891  2485.00        1.206408E+14   5.6765E-06   5.7546E-06   0.98643
FLUX  892  2495.00        1.201573E+14   5.4750E-06   5.7136E-06   0.95824
FLUX  893  2505.00        1.196776E+14   5.6071E-06   5.6731E-06   0.98838
FLUX  894  2515.00        1.192018E+14   5.5729E-06   5.6329E-06   0.98934
FLUX  895  2525.00        1.187297E+14   5.3293E-06   5.5932E-06   0.95282
FLUX  896  2535.00        1.182613E+14   5.4931E-06   5.5539E-06   0.98904
FLUX  897  2545.00        1.177967E+14   5.4735E-06   5.5151E-06   0.99247
FLUX  898  2555.00        1.173356E+14   5.4197E-06   5.4766E-06   0.98961
FLUX  899  2565.00        1.168782E+14   5.1465E-06   5.4386E-06   0.94631
FLUX  900  2575.00        1.164243E+14   5.3573E-06   5.4009E-06   0.99194
FLUX  901  2585.00        1.159739E+14   5.3322E-06   5.3636E-06   0.99414
FLUX  902  2595.00        1.155270E+14   5.3029E-06   5.3267E-06   0.99552
FLUX  903  2605.00        1.150835E+14   5.2264E-06   5.2902E-06   0.98794
FLUX  904  2615.00        1.146434E+14   4.9528E-06   5.2541E-06   0.94266
FLUX  905  2625.00        1.142067E+14   4.8715E-06   5.2183E-06   0.93354
FLUX  906  2635.00        1.137732E+14   5.1397E-06   5.1829E-06   0.99167
FLUX  907  2645.00        1.133431E+14   5.1412E-06   5.1479E-06   0.99869
FLUX  908  2655.00        1.129162E+14   5.1103E-06   5.1132E-06   0.99943
FLUX  909  2665.00        1.124925E+14   5.0503E-06   5.0789E-06   0.99437
FLUX  910  2675.00        1.120720E+14   4.7358E-06   5.0449E-06   0.93873
FLUX  911  2685.00        1.116546E+14   4.9871E-06   5.0113E-06   0.99517
FLUX  912  2695.00        1.112403E+14   4.9772E-06   4.9780E-06   0.99985
FLUX  913  2705.00        1.108290E+14   4.9435E-06   4.9450E-06   0.99969
FLUX  914  2715.00        1.104208E+14   4.9121E-06   4.9124E-06   0.99995
FLUX  915  2725.00        1.100156E+14   4.8796E-06   4.8801E-06   0.99991
FLUX  916  2735.00        1.096133E+14   4.8474E-06   4.8481E-06   0.99986
FLUX  917  2745.00        1.092140E+14   4.8091E-06   4.8164E-06   0.99849
FLUX  918  2755.00        1.088176E+14   4.5304E-06   4.7850E-06   0.94679
FLUX  919  2765.00        1.084240E+14   4.6754E-06   4.7540E-06   0.98348
FLUX  920  2775.00        1.080333E+14   4.7212E-06   4.7232E-06   0.99957
FLUX  921  2785.00        1.076454E+14   4.6923E-06   4.6927E-06   0.99992
FLUX  922  2795.00        1.072603E+14   4.6625E-06   4.6625E-06   0.99999
FLUX  923  2805.00        1.068779E+14   4.6325E-06   4.6326E-06   0.99998
FLUX  924  2815.00        1.064982E+14   4.6026E-06   4.6030E-06   0.99990
FLUX  925  2825.00        1.061212E+14   4.5732E-06   4.5737E-06   0.99988
FLUX  926  2835.00        1.057469E+14   4.5446E-06   4.5447E-06   0.99999
FLUX  927  2845.00        1.053752E+14   4.5143E-06   4.5159E-06   0.99963
FLUX  928  2855.00        1.050061E+14   4.4869E-06   4.4874E-06   0.99989
FLUX  929  2865.00        1.046396E+14   4.4180E-06   4.4592E-06   0.99077
FLUX  930  2875.00        1.042757E+14   4.1750E-06   4.4312E-06   0.94218
FLUX  931  2885.00        1.039142E+14   4.3923E-06   4.4035E-06   0.99744
FLUX  932  2895.00        1.035553E+14   4.3717E-06   4.3761E-06   0.99899
FLUX  933  2905.00        1.031988E+14   4.3487E-06   4.3489E-06   0.99994
FLUX  934  2915.00        1.028448E+14   4.3180E-06   4.3220E-06   0.99907
FLUX  935  2925.00        1.024932E+14   4.2946E-06   4.2953E-06   0.99983
FLUX  936  2935.00        1.021440E+14   4.2685E-06   4.2689E-06   0.99991
FLUX  937  2945.00        1.017971E+14   4.2424E-06   4.2427E-06   0.99992
FLUX  938  2955.00        1.014526E+14   4.2167E-06   4.2168E-06   0.99998
FLUX  939  2965.00        1.011105E+14   4.1909E-06   4.1911E-06   0.99997
FLUX  940  2975.00        1.007706E+14   4.1653E-06   4.1656E-06   0.99994
FLUX  941  2985.00        1.004330E+14   4.1403E-06   4.1404E-06   0.99999
FLUX  942  2995.00        1.000977E+14   4.1149E-06   4.1154E-06   0.99990
FLUX  943  3005.00        9.976456E+13   4.0899E-06   4.0906E-06   0.99985
FLUX  944  3015.00        9.943366E+13   4.0651E-06   4.0660E-06   0.99977
FLUX  945  3025.00        9.910496E+13   4.0361E-06   4.0417E-06   0.99862
FLUX  946  3035.00        9.877842E+13   3.8401E-06   4.0176E-06   0.95584
FLUX  947  3045.00        9.845402E+13   3.9058E-06   3.9937E-06   0.97799
FLUX  948  3055.00        9.813175E+13   3.9667E-06   3.9700E-06   0.99917
FLUX  949  3065.00        9.781158E+13   3.9460E-06   3.9465E-06   0.99987
FLUX  950  3075.00        9.749349E+13   3.9226E-06   3.9232E-06   0.99983
FLUX  951  3085.00        9.717747E+13   3.8958E-06   3.9001E-06   0.99890
FLUX  952  3095.00        9.686349E+13   3.8761E-06   3.8773E-06   0.99968
FLUX  953  3105.00        9.655153E+13   3.8531E-06   3.8546E-06   0.99960
FLUX  954  3115.00        9.624157E+13   3.8291E-06   3.8322E-06   0.99919
FLUX  955  3125.00        9.593360E+13   3.8078E-06   3.8099E-06   0.99944
FLUX  956  3135.00        9.562759E+13   3.7861E-06   3.7878E-06   0.99955
FLUX  957  3145.00        9.532353E+13   3.7630E-06   3.7659E-06   0.99920
FLUX  958  3155.00        9.502139E+13   3.7438E-06   3.7443E-06   0.99988
FLUX  959  3165.00        9.472117E+13   3.7225E-06   3.7228E-06   0.99994
FLUX  960  3175.00        9.442283E+13   3.6999E-06   3.7014E-06   0.99958
FLUX  961  3185.00        9.412637E+13   3.6802E-06   3.6803E-06   0.99997
FLUX  962  3195.00        9.383177E+13   3.6589E-06   3.6594E-06   0.99987
FLUX  963  3210.00        9.339330E+13   3.6278E-06   3.6283E-06   0.99987
FLUX  964  3230.00        9.281501E+13   3.5873E-06   3.5874E-06   0.99998
FLUX  965  3250.00        9.224385E+13   3.5472E-06   3.5473E-06   0.99997
FLUX  966  3270.00        9.167966E+13   3.5073E-06   3.5078E-06   0.99986
FLUX  967  3290.00        9.112234E+13   3.3488E-06   3.5058E-06   0.95520
FLUX  968  3310.00        9.057175E+13   3.4016E-06   3.4670E-06   0.98114
FLUX  969  3330.00        9.002778E+13   3.3814E-06   3.4288E-06   0.98617
FLUX  970  3350.00        8.949030E+13   3.3466E-06   3.3913E-06   0.98682
FLUX  971  3370.00        8.895920E+13   3.3079E-06   3.3544E-06   0.98615
FLUX  972  3390.00        8.843436E+13   3.2741E-06   3.3180E-06   0.98675
FLUX  973  3410.00        8.791569E+13   3.2398E-06   3.2823E-06   0.98704
FLUX  974  3430.00        8.740306E+13   3.2068E-06   3.2471E-06   0.98759
FLUX  975  3450.00        8.689638E+13   3.1742E-06   3.2125E-06   0.98805
FLUX  976  3470.00        8.639553E+13   3.1408E-06   3.1785E-06   0.98814
FLUX  977  3490.00        8.590043E+13   3.1078E-06   3.1450E-06   0.98819
FLUX  978  3510.00        8.541097E+13   3.0760E-06   3.1120E-06   0.98842
FLUX  979  3530.00        8.492705E+13   3.0444E-06   3.0795E-06   0.98861
FLUX  980  3550.00        8.444859E+13   3.0108E-06   3.0476E-06   0.98795
FLUX  981  3570.00        8.397549E+13   2.9772E-06   3.0161E-06   0.98710
FLUX  982  3590.00        8.350766E+13   2.9582E-06   2.9851E-06   0.99100
FLUX  983  3610.00        8.304501E+13   2.9136E-06   2.9546E-06   0.98612
FLUX  984  3630.00        8.258746E+13   2.9008E-06   2.9245E-06   0.99190
FLUX  985  3650.00        8.213493E+13   2.8507E-06   2.8949E-06   0.98473
FLUX  986  3670.00        8.168733E+13   2.8457E-06   2.8658E-06   0.99299
FLUX  987  3690.00        8.124458E+13   2.7849E-06   2.8371E-06   0.98161
FLUX  988  3710.00        8.080660E+13   2.7889E-06   2.8088E-06   0.99291
FLUX  989  3730.00        8.037332E+13   2.7263E-06   2.7810E-06   0.98033
FLUX  990  3750.00        7.994467E+13   2.6442E-06   2.7535E-06   0.96030
FLUX  991  3770.00        7.952056E+13   2.7105E-06   2.7265E-06   0.99413
FLUX  992  3790.00        7.910092E+13   2.6872E-06   2.6999E-06   0.99533
FLUX  993  3810.00        7.868569E+13   2.6276E-06   2.6736E-06   0.98280
FLUX  994  3830.00        7.827480E+13   2.6147E-06   2.6477E-06   0.98752
FLUX  995  3850.00        7.786818E+13   2.6130E-06   2.6222E-06   0.99648
FLUX  996  3870.00        7.746576E+13   2.5871E-06   2.5971E-06   0.99615
FLUX  997  3890.00        7.706748E+13   2.5597E-06   2.5723E-06   0.99509
FLUX  998  3910.00        7.667327E+13   2.4763E-06   2.5479E-06   0.97188
FLUX  999  3930.00        7.628308E+13   2.5168E-06   2.5239E-06   0.99721
FLUX 1000  3950.00        7.589683E+13   2.4977E-06   2.5001E-06   0.99903
FLUX 1001  3970.00        7.551448E+13   2.4761E-06   2.4767E-06   0.99975
FLUX 1002  3990.00        7.513596E+13   2.4507E-06   2.4537E-06   0.99879
FLUX 1003  4010.00        7.476122E+13   2.3991E-06   2.4309E-06   0.98690
FLUX 1004  4030.00        7.439020E+13   2.3554E-06   2.4085E-06   0.97796
FLUX 1005  4050.00        7.402284E+13   2.3140E-06   2.3864E-06   0.96965
FLUX 1006  4070.00        7.365909E+13   2.3614E-06   2.3646E-06   0.99866
FLUX 1007  4090.00        7.329890E+13   2.3417E-06   2.3431E-06   0.99944
FLUX 1008  4110.00        7.294221E+13   2.3217E-06   2.3218E-06   0.99993
FLUX 1009  4130.00        7.258898E+13   2.3007E-06   2.3009E-06   0.99991
FLUX 1010  4150.00        7.223916E+13   2.2776E-06   2.2802E-06   0.99884
FLUX 1011  4170.00        7.189269E+13   2.1856E-06   2.2598E-06   0.96713
FLUX 1012  4190.00        7.154952E+13   2.2362E-06   2.2397E-06   0.99845
FLUX 1013  4210.00        7.120962E+13   2.2187E-06   2.2199E-06   0.99947
FLUX 1014  4230.00        7.087293E+13   2.2002E-06   2.2003E-06   0.99998
FLUX 1015  4250.00        7.053941E+13   2.1809E-06   2.1810E-06   0.99997
FLUX 1016  4270.00        7.020902E+13   2.1619E-06   2.1619E-06   0.99999
FLUX 1017  4290.00        6.988170E+13   2.1431E-06   2.1431E-06   0.99999
FLUX 1018  4310.00        6.955742E+13   2.1244E-06   2.1245E-06   0.99997
FLUX 1019  4330.00        6.923614E+13   2.1060E-06   2.1062E-06   0.99994
FLUX 1020  4350.00        6.891782E+13   2.0878E-06   2.0881E-06   0.99990
FLUX 1021  4370.00        6.860240E+13   2.0091E-06   2.0702E-06   0.97051
FLUX 1022  4390.00        6.828986E+13   2.0410E-06   2.0525E-06   0.99437
FLUX 1023  4410.00        6.798016E+13   2.0347E-06   2.0351E-06   0.99980
FLUX 1024  4430.00        6.767325E+13   2.0178E-06   2.0179E-06   0.99991
FLUX 1025  4450.00        6.736910E+13   2.0007E-06   2.0009E-06   0.99988
FLUX 1026  4470.00        6.706767E+13   1.9880E-06   1.9945E-06   0.99676
FLUX 1027  4490.00        6.676893E+13   1.9672E-06   1.9778E-06   0.99464
FLUX 1028  4510.00        6.647284E+13   1.9512E-06   1.9613E-06   0.99483
FLUX 1029  4530.00        6.617936E+13   1.9349E-06   1.9450E-06   0.99477
FLUX 1030  4550.00        6.588846E+13   1.9192E-06   1.9290E-06   0.99493
FLUX 1031  4570.00        6.560011E+13   1.9032E-06   1.9131E-06   0.99485
FLUX 1032  4590.00        6.531427E+13   1.8876E-06   1.8974E-06   0.99480
FLUX 1033  4610.00        6.503091E+13   1.8723E-06   1.8819E-06   0.99488
FLUX 1034  4630.00        6.475000E+13   1.8553E-06   1.8666E-06   0.99392
FLUX 1035  4650.00        6.447150E+13   1.7829E-06   1.8515E-06   0.96295
FLUX 1036  4670.00        6.419540E+13   1.7651E-06   1.8366E-06   0.96105
FLUX 1037  4690.00        6.392164E+13   1.8080E-06   1.8219E-06   0.99241
FLUX 1038  4710.00        6.365021E+13   1.7982E-06   1.8073E-06   0.99497
FLUX 1039  4730.00        6.338108E+13   1.7845E-06   1.7929E-06   0.99532
FLUX 1040  4750.00        6.311421E+13   1.7700E-06   1.7787E-06   0.99514
FLUX 1041  4770.00        6.284958E+13   1.7563E-06   1.7646E-06   0.99529
FLUX 1042  4790.00        6.258716E+13   1.7427E-06   1.7507E-06   0.99542
FLUX 1043  4810.00        6.232692E+13   1.7290E-06   1.7370E-06   0.99542
FLUX 1044  4830.00        6.206884E+13   1.7160E-06   1.7234E-06   0.99570
FLUX 1045  4850.00        6.181289E+13   1.7019E-06   1.7100E-06   0.99523
FLUX 1046  4870.00        6.155903E+13   1.6896E-06   1.6968E-06   0.99579
FLUX 1047  4890.00        6.130726E+13   1.6756E-06   1.6837E-06   0.99522
FLUX 1048  4910.00        6.105753E+13   1.6637E-06   1.6707E-06   0.99582
FLUX 1049  4930.00        6.080984E+13   1.6493E-06   1.6579E-06   0.99482
FLUX 1050  4950.00        6.056414E+13   1.6394E-06   1.6453E-06   0.99644
FLUX 1051  4970.00        6.032042E+13   1.6228E-06   1.6328E-06   0.99390
FLUX 1052  4990.00        6.007866E+13   1.6148E-06   1.6204E-06   0.99652
FLUX 1053  5010.00        5.983882E+13   1.6022E-06   1.6082E-06   0.99629
FLUX 1054  5030.00        5.960089E+13   1.5850E-06   1.5961E-06   0.99303
FLUX 1055  5050.00        5.936485E+13   1.5793E-06   1.5842E-06   0.99694
FLUX 1056  5070.00        5.913067E+13   1.5674E-06   1.5723E-06   0.99684
FLUX 1057  5090.00        5.889833E+13   1.5470E-06   1.5607E-06   0.99126
FLUX 1058  5110.00        5.866781E+13   1.5406E-06   1.5491E-06   0.99451
FLUX 1059  5130.00        5.843908E+13   1.4830E-06   1.5377E-06   0.96446
FLUX 1060  5150.00        5.821214E+13   1.5194E-06   1.5264E-06   0.99543
FLUX 1061  5170.00        5.798694E+13   1.4989E-06   1.5152E-06   0.98923
FLUX 1062  5190.00        5.776349E+13   1.4999E-06   1.5041E-06   0.99716
FLUX 1063  5210.00        5.754175E+13   1.4899E-06   1.4932E-06   0.99778
FLUX 1064  5230.00        5.732170E+13   1.4791E-06   1.4824E-06   0.99781
FLUX 1065  5250.00        5.710333E+13   1.4649E-06   1.4717E-06   0.99539
FLUX 1066  5270.00        5.688662E+13   1.4434E-06   1.4611E-06   0.98793
FLUX 1067  5290.00        5.667155E+13   1.4483E-06   1.4506E-06   0.99842
FLUX 1068  5310.00        5.645810E+13   1.4401E-06   1.4402E-06   0.99990
FLUX 1069  5330.00        5.624625E+13   1.4298E-06   1.4300E-06   0.99990
FLUX 1070  5350.00        5.603598E+13   1.4189E-06   1.4198E-06   0.99936
FLUX 1071  5370.00        5.582728E+13   1.3947E-06   1.4098E-06   0.98926
FLUX 1072  5390.00        5.562013E+13   1.3864E-06   1.3999E-06   0.99035
FLUX 1073  5410.00        5.541451E+13   1.3895E-06   1.3901E-06   0.99959
FLUX 1074  5430.00        5.521040E+13   1.3802E-06   1.3803E-06   0.99988
FLUX 1075  5450.00        5.500780E+13   1.3705E-06   1.3707E-06   0.99988
FLUX 1076  5470.00        5.480667E+13   1.3610E-06   1.3612E-06   0.99986
FLUX 1077  5490.00        5.460701E+13   1.3516E-06   1.3518E-06   0.99990
FLUX 1078  5510.00        5.440880E+13   1.3369E-06   1.3424E-06   0.99590
FLUX 1079  5530.00        5.421202E+13   1.3060E-06   1.3332E-06   0.97957
FLUX 1080  5550.00        5.401667E+13   1.3229E-06   1.3241E-06   0.99909
FLUX 1081  5570.00        5.382271E+13   1.3148E-06   1.3150E-06   0.99981
FLUX 1082  5590.00        5.363014E+13   1.3056E-06   1.3061E-06   0.99962
FLUX 1083  5610.00        5.343895E+13   1.2971E-06   1.2972E-06   0.99986
FLUX 1084  5630.00        5.324911E+13   1.2884E-06   1.2885E-06   0.99993
FLUX 1085  5650.00        5.306062E+13   1.2798E-06   1.2798E-06   0.99997
FLUX 1086  5670.00        5.287346E+13   1.2711E-06   1.2712E-06   0.99990
FLUX 1087  5690.00        5.268761E+13   1.2610E-06   1.2627E-06   0.99861
FLUX 1088  5710.00        5.250306E+13   1.2215E-06   1.2543E-06   0.97384
FLUX 1089  5730.00        5.231981E+13   1.2432E-06   1.2460E-06   0.99777
FLUX 1090  5750.00        5.213783E+13   1.2377E-06   1.2377E-06   0.99998
FLUX 1091  5770.00        5.195711E+13   1.2295E-06   1.2295E-06   0.99998
FLUX 1092  5790.00        5.177763E+13   1.2213E-06   1.2214E-06   0.99991
FLUX 1093  5810.00        5.159940E+13   1.2134E-06   1.2134E-06   0.99998
FLUX 1094  5830.00        5.142238E+13   1.2047E-06   1.2055E-06   0.99929
FLUX 1095  5850.00        5.124658E+13   1.1970E-06   1.2010E-06   0.99667
FLUX 1096  5870.00        5.107198E+13   1.1889E-06   1.1932E-06   0.99644
FLUX 1097  5890.00        5.089856E+13   1.1781E-06   1.1854E-06   0.99386
FLUX 1098  5910.00        5.072631E+13   1.1351E-06   1.1778E-06   0.96374
FLUX 1099  5930.00        5.055523E+13   1.1637E-06   1.1702E-06   0.99443
FLUX 1100  5950.00        5.038529E+13   1.1287E-06   1.1627E-06   0.97078
FLUX 1101  5970.00        5.021650E+13   1.1431E-06   1.1552E-06   0.98948
FLUX 1102  5990.00        5.004883E+13   1.1440E-06   1.1479E-06   0.99662
FLUX 1103  6010.00        4.988228E+13   1.1372E-06   1.1406E-06   0.99709
FLUX 1104  6030.00        4.971683E+13   1.1302E-06   1.1333E-06   0.99726
FLUX 1105  6050.00        4.955248E+13   1.1232E-06   1.1262E-06   0.99733
FLUX 1106  6070.00        4.938921E+13   1.1161E-06   1.1191E-06   0.99737
FLUX 1107  6090.00        4.922701E+13   1.1091E-06   1.1120E-06   0.99739
FLUX 1108  6110.00        4.906588E+13   1.1021E-06   1.1051E-06   0.99733
FLUX 1109  6130.00        4.890579E+13   1.0954E-06   1.0982E-06   0.99750
FLUX 1110  6150.00        4.874675E+13   1.0886E-06   1.0914E-06   0.99750
FLUX 1111  6170.00        4.858874E+13   1.0819E-06   1.0846E-06   0.99754
FLUX 1112  6190.00        4.843174E+13   1.0752E-06   1.0779E-06   0.99753
FLUX 1113  6210.00        4.827576E+13   1.0686E-06   1.0712E-06   0.99754
FLUX 1114  6230.00        4.812079E+13   1.0619E-06   1.0647E-06   0.99741
FLUX 1115  6250.00        4.796680E+13   1.0552E-06   1.0581E-06   0.99724
FLUX 1116  6270.00        4.781380E+13   1.0470E-06   1.0517E-06   0.99557
FLUX 1117  6290.00        4.766176E+13   1.0091E-06   1.0453E-06   0.96543
FLUX 1118  6310.00        4.751070E+13   1.0328E-06   1.0389E-06   0.99413
FLUX 1119  6330.00        4.736058E+13   1.0297E-06   1.0326E-06   0.99720
FLUX 1120  6350.00        4.721142E+13   1.0237E-06   1.0264E-06   0.99738
FLUX 1121  6370.00        4.706319E+13   1.0179E-06   1.0202E-06   0.99770
FLUX 1122  6390.00        4.691588E+13   1.0116E-06   1.0141E-06   0.99753
FLUX 1123  6420.00        4.669665E+13   1.0028E-06   1.0050E-06   0.99776
FLUX 1124  6460.00        4.640751E+13   9.9080E-07   9.9309E-07   0.99769
FLUX 1125  6500.00        4.612192E+13   9.7895E-07   9.8139E-07   0.99751
FLUX 1126  6540.00        4.583983E+13   9.6879E-07   9.6988E-07   0.99887
FLUX 1127  6580.00        4.556117E+13   9.5677E-07   9.5858E-07   0.99811
FLUX 1128  6620.00        4.528588E+13   9.4579E-07   9.4747E-07   0.99822
FLUX 1129  6660.00        4.501389E+13   9.3532E-07   9.3656E-07   0.99868
FLUX 1130  6700.00        4.474515E+13   9.2464E-07   9.2583E-07   0.99872
FLUX 1131  6740.00        4.447960E+13   9.1162E-07   9.1528E-07   0.99601
FLUX 1132  6780.00        4.421718E+13   8.8698E-07   9.0491E-07   0.98018
FLUX 1133  6820.00        4.395784E+13   8.9124E-07   8.9472E-07   0.99611
FLUX 1134  6860.00        4.370153E+13   8.8425E-07   8.8470E-07   0.99950
FLUX 1135  6900.00        4.344819E+13   8.7458E-07   8.7484E-07   0.99970
FLUX 1136  6940.00        4.319777E+13   8.6143E-07   8.6515E-07   0.99570
FLUX 1137  6980.00        4.295021E+13   8.5518E-07   8.5562E-07   0.99948
FLUX 1138  7020.00        4.270548E+13   8.4612E-07   8.4625E-07   0.99985
FLUX 1139  7060.00        4.246353E+13   8.3656E-07   8.3702E-07   0.99945
FLUX 1140  7100.00        4.222430E+13   8.2361E-07   8.2795E-07   0.99475
FLUX 1141  7140.00        4.198774E+13   8.1881E-07   8.1903E-07   0.99974
FLUX 1142  7180.00        4.175383E+13   8.1012E-07   8.1025E-07   0.99984
FLUX 1143  7220.00        4.152251E+13   8.0127E-07   8.0160E-07   0.99958
FLUX 1144  7260.00        4.129373E+13   7.8791E-07   7.9310E-07   0.99346
FLUX 1145  7300.00        4.106747E+13   7.8386E-07   7.8473E-07   0.99890
FLUX 1146  7340.00        4.084366E+13   7.7641E-07   7.7649E-07   0.99990
FLUX 1147  7380.00        4.062229E+13   7.6764E-07   7.6838E-07   0.99904
FLUX 1148  7420.00        4.040330E+13   7.5815E-07   7.6042E-07   0.99701
FLUX 1149  7460.00        4.018666E+13   7.3639E-07   7.5259E-07   0.97847
FLUX 1150  7500.00        3.997233E+13   7.1792E-07   7.4488E-07   0.96382
FLUX 1151  7540.00        3.976028E+13   7.3420E-07   7.3728E-07   0.99582
FLUX 1152  7580.00        3.955046E+13   7.2810E-07   7.2980E-07   0.99768
FLUX 1153  7620.00        3.934285E+13   7.2109E-07   7.2243E-07   0.99814
FLUX 1154  7660.00        3.913740E+13   7.1486E-07   7.1518E-07   0.99956
FLUX 1155  7700.00        3.893409E+13   7.0788E-07   7.0803E-07   0.99979
FLUX 1156  7740.00        3.873288E+13   6.9954E-07   7.0098E-07   0.99794
FLUX 1157  7780.00        3.853374E+13   6.8496E-07   6.9405E-07   0.98691
FLUX 1158  7820.00        3.833664E+13   6.8610E-07   6.8721E-07   0.99839
FLUX 1159  7860.00        3.814154E+13   6.8041E-07   6.8047E-07   0.99990
FLUX 1160  7900.00        3.794842E+13   6.7381E-07   6.7383E-07   0.99997
FLUX 1161  7940.00        3.775724E+13   6.6723E-07   6.6729E-07   0.99991
FLUX 1162  7980.00        3.756798E+13   6.6078E-07   6.6084E-07   0.99990
FLUX 1163  8020.00        3.738061E+13   6.5442E-07   6.5449E-07   0.99990
FLUX 1164  8060.00        3.719510E+13   6.4816E-07   6.4822E-07   0.99990
FLUX 1165  8100.00        3.701142E+13   6.4192E-07   6.4205E-07   0.99980
FLUX 1166  8140.00        3.682955E+13   6.2711E-07   6.3596E-07   0.98608
FLUX 1167  8180.00        3.664945E+13   6.2739E-07   6.2996E-07   0.99592
FLUX 1168  8220.00        3.647111E+13   6.2398E-07   6.2404E-07   0.99990
FLUX 1169  8260.00        3.629449E+13   6.1819E-07   6.1821E-07   0.99997
FLUX 1170  8300.00        3.611958E+13   6.1239E-07   6.1245E-07   0.99990
FLUX 1171  8340.00        3.594634E+13   6.0668E-07   6.0678E-07   0.99983
FLUX 1172  8380.00        3.577476E+13   6.0097E-07   6.0118E-07   0.99965
FLUX 1173  8420.00        3.560481E+13   5.9556E-07   5.9567E-07   0.99983
FLUX 1174  8460.00        3.543647E+13   5.9016E-07   5.9022E-07   0.99990
FLUX 1175  8500.00        3.526971E+13   5.8473E-07   5.8485E-07   0.99979
FLUX 1176  8540.00        3.510451E+13   5.7951E-07   5.7956E-07   0.99992
FLUX 1177  8580.00        3.494085E+13   5.7382E-07   5.7433E-07   0.99911
FLUX 1178  8620.00        3.477871E+13   5.6879E-07   5.6918E-07   0.99932
FLUX 1179  8660.00        3.461807E+13   5.5349E-07   5.6409E-07   0.98121
FLUX 1180  8700.00        3.445891E+13   5.5767E-07   5.5907E-07   0.99750
FLUX 1181  8740.00        3.430120E+13   5.4755E-07   5.5412E-07   0.98815
FLUX 1182  8780.00        3.414493E+13   5.4314E-07   5.4923E-07   0.98892
FLUX 1183  8820.00        3.399008E+13   5.4436E-07   5.4441E-07   0.99991
FLUX 1184  8860.00        3.383662E+13   5.3873E-07   5.3965E-07   0.99831
FLUX 1185  8900.00        3.368455E+13   5.3489E-07   5.3495E-07   0.99989
FLUX 1186  8940.00        3.353384E+13   5.3030E-07   5.3031E-07   0.99998
FLUX 1187  8980.00        3.338447E+13   5.2569E-07   5.2573E-07   0.99993
FLUX 1188  9020.00        3.323642E+13   5.2097E-07   5.2121E-07   0.99954
FLUX 1189  9060.00        3.308968E+13   5.1570E-07   5.1675E-07   0.99797
FLUX 1190  9100.00        3.294423E+13   5.1230E-07   5.1235E-07   0.99991
FLUX 1191  9140.00        3.280005E+13   5.0795E-07   5.0800E-07   0.99990
FLUX 1192  9180.00        3.265713E+13   5.0369E-07   5.0370E-07   0.99997
FLUX 1193  9220.00        3.251546E+13   4.9925E-07   4.9946E-07   0.99958
FLUX 1194  9260.00        3.237500E+13   4.9307E-07   4.9527E-07   0.99556
FLUX 1195  9300.00        3.223575E+13   4.9084E-07   4.9114E-07   0.99939
FLUX 1196  9340.00        3.209770E+13   4.8664E-07   4.8705E-07   0.99916
FLUX 1197  9380.00        3.196082E+13   4.7373E-07   4.8302E-07   0.98077
FLUX 1198  9420.00        3.182511E+13   4.7711E-07   4.7904E-07   0.99597
FLUX 1199  9460.00        3.169054E+13   4.7505E-07   4.7510E-07   0.99990
FLUX 1200  9500.00        3.155710E+13   4.6991E-07   4.7121E-07   0.99723
FLUX 1201  9540.00        3.142479E+13   4.6555E-07   4.6738E-07   0.99610
FLUX 1202  9580.00        3.129358E+13   4.6357E-07   4.6358E-07   0.99997
FLUX 1203  9620.00        3.116346E+13   4.5980E-07   4.5984E-07   0.99991
FLUX 1204  9660.00        3.103442E+13   4.5612E-07   4.5613E-07   0.99998
FLUX 1205  9700.00        3.090644E+13   4.5246E-07   4.5248E-07   0.99997
FLUX 1206  9740.00        3.077952E+13   4.4882E-07   4.4886E-07   0.99991
FLUX 1207  9780.00        3.065363E+13   4.4528E-07   4.4529E-07   0.99997
FLUX 1208  9820.00        3.052877E+13   4.4090E-07   4.4176E-07   0.99804
FLUX 1209  9860.00        3.040492E+13   4.3548E-07   4.3827E-07   0.99362
FLUX 1210  9900.00        3.028207E+13   4.3482E-07   4.3483E-07   0.99997
FLUX 1211  9940.00        3.016021E+13   4.3141E-07   4.3142E-07   0.99997
FLUX 1212  9980.00        3.003933E+13   4.2802E-07   4.2806E-07   0.99991
FLUX 1213 10020.00        2.991941E+13   4.2469E-07   4.2473E-07   0.99991
FLUX 1214 20000.00        1.498962E+13   1.0865E-07   1.0865E-07   0.99999
FLUX 1215 40000.00        7.494812E+12   2.7075E-08   2.7075E-08   1.00000
FLUX 1216 60000.00        4.996542E+12   1.1934E-08   1.1934E-08   1.00000
FLUX 1217 80000.00        3.747406E+12   6.6603E-09   6.6603E-09   1.00000
FLUX 1218100000.00        2.997925E+12   4.2328E-09   4.2328E-09   1.00000
FLUX 1219120000.00        2.498271E+12   2.9214E-09   2.9214E-09   1.00000
FLUX 1220140000.00        2.141375E+12   2.1347E-09   2.1347E-09   1.00000
FLUX 1221160000.00        1.873703E+12   1.6265E-09   1.6265E-09   1.00000
FLUX
