FLUX    1     9.09        3.298047E+16   1.2193E-36   1.2238E-36   0.99631
FLUX    2     9.35        3.206337E+16   8.9376E-36   8.9698E-36   0.99641
FLUX    3     9.61        3.119589E+16   5.9278E-35   5.9491E-35   0.99642
FLUX    4     9.77        3.068500E+16   1.8148E-34   1.8210E-34   0.99657
FLUX    5     9.96        3.009965E+16   6.5617E-34   6.5840E-34   0.99662
FLUX    6    10.20        2.939142E+16   3.1261E-33   3.1363E-33   0.99672
FLUX    7    10.38        2.888174E+16   9.6674E-33   9.6987E-33   0.99677
FLUX    8    10.56        2.838944E+16   2.8863E-32   2.8954E-32   0.99684
FLUX    9    10.77        2.783589E+16   9.9181E-32   9.9488E-32   0.99692
FLUX   10    11.04        2.715512E+16   4.5530E-31   4.5667E-31   0.99700
FLUX   11    11.40        2.629759E+16   3.1372E-30   3.1463E-30   0.99709
FLUX   12    11.78        2.544928E+16   2.1471E-29   2.1530E-29   0.99722
FLUX   13    12.13        2.471496E+16   1.1458E-28   1.1489E-28   0.99732
FLUX   14    12.48        2.402184E+16   5.6106E-28   5.6254E-28   0.99738
FLUX   15    12.71        2.358714E+16   1.5252E-27   1.5291E-27   0.99747
FLUX   16    12.84        2.334833E+16   2.6457E-27   2.6523E-27   0.99750
FLUX   17    13.05        2.297260E+16   6.3030E-27   6.3206E-27   0.99720
FLUX   18    13.24        2.264294E+16   1.3533E-26   1.3566E-26   0.99757
FLUX   19    13.39        2.238928E+16   2.4387E-26   2.4445E-26   0.99762
FLUX   20    13.66        2.194674E+16   6.8386E-26   6.8546E-26   0.99767
FLUX   21    13.98        2.144439E+16   2.2140E-25   2.2190E-25   0.99773
FLUX   22    14.33        2.092062E+16   7.5683E-25   7.5849E-25   0.99780
FLUX   23    14.72        2.036634E+16   2.7926E-24   2.7986E-24   0.99785
FLUX   24    15.10        1.985381E+16   9.3811E-24   9.4005E-24   0.99793
FLUX   25    15.52        1.931653E+16   3.3596E-23   3.3637E-23   0.99878
FLUX   26    15.88        1.887862E+16   9.5455E-23   9.5459E-23   0.99997
FLUX   27    16.20        1.850571E+16   2.3283E-22   2.3286E-22   0.99985
FLUX   28    16.60        1.805979E+16   6.7845E-22   6.7847E-22   0.99997
FLUX   29    17.03        1.760379E+16   2.0297E-21   2.0323E-21   0.99873
FLUX   30    17.34        1.728907E+16   4.3421E-21   4.3422E-21   0.99997
FLUX   31    17.68        1.695659E+16   9.7023E-21   9.7026E-21   0.99997
FLUX   32    18.02        1.663665E+16   2.1067E-20   2.1068E-20   0.99997
FLUX   33    18.17        1.649931E+16   2.9417E-20   2.9425E-20   0.99972
FLUX   34    18.61        1.610921E+16   7.6026E-20   7.6051E-20   0.99968
FLUX   35    19.10        1.569594E+16   2.0858E-19   2.0859E-19   0.99997
FLUX   36    19.39        1.546119E+16   3.7044E-19   3.7045E-19   0.99997
FLUX   37    19.84        1.511051E+16   8.7512E-19   8.7519E-19   0.99991
FLUX   38    20.18        1.485592E+16   1.6353E-18   1.6355E-18   0.99989
FLUX   39    20.50        1.462402E+16   2.8926E-18   2.8932E-18   0.99980
FLUX   40    21.05        1.424192E+16   7.4233E-18   7.4235E-18   0.99997
FLUX   41    21.62        1.386644E+16   1.8760E-17   1.8778E-17   0.99904
FLUX   42    21.98        1.363933E+16   3.2944E-17   3.2949E-17   0.99985
FLUX   43    22.30        1.344361E+16   5.3520E-17   5.3530E-17   0.99981
FLUX   44    22.68        1.321836E+16   9.4719E-17   9.5289E-17   0.99402
FLUX   45    23.00        1.303446E+16   2.9020E-14   4.4054E-14   0.65875
FLUX   46    23.40        1.281165E+16   6.5357E-14   7.0816E-14   0.92291
FLUX   47    24.00        1.249135E+16   1.2449E-13   1.4026E-13   0.88760
FLUX   48    24.65        1.216197E+16   2.5075E-13   2.8362E-13   0.88412
FLUX   49    25.24        1.187767E+16   4.6630E-13   5.2450E-13   0.88904
FLUX   50    25.68        1.167416E+16   6.8223E-13   8.1735E-13   0.83468
FLUX   51    26.00        1.153048E+16   1.1886E-12   1.3810E-12   0.86068
FLUX   52    26.40        1.135578E+16   1.8674E-12   2.2773E-12   0.82002
FLUX   53    26.85        1.116546E+16   2.9503E-12   3.3933E-12   0.86945
FLUX   54    27.35        1.096133E+16   4.5198E-12   5.2067E-12   0.86808
FLUX   55    27.85        1.076454E+16   6.5722E-12   7.8713E-12   0.83496
FLUX   56    28.40        1.055607E+16   1.4285E-11   1.5474E-11   0.92315
FLUX   57    29.00        1.033767E+16   2.2740E-11   2.4339E-11   0.93432
FLUX   58    29.60        1.012812E+16   3.4278E-11   3.7596E-11   0.91176
FLUX   59    30.10        9.959883E+15   4.8990E-11   5.8523E-11   0.83710
FLUX   60    30.80        9.733523E+15   1.0801E-10   1.5114E-10   0.71466
FLUX   61    31.80        9.427437E+15   2.4784E-10   2.7919E-10   0.88772
FLUX   62    32.80        9.140015E+15   4.2489E-10   4.9821E-10   0.85283
FLUX   63    33.80        8.869601E+15   8.0767E-10   8.6142E-10   0.93761
FLUX   64    34.80        8.614727E+15   1.3942E-09   1.4479E-09   0.96294
FLUX   65    35.70        8.397549E+15   4.1045E-09   4.9214E-09   0.83402
FLUX   66    36.60        8.191052E+15   8.4031E-09   9.3681E-09   0.89698
FLUX   67    37.50        7.994467E+15   1.1455E-08   1.3427E-08   0.85315
FLUX   68    38.50        7.786818E+15   1.8286E-08   2.0381E-08   0.89719
FLUX   69    39.50        7.589683E+15   3.4315E-08   3.8705E-08   0.88656
FLUX   70    40.50        7.402284E+15   4.6953E-08   5.3513E-08   0.87741
FLUX   71    41.40        7.241364E+15   6.7152E-08   7.5772E-08   0.88624
FLUX   72    42.20        7.104087E+15   8.2816E-08   9.9052E-08   0.83609
FLUX   73    43.00        6.971919E+15   1.0737E-07   1.2374E-07   0.86770
FLUX   74    44.10        6.798016E+15   1.4735E-07   1.6584E-07   0.88851
FLUX   75    45.10        6.647284E+15   1.8535E-07   2.1475E-07   0.86309
FLUX   76    46.00        6.517228E+15   2.2253E-07   2.6700E-07   0.83344
FLUX   77    47.00        6.378564E+15   2.9226E-07   3.3678E-07   0.86782
FLUX   78    48.00        6.245677E+15   3.7207E-07   4.2027E-07   0.88530
FLUX   79    49.00        6.118214E+15   4.6140E-07   5.2051E-07   0.88643
FLUX   80    50.00        5.995850E+15   5.8265E-07   6.3744E-07   0.91405
FLUX   81    50.60        5.924753E+15   1.6957E-06   1.6449E-05   0.10309
FLUX   82    51.20        5.855322E+15   1.2103E-05   2.5593E-05   0.47291
FLUX   83    52.00        5.765240E+15   1.2148E-05   2.6037E-05   0.46657
FLUX   84    53.00        5.656462E+15   1.1760E-05   2.6686E-05   0.44069
FLUX   85    54.00        5.551713E+15   1.1793E-05   2.7449E-05   0.42965
FLUX   86    55.00        5.450773E+15   1.5330E-05   2.8345E-05   0.54082
FLUX   87    56.00        5.353437E+15   1.8884E-05   2.9348E-05   0.64344
FLUX   88    57.00        5.259517E+15   2.0710E-05   3.0456E-05   0.68000
FLUX   89    58.00        5.168836E+15   1.9613E-05   3.2162E-05   0.60982
FLUX   90    59.00        5.081229E+15   2.2691E-05   3.3483E-05   0.67768
FLUX   91    60.00        4.996542E+15   2.0758E-05   3.4908E-05   0.59464
FLUX   92    61.00        4.914631E+15   2.5580E-05   3.6438E-05   0.70202
FLUX   93    62.00        4.835363E+15   2.9885E-05   3.8070E-05   0.78500
FLUX   94    63.00        4.758611E+15   3.0514E-05   3.9804E-05   0.76661
FLUX   95    64.00        4.684258E+15   2.9676E-05   4.1660E-05   0.71234
FLUX   96    65.00        4.612192E+15   2.8939E-05   4.3618E-05   0.66346
FLUX   97    65.80        4.556117E+15   2.9562E-05   4.5259E-05   0.65319
FLUX   98    66.50        4.508158E+15   3.5064E-05   4.6741E-05   0.75018
FLUX   99    67.50        4.441370E+15   3.8894E-05   4.8937E-05   0.79477
FLUX  100    68.50        4.376533E+15   3.4552E-05   5.1226E-05   0.67450
FLUX  101    69.50        4.313561E+15   4.6863E-05   5.3606E-05   0.87423
FLUX  102    70.50        4.252376E+15   4.1577E-05   5.6075E-05   0.74145
FLUX  103    71.60        4.187046E+15   5.3685E-05   5.8891E-05   0.91160
FLUX  104    72.60        4.129373E+15   5.4303E-05   6.1553E-05   0.88222
FLUX  105    73.50        4.078809E+15   5.6625E-05   6.4017E-05   0.88453
FLUX  106    74.50        4.024060E+15   5.9378E-05   6.6838E-05   0.88839
FLUX  107    75.50        3.970762E+15   6.1668E-05   6.9736E-05   0.88430
FLUX  108    76.50        3.918856E+15   6.5524E-05   7.2710E-05   0.90117
FLUX  109    77.50        3.868290E+15   6.9972E-05   7.5755E-05   0.92366
FLUX  110    78.50        3.819013E+15   7.5119E-05   7.8869E-05   0.95245
FLUX  111    79.50        3.770975E+15   7.7352E-05   8.2052E-05   0.94272
FLUX  112    80.50        3.724130E+15   7.8072E-05   8.5300E-05   0.91526
FLUX  113    81.50        3.678436E+15   8.0152E-05   8.8609E-05   0.90456
FLUX  114    82.50        3.633848E+15   8.7108E-05   9.1983E-05   0.94699
FLUX  115    83.50        3.590329E+15   7.4595E-05   9.5420E-05   0.78176
FLUX  116    84.50        3.547840E+15   8.9726E-05   9.8909E-05   0.90716
FLUX  117    85.50        3.506345E+15   9.1574E-05   1.0245E-04   0.89386
FLUX  118    86.50        3.465809E+15   9.7255E-05   1.0603E-04   0.91722
FLUX  119    87.50        3.426200E+15   1.0181E-04   1.0966E-04   0.92841
FLUX  120    88.50        3.387486E+15   1.0752E-04   1.1334E-04   0.94865
FLUX  121    89.50        3.349637E+15   1.1187E-04   1.1705E-04   0.95574
FLUX  122    90.50        3.312624E+15   1.1208E-04   1.2080E-04   0.92783
FLUX  123    91.50        3.276421E+15   1.4264E-04   2.4675E-03   0.05781
FLUX  124    92.50        3.241000E+15   6.3547E-04   2.4632E-03   0.25799
FLUX  125    93.50        3.206337E+15   1.0791E-03   2.4583E-03   0.43894
FLUX  126    94.50        3.172407E+15   1.4950E-03   2.4530E-03   0.60947
FLUX  127    95.50        3.139188E+15   1.6391E-03   2.4472E-03   0.66978
FLUX  128    96.50        3.106658E+15   1.8678E-03   2.4409E-03   0.76518
FLUX  129    97.50        3.074795E+15   6.3982E-04   2.4343E-03   0.26283
FLUX  130    98.50        3.043579E+15   1.5480E-03   2.4274E-03   0.63769
FLUX  131    99.50        3.012990E+15   1.4980E-03   2.4201E-03   0.61897
FLUX  132   100.50        2.983010E+15   1.6341E-03   2.4124E-03   0.67738
FLUX  133   101.50        2.953621E+15   1.7412E-03   2.4044E-03   0.72417
FLUX  134   102.50        2.924805E+15   1.3512E-03   2.3961E-03   0.56393
FLUX  135   103.50        2.896546E+15   1.6851E-03   2.3875E-03   0.70579
FLUX  136   104.50        2.868828E+15   2.0344E-03   2.3786E-03   0.85528
FLUX  137   105.50        2.841635E+15   1.9533E-03   2.3695E-03   0.82435
FLUX  138   106.50        2.814953E+15   1.7096E-03   2.3602E-03   0.72437
FLUX  139   107.50        2.788767E+15   1.8368E-03   2.3506E-03   0.78142
FLUX  140   108.50        2.763064E+15   1.7258E-03   2.3408E-03   0.73730
FLUX  141   109.50        2.737831E+15   1.8713E-03   2.3307E-03   0.80288
FLUX  142   110.50        2.713054E+15   1.8134E-03   2.3206E-03   0.78146
FLUX  143   111.50        2.688722E+15   1.8098E-03   2.3102E-03   0.78339
FLUX  144   112.50        2.664822E+15   1.4896E-03   2.2996E-03   0.64776
FLUX  145   113.50        2.641344E+15   1.8111E-03   2.2889E-03   0.79124
FLUX  146   114.50        2.618275E+15   1.7465E-03   2.2781E-03   0.76665
FLUX  147   115.50        2.595606E+15   1.7314E-03   2.2671E-03   0.76368
FLUX  148   116.50        2.573326E+15   1.7136E-03   2.2560E-03   0.75955
FLUX  149   117.50        2.551426E+15   1.1002E-03   2.2449E-03   0.49008
FLUX  150   118.50        2.529894E+15   1.6194E-03   2.2337E-03   0.72499
FLUX  151   119.50        2.508724E+15   1.6098E-03   2.2224E-03   0.72435
FLUX  152   120.50        2.487905E+15   1.4980E-03   2.2109E-03   0.67757
FLUX  153   121.50        2.467428E+15   1.2078E-03   2.1994E-03   0.54914
FLUX  154   122.50        2.447286E+15   1.5805E-03   2.1879E-03   0.72236
FLUX  155   123.50        2.427470E+15   1.7022E-03   2.1762E-03   0.78216
FLUX  156   124.50        2.407972E+15   1.6467E-03   2.1643E-03   0.76085
FLUX  157   125.50        2.388785E+15   1.6770E-03   2.1527E-03   0.77901
FLUX  158   126.50        2.369901E+15   1.7375E-03   2.1409E-03   0.81156
FLUX  159   127.50        2.351314E+15   1.8033E-03   2.1291E-03   0.84695
FLUX  160   128.50        2.333016E+15   1.8193E-03   2.1173E-03   0.85924
FLUX  161   129.50        2.315000E+15   1.6480E-03   2.1054E-03   0.78275
FLUX  162   130.50        2.297261E+15   1.7019E-03   2.0936E-03   0.81294
FLUX  163   131.50        2.279791E+15   1.8476E-03   2.0817E-03   0.88755
FLUX  164   132.50        2.262585E+15   1.7925E-03   2.0699E-03   0.86599
FLUX  165   133.50        2.245637E+15   1.7622E-03   2.0580E-03   0.85626
FLUX  166   134.50        2.228940E+15   1.7805E-03   2.0462E-03   0.87018
FLUX  167   135.50        2.212491E+15   1.7788E-03   2.0343E-03   0.87440
FLUX  168   136.50        2.196282E+15   1.7275E-03   2.0225E-03   0.85415
FLUX  169   137.50        2.180309E+15   1.7012E-03   2.0107E-03   0.84608
FLUX  170   138.50        2.164567E+15   1.6652E-03   1.9989E-03   0.83304
FLUX  171   139.50        2.149050E+15   1.2674E-03   1.9872E-03   0.63781
FLUX  172   140.50        2.133754E+15   1.3596E-03   1.9755E-03   0.68823
FLUX  173   141.50        2.118675E+15   1.6186E-03   1.9638E-03   0.82423
FLUX  174   142.50        2.103807E+15   1.5114E-03   1.9521E-03   0.77426
FLUX  175   143.50        2.089146E+15   1.6135E-03   1.9405E-03   0.83149
FLUX  176   144.20        2.079005E+15   1.6270E-03   1.9324E-03   0.84195
FLUX  177   144.70        2.071821E+15   1.6222E-03   1.9266E-03   0.84199
FLUX  178   145.50        2.060430E+15   1.5707E-03   1.9173E-03   0.81918
FLUX  179   146.50        2.046365E+15   1.5281E-03   1.9058E-03   0.80182
FLUX  180   147.50        2.032492E+15   1.5607E-03   1.8944E-03   0.82387
FLUX  181   148.50        2.018805E+15   1.5718E-03   1.8830E-03   0.83475
FLUX  182   149.50        2.005301E+15   1.5470E-03   1.8716E-03   0.82660
FLUX  183   150.50        1.991977E+15   1.4908E-03   1.8602E-03   0.80140
FLUX  184   151.20        1.982755E+15   1.4282E-03   1.8523E-03   0.77105
FLUX  185   151.70        1.976220E+15   1.4618E-03   1.8467E-03   0.79159
FLUX  186   152.50        1.965852E+15   1.4518E-03   1.8377E-03   0.78999
FLUX  187   153.50        1.953046E+15   1.2793E-03   1.8266E-03   0.70039
FLUX  188   154.50        1.940405E+15   1.1544E-03   1.8154E-03   0.63585
FLUX  189   155.50        1.927926E+15   1.1601E-03   1.8044E-03   0.64293
FLUX  190   156.50        1.915607E+15   1.2972E-03   1.7934E-03   0.72331
FLUX  191   157.50        1.903444E+15   1.3773E-03   1.7824E-03   0.77269
FLUX  192   158.50        1.891435E+15   1.3981E-03   1.7716E-03   0.78920
FLUX  193   159.50        1.879577E+15   1.3997E-03   1.7607E-03   0.79495
FLUX  194   160.50        1.867866E+15   1.3649E-03   1.7500E-03   0.77993
FLUX  195   161.50        1.856300E+15   1.3216E-03   1.7393E-03   0.75984
FLUX  196   162.50        1.844877E+15   1.3597E-03   1.7286E-03   0.78660
FLUX  197   163.50        1.833593E+15   1.4008E-03   1.7181E-03   0.81536
FLUX  198   164.50        1.822447E+15   1.4043E-03   1.7075E-03   0.82239
FLUX  199   165.50        1.811435E+15   1.4242E-03   1.6971E-03   0.83921
FLUX  200   166.50        1.800556E+15   1.4260E-03   1.6867E-03   0.84545
FLUX  201   167.20        1.793017E+15   1.3497E-03   1.6795E-03   0.80362
FLUX  202   167.70        1.787671E+15   1.5322E-03   1.6744E-03   0.91508
FLUX  203   168.50        1.779184E+15   1.4728E-03   1.6662E-03   0.88392
FLUX  204   169.50        1.768687E+15   1.4304E-03   1.6560E-03   0.86379
FLUX  205   170.50        1.758314E+15   1.4239E-03   1.6459E-03   0.86511
FLUX  206   171.50        1.748061E+15   1.3756E-03   1.6358E-03   0.84091
FLUX  207   172.50        1.737928E+15   1.3453E-03   1.6259E-03   0.82747
FLUX  208   173.50        1.727911E+15   1.4011E-03   1.6160E-03   0.86703
FLUX  209   174.50        1.718009E+15   1.3947E-03   1.6061E-03   0.86838
FLUX  210   175.50        1.708219E+15   1.3944E-03   1.5963E-03   0.87351
FLUX  211   176.50        1.698541E+15   1.3937E-03   1.5866E-03   0.87841
FLUX  212   177.50        1.688972E+15   1.3505E-03   1.5770E-03   0.85639
FLUX  213   178.50        1.679510E+15   1.3816E-03   1.5674E-03   0.88146
FLUX  214   179.50        1.670153E+15   1.3817E-03   1.5579E-03   0.88693
FLUX  215   180.50        1.660900E+15   1.3946E-03   1.5484E-03   0.90068
FLUX  216   181.50        1.651749E+15   1.3404E-03   1.5390E-03   0.87090
FLUX  217   182.50        1.642699E+15   1.3542E-03   1.5297E-03   0.88527
FLUX  218   183.50        1.633747E+15   1.3525E-03   1.5205E-03   0.88952
FLUX  219   184.50        1.624892E+15   1.2758E-03   1.5114E-03   0.84415
FLUX  220   185.50        1.616132E+15   1.3131E-03   1.5023E-03   0.87406
FLUX  221   186.50        1.607466E+15   1.3311E-03   1.4933E-03   0.89141
FLUX  222   187.50        1.598893E+15   1.3338E-03   1.4843E-03   0.89858
FLUX  223   188.50        1.590411E+15   1.2554E-03   1.4754E-03   0.85085
FLUX  224   189.50        1.582018E+15   1.2153E-03   1.4666E-03   0.82866
FLUX  225   190.50        1.573714E+15   1.2745E-03   1.4579E-03   0.87421
FLUX  226   191.50        1.565496E+15   1.2481E-03   1.4492E-03   0.86127
FLUX  227   192.50        1.557364E+15   1.1864E-03   1.4405E-03   0.82360
FLUX  228   193.50        1.549315E+15   1.2643E-03   1.4320E-03   0.88289
FLUX  229   194.50        1.541350E+15   1.2977E-03   1.4235E-03   0.91163
FLUX  230   195.50        1.533465E+15   1.1935E-03   1.4150E-03   0.84344
FLUX  231   196.70        1.524110E+15   1.2665E-03   1.4051E-03   0.90140
FLUX  232   197.60        1.517168E+15   1.3166E-03   1.3976E-03   0.94202
FLUX  233   198.40        1.511051E+15   1.2583E-03   1.3911E-03   0.90452
FLUX  234   199.50        1.502719E+15   1.2464E-03   1.3821E-03   0.90180
FLUX  235   200.50        1.495224E+15   1.2774E-03   1.3740E-03   0.92966
FLUX  236   201.50        1.487804E+15   1.2839E-03   1.3660E-03   0.93988
FLUX  237   202.50        1.480457E+15   1.3031E-03   1.3581E-03   0.95952
FLUX  238   203.50        1.473182E+15   1.2413E-03   1.3502E-03   0.91933
FLUX  239   204.50        1.465978E+15   1.2480E-03   1.3423E-03   0.92972
FLUX  240   205.50        1.458844E+15   1.1024E-03   1.3522E-03   0.81522
FLUX  241   206.50        1.451780E+15   1.0870E-03   1.3441E-03   0.80871
FLUX  242   207.40        1.445480E+15   1.1437E-03   1.3369E-03   0.85548
FLUX  243   207.80        1.442697E+15   1.1067E-03   1.3338E-03   0.82978
FLUX  244   208.50        1.437854E+15   1.1686E-03   1.3282E-03   0.87984
FLUX  245   209.50        1.430990E+15   1.1861E-03   1.3203E-03   0.89836
FLUX  246   210.50        1.424192E+15   1.2276E-03   1.3125E-03   0.93528
FLUX  247   211.50        1.417459E+15   1.2380E-03   1.3048E-03   0.94883
FLUX  248   212.50        1.410788E+15   1.2417E-03   1.2971E-03   0.95727
FLUX  249   213.50        1.404180E+15   1.2343E-03   1.2895E-03   0.95722
FLUX  250   214.50        1.397634E+15   1.2084E-03   1.2819E-03   0.94265
FLUX  251   215.50        1.391148E+15   1.2357E-03   1.2744E-03   0.96958
FLUX  252   216.50        1.384723E+15   1.2133E-03   1.2670E-03   0.95765
FLUX  253   217.50        1.378356E+15   1.2247E-03   1.2596E-03   0.97227
FLUX  254   218.50        1.372048E+15   1.2056E-03   1.2523E-03   0.96272
FLUX  255   219.50        1.365797E+15   1.2250E-03   1.2450E-03   0.98394
FLUX  256   220.50        1.359603E+15   1.2198E-03   1.2378E-03   0.98547
FLUX  257   221.50        1.353465E+15   1.2012E-03   1.2307E-03   0.97607
FLUX  258   222.50        1.347382E+15   1.1995E-03   1.2236E-03   0.98031
FLUX  259   223.50        1.341353E+15   1.1877E-03   1.2166E-03   0.97632
FLUX  260   224.50        1.335379E+15   1.1898E-03   1.2096E-03   0.98361
FLUX  261   225.50        1.329457E+15   1.1696E-03   1.2027E-03   0.97250
FLUX  262   226.50        1.323587E+15   1.1796E-03   1.1958E-03   0.98644
FLUX  263   227.50        1.317769E+15   1.1756E-03   1.1890E-03   0.98873
FLUX  264   228.50        1.312002E+15   1.1641E-03   1.1822E-03   0.98469
FLUX  265   229.50        1.306285E+15   1.0568E-03   1.1755E-03   0.89900
FLUX  266   230.50        1.300618E+15   1.1383E-03   1.1689E-03   0.97386
FLUX  267   231.50        1.295000E+15   1.1356E-03   1.1623E-03   0.97702
FLUX  268   232.50        1.289430E+15   1.1353E-03   1.1557E-03   0.98228
FLUX  269   233.50        1.283908E+15   1.1244E-03   1.1493E-03   0.97834
FLUX  270   234.50        1.278433E+15   1.1297E-03   1.1428E-03   0.98856
FLUX  271   235.50        1.273004E+15   1.1202E-03   1.1364E-03   0.98571
FLUX  272   236.50        1.267622E+15   1.1145E-03   1.1301E-03   0.98624
FLUX  273   237.50        1.262284E+15   1.1006E-03   1.1238E-03   0.97936
FLUX  274   238.50        1.256992E+15   1.0832E-03   1.1176E-03   0.96925
FLUX  275   239.50        1.251743E+15   1.0853E-03   1.1114E-03   0.97652
FLUX  276   240.50        1.246538E+15   1.0863E-03   1.1052E-03   0.98282
FLUX  277   241.50        1.241377E+15   1.0795E-03   1.0991E-03   0.98215
FLUX  278   242.50        1.236258E+15   1.0794E-03   1.0931E-03   0.98749
FLUX  279   243.50        1.231181E+15   1.0658E-03   1.0871E-03   0.98042
FLUX  280   244.50        1.226145E+15   1.0656E-03   1.0812E-03   0.98562
FLUX  281   245.50        1.221151E+15   1.0628E-03   1.0753E-03   0.98840
FLUX  282   246.50        1.216197E+15   1.0569E-03   1.0694E-03   0.98826
FLUX  283   247.50        1.211283E+15   1.0482E-03   1.0636E-03   0.98552
FLUX  284   248.50        1.206408E+15   1.0309E-03   1.0579E-03   0.97450
FLUX  285   249.50        1.201573E+15   8.1616E-04   1.0522E-03   0.77571
FLUX  286   250.50        1.196776E+15   1.0042E-03   1.0465E-03   0.95959
FLUX  287   251.30        1.192967E+15   9.8093E-04   1.0420E-03   0.94141
FLUX  288   251.80        1.190598E+15   1.0054E-03   1.0392E-03   0.96746
FLUX  289   252.50        1.187297E+15   1.0214E-03   1.0353E-03   0.98657
FLUX  290   253.50        1.182613E+15   1.0204E-03   1.0298E-03   0.99095
FLUX  291   254.50        1.177967E+15   1.0014E-03   1.0243E-03   0.97766
FLUX  292   255.50        1.173356E+15   1.0021E-03   1.0189E-03   0.98355
FLUX  293   256.50        1.168782E+15   9.9975E-04   1.0135E-03   0.98647
FLUX  294   257.50        1.164243E+15   9.9633E-04   1.0081E-03   0.98831
FLUX  295   258.50        1.159739E+15   9.9275E-04   1.0028E-03   0.98997
FLUX  296   259.50        1.155270E+15   9.8718E-04   9.9754E-04   0.98961
FLUX  297   260.50        1.150835E+15   9.8679E-04   9.9577E-04   0.99097
FLUX  298   261.50        1.146434E+15   9.7712E-04   9.9054E-04   0.98645
FLUX  299   262.50        1.142067E+15   9.7587E-04   9.8536E-04   0.99037
FLUX  300   263.50        1.137732E+15   9.7175E-04   9.8021E-04   0.99137
FLUX  301   264.50        1.133431E+15   9.6349E-04   9.7510E-04   0.98809
FLUX  302   265.50        1.129162E+15   9.6035E-04   9.7002E-04   0.99003
FLUX  303   266.50        1.124925E+15   9.4237E-04   9.6499E-04   0.97656
FLUX  304   267.50        1.120720E+15   9.3750E-04   9.5999E-04   0.97657
FLUX  305   268.50        1.116546E+15   9.4497E-04   9.5504E-04   0.98946
FLUX  306   269.50        1.112403E+15   9.2525E-04   9.5012E-04   0.97383
FLUX  307   270.50        1.108290E+15   9.2062E-04   9.4523E-04   0.97396
FLUX  308   271.50        1.104208E+15   9.1954E-04   9.4038E-04   0.97784
FLUX  309   272.50        1.100156E+15   9.1873E-04   9.3557E-04   0.98200
FLUX  310   273.50        1.096133E+15   9.1035E-04   9.3080E-04   0.97804
FLUX  311   274.50        1.092140E+15   9.1188E-04   9.2606E-04   0.98469
FLUX  312   275.50        1.088176E+15   9.0968E-04   9.2135E-04   0.98733
FLUX  313   276.50        1.084240E+15   9.0011E-04   9.1669E-04   0.98191
FLUX  314   277.50        1.080333E+15   9.0650E-04   9.1205E-04   0.99391
FLUX  315   278.50        1.076454E+15   8.9786E-04   9.0745E-04   0.98943
FLUX  316   279.50        1.072603E+15   8.7591E-04   9.0289E-04   0.97012
FLUX  317   280.50        1.068779E+15   8.8454E-04   8.9836E-04   0.98461
FLUX  318   281.50        1.064982E+15   8.8843E-04   8.9387E-04   0.99392
FLUX  319   282.50        1.061212E+15   8.8008E-04   8.8941E-04   0.98951
FLUX  320   283.50        1.057469E+15   8.6525E-04   8.8498E-04   0.97771
FLUX  321   284.50        1.053752E+15   8.7467E-04   8.8058E-04   0.99329
FLUX  322   285.50        1.050061E+15   8.6657E-04   8.7622E-04   0.98898
FLUX  323   286.50        1.046396E+15   8.6332E-04   8.7189E-04   0.99018
FLUX  324   287.50        1.042757E+15   8.5948E-04   8.6759E-04   0.99066
FLUX  325   288.50        1.039142E+15   8.5559E-04   8.6332E-04   0.99105
FLUX  326   289.50        1.035553E+15   8.5083E-04   8.5908E-04   0.99039
FLUX  327   291.00        1.030215E+15   8.4048E-04   8.5278E-04   0.98557
FLUX  328   293.00        1.023183E+15   8.3879E-04   8.4450E-04   0.99325
FLUX  329   295.00        1.016246E+15   8.2469E-04   8.3633E-04   0.98607
FLUX  330   297.00        1.009402E+15   8.2082E-04   8.2828E-04   0.99099
FLUX  331   299.00        1.002650E+15   8.0970E-04   8.2035E-04   0.98702
FLUX  332   301.00        9.959884E+14   7.9566E-04   8.1253E-04   0.97923
FLUX  333   303.00        9.894142E+14   7.9197E-04   8.0483E-04   0.98402
FLUX  334   305.00        9.829262E+14   7.8915E-04   7.9723E-04   0.98986
FLUX  335   307.00        9.765228E+14   7.8573E-04   7.8974E-04   0.99493
FLUX  336   309.00        9.702023E+14   7.6795E-04   7.8235E-04   0.98159
FLUX  337   311.00        9.639630E+14   7.7070E-04   7.7507E-04   0.99437
FLUX  338   313.00        9.578035E+14   7.6027E-04   7.6842E-04   0.98941
FLUX  339   315.00        9.517222E+14   7.5555E-04   7.6132E-04   0.99242
FLUX  340   317.00        9.457177E+14   7.4680E-04   7.5433E-04   0.99003
FLUX  341   319.00        9.397884E+14   7.3963E-04   7.4743E-04   0.98956
FLUX  342   321.00        9.339330E+14   7.3400E-04   7.4063E-04   0.99104
FLUX  343   323.00        9.281501E+14   7.2651E-04   7.3392E-04   0.98989
FLUX  344   325.00        9.224385E+14   7.2378E-04   7.2731E-04   0.99516
FLUX  345   327.00        9.167966E+14   7.1414E-04   7.2078E-04   0.99079
FLUX  346   329.00        9.112234E+14   7.0893E-04   7.1434E-04   0.99243
FLUX  347   331.00        9.057175E+14   7.0313E-04   7.0798E-04   0.99315
FLUX  348   333.00        9.002778E+14   6.9469E-04   7.0171E-04   0.98999
FLUX  349   335.00        8.949030E+14   6.8860E-04   6.9552E-04   0.99005
FLUX  350   337.00        8.895920E+14   6.8274E-04   6.8942E-04   0.99032
FLUX  351   339.00        8.843436E+14   6.8038E-04   6.8340E-04   0.99559
FLUX  352   341.00        8.791569E+14   6.7442E-04   6.7746E-04   0.99551
FLUX  353   343.00        8.740306E+14   6.6835E-04   6.7462E-04   0.99071
FLUX  354   345.00        8.689638E+14   6.6003E-04   6.6878E-04   0.98692
FLUX  355   347.00        8.639553E+14   6.5547E-04   6.6301E-04   0.98863
FLUX  356   349.00        8.590043E+14   6.4939E-04   6.5732E-04   0.98794
FLUX  357   351.00        8.541097E+14   6.4541E-04   6.5171E-04   0.99034
FLUX  358   353.00        8.492705E+14   6.4230E-04   6.4616E-04   0.99401
FLUX  359   355.00        8.444859E+14   6.3620E-04   6.4069E-04   0.99298
FLUX  360   357.00        8.397549E+14   6.3249E-04   6.3529E-04   0.99559
FLUX  361   359.00        8.350766E+14   6.2302E-04   6.2996E-04   0.98898
FLUX  362   361.00        8.304501E+14   6.1896E-04   6.2470E-04   0.99081
FLUX  363   363.00        8.258746E+14   6.1398E-04   6.1950E-04   0.99108
FLUX  364   364.00        8.236058E+14   6.1399E-04   6.1694E-04   0.99523
FLUX  365   365.00        8.213493E+14   6.0223E-04   7.2195E-04   0.83417
FLUX  366   367.00        8.168733E+14   6.0034E-04   7.1561E-04   0.83892
FLUX  367   369.00        8.124458E+14   5.9440E-04   7.1221E-04   0.83459
FLUX  368   371.00        8.080660E+14   5.7969E-04   7.0602E-04   0.82107
FLUX  369   373.00        8.037332E+14   5.6753E-04   6.9991E-04   0.81086
FLUX  370   375.00        7.994467E+14   5.8502E-04   6.9387E-04   0.84312
FLUX  371   377.00        7.952056E+14   5.8235E-04   6.8791E-04   0.84655
FLUX  372   379.00        7.910092E+14   6.0623E-04   6.8203E-04   0.88886
FLUX  373   381.00        7.868569E+14   6.2692E-04   6.7622E-04   0.92710
FLUX  374   383.00        7.827480E+14   5.7081E-04   6.7048E-04   0.85133
FLUX  375   385.00        7.786818E+14   6.3853E-04   6.6482E-04   0.96046
FLUX  376   387.00        7.746576E+14   6.3008E-04   6.5923E-04   0.95578
FLUX  377   389.00        7.706748E+14   5.5749E-04   6.5370E-04   0.85283
FLUX  378   391.00        7.667327E+14   6.3800E-04   6.4824E-04   0.98421
FLUX  379   393.00        7.628308E+14   6.2481E-04   6.4285E-04   0.97194
FLUX  380   395.00        7.589683E+14   6.2022E-04   6.3753E-04   0.97285
FLUX  381   397.00        7.551448E+14   5.3621E-04   6.3227E-04   0.84808
FLUX  382   399.00        7.513596E+14   6.1499E-04   6.2707E-04   0.98074
FLUX  383   401.00        7.476122E+14   6.1208E-04   6.2194E-04   0.98415
FLUX  384   403.00        7.439020E+14   5.9342E-04   6.1687E-04   0.96198
FLUX  385   405.00        7.402284E+14   6.0459E-04   6.1186E-04   0.98812
FLUX  386   407.00        7.365909E+14   5.8622E-04   6.0691E-04   0.96591
FLUX  387   409.00        7.329890E+14   5.6221E-04   6.0202E-04   0.93389
FLUX  388   411.00        7.294221E+14   5.1961E-04   5.9718E-04   0.87011
FLUX  389   413.00        7.258898E+14   5.7538E-04   5.9241E-04   0.97126
FLUX  390   415.00        7.223916E+14   5.7476E-04   5.8769E-04   0.97800
FLUX  391   417.00        7.189269E+14   5.7610E-04   5.8303E-04   0.98811
FLUX  392   419.00        7.154952E+14   5.7193E-04   5.7842E-04   0.98878
FLUX  393   421.00        7.120962E+14   5.6899E-04   5.7387E-04   0.99149
FLUX  394   423.00        7.087293E+14   5.6488E-04   5.6936E-04   0.99213
FLUX  395   425.00        7.053941E+14   5.5548E-04   5.6491E-04   0.98330
FLUX  396   427.00        7.020902E+14   5.4727E-04   5.6051E-04   0.97637
FLUX  397   429.00        6.988170E+14   5.4417E-04   5.5616E-04   0.97845
FLUX  398   431.00        6.955742E+14   5.3483E-04   5.5186E-04   0.96914
FLUX  399   433.00        6.923614E+14   5.0960E-04   5.4761E-04   0.93059
FLUX  400   435.00        6.891782E+14   4.7797E-04   5.4340E-04   0.87958
FLUX  401   437.00        6.860240E+14   5.2411E-04   5.3925E-04   0.97194
FLUX  402   439.00        6.828986E+14   5.2053E-04   5.3514E-04   0.97271
FLUX  403   441.00        6.798016E+14   5.2055E-04   5.3107E-04   0.98019
FLUX  404   443.00        6.767325E+14   5.2080E-04   5.2705E-04   0.98813
FLUX  405   445.00        6.736910E+14   5.1597E-04   5.2308E-04   0.98641
FLUX  406   447.00        6.706767E+14   5.0154E-04   5.1915E-04   0.96607
FLUX  407   449.00        6.676893E+14   5.0945E-04   5.1527E-04   0.98871
FLUX  408   451.00        6.647284E+14   5.0571E-04   5.1143E-04   0.98882
FLUX  409   453.00        6.617936E+14   5.0354E-04   5.0763E-04   0.99194
FLUX  410   455.00        6.588846E+14   4.9854E-04   5.0387E-04   0.98943
FLUX  411   457.00        6.560011E+14   4.9625E-04   5.0015E-04   0.99220
FLUX  412   459.00        6.531427E+14   4.9150E-04   4.9648E-04   0.98998
FLUX  413   461.00        6.503091E+14   4.8596E-04   4.9284E-04   0.98603
FLUX  414   463.00        6.475000E+14   4.8124E-04   4.8924E-04   0.98364
FLUX  415   465.00        6.447150E+14   4.6567E-04   4.8569E-04   0.95879
FLUX  416   467.00        6.419540E+14   4.7495E-04   4.8217E-04   0.98504
FLUX  417   469.00        6.392164E+14   4.7143E-04   4.7869E-04   0.98483
FLUX  418   471.00        6.365021E+14   4.6347E-04   4.7524E-04   0.97523
FLUX  419   473.00        6.338108E+14   4.6868E-04   4.7184E-04   0.99332
FLUX  420   475.00        6.311421E+14   4.6454E-04   4.6847E-04   0.99162
FLUX  421   477.00        6.284958E+14   4.6496E-04   4.6513E-04   0.99963
FLUX  422   479.00        6.258716E+14   4.6124E-04   4.6183E-04   0.99873
FLUX  423   481.00        6.232692E+14   4.5671E-04   4.5857E-04   0.99595
FLUX  424   483.00        6.206884E+14   4.5161E-04   4.5534E-04   0.99181
FLUX  425   485.00        6.181289E+14   4.3453E-04   4.5214E-04   0.96105
FLUX  426   487.00        6.155903E+14   3.9915E-04   4.4898E-04   0.88902
FLUX  427   489.00        6.130726E+14   4.4269E-04   4.4585E-04   0.99290
FLUX  428   491.00        6.105753E+14   4.4087E-04   4.4275E-04   0.99574
FLUX  429   493.00        6.080984E+14   4.3127E-04   4.3969E-04   0.98087
FLUX  430   495.00        6.056414E+14   4.3329E-04   4.3665E-04   0.99229
FLUX  431   497.00        6.032042E+14   4.3347E-04   4.3365E-04   0.99958
FLUX  432   499.00        6.007866E+14   4.3019E-04   4.3068E-04   0.99887
FLUX  433   501.00        5.983882E+14   4.1913E-04   4.2774E-04   0.97988
FLUX  434   503.00        5.960089E+14   4.2325E-04   4.2482E-04   0.99629
FLUX  435   505.00        5.936485E+14   4.1897E-04   4.2194E-04   0.99296
FLUX  436   507.00        5.913067E+14   4.1880E-04   4.1908E-04   0.99932
FLUX  437   509.00        5.889833E+14   4.1544E-04   4.1626E-04   0.99803
FLUX  438   511.00        5.866781E+14   4.1233E-04   4.1346E-04   0.99726
FLUX  439   513.00        5.843908E+14   4.0845E-04   4.1069E-04   0.99454
FLUX  440   515.00        5.821214E+14   4.0606E-04   4.0794E-04   0.99538
FLUX  441   517.00        5.798694E+14   4.0391E-04   4.0523E-04   0.99676
FLUX  442   519.00        5.776349E+14   4.0186E-04   4.0254E-04   0.99831
FLUX  443   521.00        5.754175E+14   3.9932E-04   3.9987E-04   0.99862
FLUX  444   523.00        5.732170E+14   3.9662E-04   3.9724E-04   0.99844
FLUX  445   525.00        5.710333E+14   3.9360E-04   3.9463E-04   0.99741
FLUX  446   527.00        5.688662E+14   3.9069E-04   3.9204E-04   0.99655
FLUX  447   529.00        5.667155E+14   3.8892E-04   3.8948E-04   0.99855
FLUX  448   531.00        5.645810E+14   3.8628E-04   3.8695E-04   0.99829
FLUX  449   533.00        5.624625E+14   3.8395E-04   3.8444E-04   0.99873
FLUX  450   535.00        5.603598E+14   3.8137E-04   3.8195E-04   0.99849
FLUX  451   537.00        5.582728E+14   3.7901E-04   3.7949E-04   0.99874
FLUX  452   539.00        5.562013E+14   3.7631E-04   3.7705E-04   0.99805
FLUX  453   541.00        5.541451E+14   3.7303E-04   3.7463E-04   0.99573
FLUX  454   543.00        5.521040E+14   3.7187E-04   3.7224E-04   0.99900
FLUX  455   545.00        5.500780E+14   3.6935E-04   3.6987E-04   0.99860
FLUX  456   547.00        5.480667E+14   3.6699E-04   3.6752E-04   0.99853
FLUX  457   549.00        5.460701E+14   3.6461E-04   3.6520E-04   0.99839
FLUX  458   551.00        5.440880E+14   3.6258E-04   3.6290E-04   0.99914
FLUX  459   553.00        5.421202E+14   3.5997E-04   3.6061E-04   0.99820
FLUX  460   555.00        5.401667E+14   3.5815E-04   3.5835E-04   0.99943
FLUX  461   557.00        5.382271E+14   3.5579E-04   3.5612E-04   0.99908
FLUX  462   559.00        5.363014E+14   3.5339E-04   3.5390E-04   0.99855
FLUX  463   561.00        5.343895E+14   3.5154E-04   3.5170E-04   0.99953
FLUX  464   563.00        5.324911E+14   3.4941E-04   3.4953E-04   0.99967
FLUX  465   565.00        5.306062E+14   3.4689E-04   3.4737E-04   0.99861
FLUX  466   567.00        5.287346E+14   3.4380E-04   3.4523E-04   0.99584
FLUX  467   569.00        5.268761E+14   3.3933E-04   3.4312E-04   0.98898
FLUX  468   571.00        5.250306E+14   3.3808E-04   3.4107E-04   0.99126
FLUX  469   573.00        5.231981E+14   3.3640E-04   3.3899E-04   0.99239
FLUX  470   575.00        5.213783E+14   3.3361E-04   3.3692E-04   0.99015
FLUX  471   577.00        5.195711E+14   3.3273E-04   3.3488E-04   0.99357
FLUX  472   579.00        5.177763E+14   3.3055E-04   3.3286E-04   0.99308
FLUX  473   581.00        5.159940E+14   3.2853E-04   3.3085E-04   0.99296
FLUX  474   583.00        5.142238E+14   3.2607E-04   3.2887E-04   0.99149
FLUX  475   585.00        5.124658E+14   3.2490E-04   3.2690E-04   0.99388
FLUX  476   587.00        5.107198E+14   3.1598E-04   3.2495E-04   0.97242
FLUX  477   589.00        5.089856E+14   3.1995E-04   3.2301E-04   0.99052
FLUX  478   591.00        5.072631E+14   3.1916E-04   3.2109E-04   0.99399
FLUX  479   593.00        5.055523E+14   3.1725E-04   3.1919E-04   0.99391
FLUX  480   595.00        5.038529E+14   3.1575E-04   3.1731E-04   0.99509
FLUX  481   597.00        5.021650E+14   3.1514E-04   3.1545E-04   0.99904
FLUX  482   599.00        5.004883E+14   3.1252E-04   3.1360E-04   0.99657
FLUX  483   601.00        4.988228E+14   3.1131E-04   3.1176E-04   0.99855
FLUX  484   603.00        4.971683E+14   3.0912E-04   3.0994E-04   0.99735
FLUX  485   605.00        4.955248E+14   3.0751E-04   3.0814E-04   0.99796
FLUX  486   607.00        4.938921E+14   3.0602E-04   3.0636E-04   0.99891
FLUX  487   609.00        4.922701E+14   3.0433E-04   3.0458E-04   0.99916
FLUX  488   611.00        4.906588E+14   3.0249E-04   3.0283E-04   0.99889
FLUX  489   613.00        4.890579E+14   3.0089E-04   3.0109E-04   0.99933
FLUX  490   615.00        4.874675E+14   2.9842E-04   2.9936E-04   0.99684
FLUX  491   617.00        4.858874E+14   2.9694E-04   2.9765E-04   0.99762
FLUX  492   619.00        4.843174E+14   2.9563E-04   2.9595E-04   0.99891
FLUX  493   621.00        4.827576E+14   2.9411E-04   2.9427E-04   0.99945
FLUX  494   623.00        4.812079E+14   2.9250E-04   2.9260E-04   0.99965
FLUX  495   625.00        4.796680E+14   2.9052E-04   2.9095E-04   0.99853
FLUX  496   627.00        4.781380E+14   2.8906E-04   2.8931E-04   0.99914
FLUX  497   629.00        4.766176E+14   2.8755E-04   2.8768E-04   0.99954
FLUX  498   631.00        4.751070E+14   2.8579E-04   2.8607E-04   0.99901
FLUX  499   633.00        4.736058E+14   2.8440E-04   2.8447E-04   0.99973
FLUX  500   635.00        4.721142E+14   2.8257E-04   2.8289E-04   0.99890
FLUX  501   637.00        4.706319E+14   2.8128E-04   2.8131E-04   0.99988
FLUX  502   639.00        4.691588E+14   2.7964E-04   2.7975E-04   0.99958
FLUX  503   641.00        4.676950E+14   2.7810E-04   2.7821E-04   0.99962
FLUX  504   643.00        4.662403E+14   2.7665E-04   2.7667E-04   0.99991
FLUX  505   645.00        4.647946E+14   2.7506E-04   2.7515E-04   0.99966
FLUX  506   647.00        4.633578E+14   2.7294E-04   2.7364E-04   0.99743
FLUX  507   649.00        4.619299E+14   2.7161E-04   2.7214E-04   0.99804
FLUX  508   651.00        4.605107E+14   2.7040E-04   2.7066E-04   0.99903
FLUX  509   653.00        4.591003E+14   2.6818E-04   2.6919E-04   0.99625
FLUX  510   655.00        4.576985E+14   2.6226E-04   2.6773E-04   0.97959
FLUX  511   657.00        4.563052E+14   2.3813E-04   2.6628E-04   0.89429
FLUX  512   659.00        4.549203E+14   2.6244E-04   2.6484E-04   0.99093
FLUX  513   661.00        4.535439E+14   2.6303E-04   2.6342E-04   0.99852
FLUX  514   663.00        4.521757E+14   2.6186E-04   2.6200E-04   0.99946
FLUX  515   665.00        4.508158E+14   2.6036E-04   2.6071E-04   0.99867
FLUX  516   667.00        4.494640E+14   2.5698E-04   2.5932E-04   0.99097
FLUX  517   669.00        4.481203E+14   2.5565E-04   2.5794E-04   0.99112
FLUX  518   671.00        4.467846E+14   2.5627E-04   2.5657E-04   0.99884
FLUX  519   673.00        4.454569E+14   2.5446E-04   2.5521E-04   0.99705
FLUX  520   675.00        4.441370E+14   2.5367E-04   2.5386E-04   0.99924
FLUX  521   677.00        4.428250E+14   2.5248E-04   2.5252E-04   0.99981
FLUX  522   679.00        4.415206E+14   2.5009E-04   2.5120E-04   0.99560
FLUX  523   681.00        4.402239E+14   2.4967E-04   2.4988E-04   0.99916
FLUX  524   683.00        4.389348E+14   2.4833E-04   2.4857E-04   0.99903
FLUX  525   685.00        4.376533E+14   2.4719E-04   2.4728E-04   0.99965
FLUX  526   687.00        4.363792E+14   2.4587E-04   2.4599E-04   0.99950
FLUX  527   689.00        4.351125E+14   2.4423E-04   2.4471E-04   0.99800
FLUX  528   691.00        4.338531E+14   2.4282E-04   2.4345E-04   0.99742
FLUX  529   693.00        4.326010E+14   2.4216E-04   2.4219E-04   0.99989
FLUX  530   695.00        4.313561E+14   2.4092E-04   2.4095E-04   0.99991
FLUX  531   697.00        4.301184E+14   2.3970E-04   2.3971E-04   0.99997
FLUX  532   699.00        4.288877E+14   2.3845E-04   2.3848E-04   0.99987
FLUX  533   701.00        4.276640E+14   2.3718E-04   2.3726E-04   0.99965
FLUX  534   703.00        4.264474E+14   2.3581E-04   2.3606E-04   0.99896
FLUX  535   705.00        4.252376E+14   2.3474E-04   2.3486E-04   0.99950
FLUX  536   707.00        4.240346E+14   2.3044E-04   2.3367E-04   0.98617
FLUX  537   709.00        4.228385E+14   2.3246E-04   2.3249E-04   0.99987
FLUX  538   711.00        4.216491E+14   2.3057E-04   2.3131E-04   0.99677
FLUX  539   713.00        4.204663E+14   2.2954E-04   2.3015E-04   0.99733
FLUX  540   715.00        4.192902E+14   2.2898E-04   2.2900E-04   0.99993
FLUX  541   717.00        4.181206E+14   2.2772E-04   2.2785E-04   0.99943
FLUX  542   719.00        4.169576E+14   2.2669E-04   2.2671E-04   0.99990
FLUX  543   721.00        4.158010E+14   2.2558E-04   2.2558E-04   0.99999
FLUX  544   723.00        4.146508E+14   2.2242E-04   2.2446E-04   0.99091
FLUX  545   725.00        4.135069E+14   2.2300E-04   2.2335E-04   0.99843
FLUX  546   727.00        4.123693E+14   2.2224E-04   2.2225E-04   0.99995
FLUX  547   729.00        4.112380E+14   2.1962E-04   2.2115E-04   0.99306
FLUX  548   731.00        4.101129E+14   2.2000E-04   2.2006E-04   0.99971
FLUX  549   733.00        4.089939E+14   2.1891E-04   2.1898E-04   0.99965
FLUX  550   735.00        4.078809E+14   2.1788E-04   2.1791E-04   0.99987
FLUX  551   737.00        4.067741E+14   2.1685E-04   2.1685E-04   0.99998
FLUX  552   739.00        4.056732E+14   2.1579E-04   2.1579E-04   0.99999
FLUX  553   741.00        4.045783E+14   2.1474E-04   2.1474E-04   0.99998
FLUX  554   743.00        4.034892E+14   2.1370E-04   2.1370E-04   0.99998
FLUX  555   745.00        4.024060E+14   2.1266E-04   2.1269E-04   0.99985
FLUX  556   747.00        4.013286E+14   2.1104E-04   2.1166E-04   0.99708
FLUX  557   749.00        4.002570E+14   2.1040E-04   2.1064E-04   0.99884
FLUX  558   751.00        3.991911E+14   2.0954E-04   2.0963E-04   0.99958
FLUX  559   753.00        3.981308E+14   2.0849E-04   2.0863E-04   0.99932
FLUX  560   755.00        3.970762E+14   2.0762E-04   2.0763E-04   0.99997
FLUX  561   757.00        3.960271E+14   2.0662E-04   2.0664E-04   0.99989
FLUX  562   759.00        3.949835E+14   2.0546E-04   2.0566E-04   0.99907
FLUX  563   761.00        3.939455E+14   2.0441E-04   2.0468E-04   0.99866
FLUX  564   763.00        3.929128E+14   2.0364E-04   2.0371E-04   0.99965
FLUX  565   765.00        3.918856E+14   2.0269E-04   2.0275E-04   0.99969
FLUX  566   767.00        3.908638E+14   2.0178E-04   2.0179E-04   0.99991
FLUX  567   769.00        3.898472E+14   2.0073E-04   2.0085E-04   0.99944
FLUX  568   771.00        3.888359E+14   1.9979E-04   1.9990E-04   0.99943
FLUX  569   773.00        3.878299E+14   1.9875E-04   1.9897E-04   0.99893
FLUX  570   775.00        3.868290E+14   1.9801E-04   1.9804E-04   0.99987
FLUX  571   777.00        3.858333E+14   1.9702E-04   1.9712E-04   0.99953
FLUX  572   779.00        3.848427E+14   1.9620E-04   1.9620E-04   0.99998
FLUX  573   781.00        3.838572E+14   1.9520E-04   1.9529E-04   0.99955
FLUX  574   783.00        3.828768E+14   1.9438E-04   1.9439E-04   0.99998
FLUX  575   785.00        3.819013E+14   1.9359E-04   1.9363E-04   0.99978
FLUX  576   787.00        3.809307E+14   1.9245E-04   1.9274E-04   0.99847
FLUX  577   789.00        3.799651E+14   1.9143E-04   1.9186E-04   0.99776
FLUX  578   791.00        3.790044E+14   1.9081E-04   1.9098E-04   0.99910
FLUX  579   793.00        3.780485E+14   1.8986E-04   1.9010E-04   0.99874
FLUX  580   795.00        3.770975E+14   1.8910E-04   1.8923E-04   0.99927
FLUX  581   797.00        3.761512E+14   1.8813E-04   1.8837E-04   0.99871
FLUX  582   799.00        3.752096E+14   1.8736E-04   1.8752E-04   0.99917
FLUX  583   801.00        3.742728E+14   1.8640E-04   1.8667E-04   0.99855
FLUX  584   803.00        3.733406E+14   1.8550E-04   1.8582E-04   0.99829
FLUX  585   805.00        3.724130E+14   1.8479E-04   1.8498E-04   0.99896
FLUX  586   807.00        3.714901E+14   1.8396E-04   1.8415E-04   0.99896
FLUX  587   809.00        3.705717E+14   1.8295E-04   1.8332E-04   0.99795
FLUX  588   811.00        3.696578E+14   1.8142E-04   1.8250E-04   0.99406
FLUX  589   813.00        3.687485E+14   1.8155E-04   1.8168E-04   0.99925
FLUX  590   815.00        3.678436E+14   1.8054E-04   1.8087E-04   0.99814
FLUX  591   817.00        3.669431E+14   1.7998E-04   1.8007E-04   0.99952
FLUX  592   819.00        3.660470E+14   1.7852E-04   1.7927E-04   0.99584
FLUX  593   821.00        3.651553E+14   1.7750E-04   1.8416E-04   0.96385
FLUX  594   823.00        3.642679E+14   1.7660E-04   1.8334E-04   0.96324
FLUX  595   825.00        3.633848E+14   1.7646E-04   1.8252E-04   0.96683
FLUX  596   827.00        3.625060E+14   1.7447E-04   1.8176E-04   0.95988
FLUX  597   829.00        3.616315E+14   1.7476E-04   1.8095E-04   0.96577
FLUX  598   831.00        3.607611E+14   1.7414E-04   1.8015E-04   0.96664
FLUX  599   833.00        3.598950E+14   1.7328E-04   1.7935E-04   0.96612
FLUX  600   835.00        3.590329E+14   1.7184E-04   1.7856E-04   0.96236
FLUX  601   837.00        3.581750E+14   1.7150E-04   1.7777E-04   0.96473
FLUX  602   839.00        3.573212E+14   1.7108E-04   1.7699E-04   0.96660
FLUX  603   841.00        3.564715E+14   1.7023E-04   1.7621E-04   0.96607
FLUX  604   843.00        3.556257E+14   1.6947E-04   1.7544E-04   0.96593
FLUX  605   845.00        3.547840E+14   1.6784E-04   1.7468E-04   0.96088
FLUX  606   847.00        3.539463E+14   1.6784E-04   1.7392E-04   0.96508
FLUX  607   849.00        3.531125E+14   1.6702E-04   1.7316E-04   0.96452
FLUX  608   851.00        3.522826E+14   1.6568E-04   1.7241E-04   0.96099
FLUX  609   853.00        3.514566E+14   1.6573E-04   1.7166E-04   0.96547
FLUX  610   855.00        3.506345E+14   1.6332E-04   1.7092E-04   0.95553
FLUX  611   857.00        3.498162E+14   1.6567E-04   1.7018E-04   0.97350
FLUX  612   859.00        3.490017E+14   1.6099E-04   1.6945E-04   0.95006
FLUX  613   861.00        3.481911E+14   1.6103E-04   1.6872E-04   0.95439
FLUX  614   863.00        3.473841E+14   1.6462E-04   1.6800E-04   0.97990
FLUX  615   865.00        3.465809E+14   1.6143E-04   1.6728E-04   0.96502
FLUX  616   867.00        3.457814E+14   1.5414E-04   1.6657E-04   0.92541
FLUX  617   869.00        3.449856E+14   1.6259E-04   1.6586E-04   0.98032
FLUX  618   871.00        3.441935E+14   1.6326E-04   1.6515E-04   0.98856
FLUX  619   873.00        3.434049E+14   1.6001E-04   1.6445E-04   0.97300
FLUX  620   875.00        3.426200E+14   1.4847E-04   1.6376E-04   0.90663
FLUX  621   877.00        3.418387E+14   1.5719E-04   1.6307E-04   0.96394
FLUX  622   879.00        3.410609E+14   1.6107E-04   1.6238E-04   0.99191
FLUX  623   881.00        3.402866E+14   1.6078E-04   1.6170E-04   0.99435
FLUX  624   883.00        3.395159E+14   1.5952E-04   1.6102E-04   0.99071
FLUX  625   885.00        3.387486E+14   1.5256E-04   1.6034E-04   0.95144
FLUX  626   887.00        3.379848E+14   1.4362E-04   1.5967E-04   0.89947
FLUX  627   889.00        3.372244E+14   1.5660E-04   1.5901E-04   0.98483
FLUX  628   891.00        3.364674E+14   1.5750E-04   1.5835E-04   0.99463
FLUX  629   893.00        3.357139E+14   1.5696E-04   1.5769E-04   0.99538
FLUX  630   895.00        3.349637E+14   1.5671E-04   1.5704E-04   0.99796
FLUX  631   897.00        3.342168E+14   1.5579E-04   1.5639E-04   0.99621
FLUX  632   899.00        3.334733E+14   1.5295E-04   1.5574E-04   0.98209
FLUX  633   901.00        3.327331E+14   1.3963E-04   1.5510E-04   0.90029
FLUX  634   903.00        3.319961E+14   1.4602E-04   1.5446E-04   0.94534
FLUX  635   905.00        3.312624E+14   1.5260E-04   1.5383E-04   0.99204
FLUX  636   907.00        3.305320E+14   1.5160E-04   1.5320E-04   0.98959
FLUX  637   909.00        3.298047E+14   1.5194E-04   1.5257E-04   0.99586
FLUX  638   911.00        3.290807E+14   1.5184E-04   1.5195E-04   0.99928
FLUX  639   913.00        3.283598E+14   1.5128E-04   1.5133E-04   0.99965
FLUX  640   915.00        3.276421E+14   1.5068E-04   1.5072E-04   0.99975
FLUX  641   917.00        3.269275E+14   1.4965E-04   1.5010E-04   0.99695
FLUX  642   919.00        3.262160E+14   1.4879E-04   1.4950E-04   0.99527
FLUX  643   921.00        3.255076E+14   1.4420E-04   1.4889E-04   0.96851
FLUX  644   923.00        3.248023E+14   1.3031E-04   1.4829E-04   0.87876
FLUX  645   925.00        3.241000E+14   1.4323E-04   1.4770E-04   0.96972
FLUX  646   927.00        3.234008E+14   1.4620E-04   1.4710E-04   0.99387
FLUX  647   929.00        3.227045E+14   1.4626E-04   1.4651E-04   0.99824
FLUX  648   931.00        3.220113E+14   1.4528E-04   1.4593E-04   0.99557
FLUX  649   933.00        3.213210E+14   1.4494E-04   1.4535E-04   0.99717
FLUX  650   935.00        3.206337E+14   1.4444E-04   1.4477E-04   0.99772
FLUX  651   937.00        3.199493E+14   1.4407E-04   1.4419E-04   0.99912
FLUX  652   939.00        3.192678E+14   1.4355E-04   1.4362E-04   0.99949
FLUX  653   941.00        3.185893E+14   1.4291E-04   1.4305E-04   0.99902
FLUX  654   943.00        3.179136E+14   1.4237E-04   1.4249E-04   0.99917
FLUX  655   945.00        3.172407E+14   1.4178E-04   1.4192E-04   0.99894
FLUX  656   947.00        3.165707E+14   1.4063E-04   1.4137E-04   0.99477
FLUX  657   949.00        3.159036E+14   1.4049E-04   1.4081E-04   0.99773
FLUX  658   951.00        3.152392E+14   1.3846E-04   1.4026E-04   0.98719
FLUX  659   953.00        3.145776E+14   1.3436E-04   1.3971E-04   0.96168
FLUX  660   955.00        3.139188E+14   1.2215E-04   1.3917E-04   0.87773
FLUX  661   957.00        3.132628E+14   1.3563E-04   1.3862E-04   0.97840
FLUX  662   959.00        3.126095E+14   1.3747E-04   1.3808E-04   0.99552
FLUX  663   961.00        3.119589E+14   1.3693E-04   1.3755E-04   0.99551
FLUX  664   963.00        3.113110E+14   1.3620E-04   1.3701E-04   0.99405
FLUX  665   965.00        3.106658E+14   1.3646E-04   1.3648E-04   0.99981
FLUX  666   967.00        3.100233E+14   1.3595E-04   1.3596E-04   0.99992
FLUX  667   969.00        3.093834E+14   1.3532E-04   1.3543E-04   0.99914
FLUX  668   971.00        3.087461E+14   1.3364E-04   1.3491E-04   0.99056
FLUX  669   973.00        3.081115E+14   1.3424E-04   1.3440E-04   0.99884
FLUX  670   975.00        3.074795E+14   1.3385E-04   1.3388E-04   0.99974
FLUX  671   977.00        3.068500E+14   1.3335E-04   1.3337E-04   0.99989
FLUX  672   979.00        3.062232E+14   1.3283E-04   1.3286E-04   0.99974
FLUX  673   981.00        3.055989E+14   1.3223E-04   1.3235E-04   0.99908
FLUX  674   983.00        3.049771E+14   1.3183E-04   1.3185E-04   0.99986
FLUX  675   985.00        3.043579E+14   1.3128E-04   1.3135E-04   0.99949
FLUX  676   987.00        3.037411E+14   1.3075E-04   1.3085E-04   0.99924
FLUX  677   989.00        3.031269E+14   1.3012E-04   1.3036E-04   0.99817
FLUX  678   991.00        3.025151E+14   1.2924E-04   1.2987E-04   0.99515
FLUX  679   993.00        3.019058E+14   1.2934E-04   1.2938E-04   0.99973
FLUX  680   995.00        3.012990E+14   1.2885E-04   1.2889E-04   0.99970
FLUX  681   997.00        3.006946E+14   1.2829E-04   1.2841E-04   0.99906
FLUX  682   999.00        3.000926E+14   1.2780E-04   1.2793E-04   0.99901
FLUX  683  1002.50        2.990449E+14   1.2291E-04   1.2709E-04   0.96707
FLUX  684  1007.50        2.975608E+14   1.2019E-04   1.2591E-04   0.95454
FLUX  685  1012.50        2.960914E+14   1.2407E-04   1.2475E-04   0.99458
FLUX  686  1017.50        2.946364E+14   1.2360E-04   1.2360E-04   0.99993
FLUX  687  1022.50        2.931956E+14   1.2241E-04   1.2247E-04   0.99946
FLUX  688  1027.50        2.917689E+14   1.2134E-04   1.2136E-04   0.99987
FLUX  689  1032.50        2.903559E+14   1.1985E-04   1.2026E-04   0.99661
FLUX  690  1037.50        2.889566E+14   1.1917E-04   1.1917E-04   0.99998
FLUX  691  1042.50        2.875707E+14   1.1810E-04   1.1810E-04   0.99998
FLUX  692  1047.50        2.861981E+14   1.1704E-04   1.1704E-04   0.99998
FLUX  693  1052.50        2.848385E+14   1.1597E-04   1.1600E-04   0.99975
FLUX  694  1057.50        2.834917E+14   1.1497E-04   1.1497E-04   0.99994
FLUX  695  1062.50        2.821576E+14   1.1395E-04   1.1396E-04   0.99991
FLUX  696  1067.50        2.808361E+14   1.1279E-04   1.1296E-04   0.99849
FLUX  697  1072.50        2.795268E+14   1.1196E-04   1.1197E-04   0.99997
FLUX  698  1077.50        2.782297E+14   1.1098E-04   1.1099E-04   0.99991
FLUX  699  1082.50        2.769446E+14   1.0899E-04   1.1003E-04   0.99055
FLUX  700  1087.50        2.756713E+14   1.0887E-04   1.0908E-04   0.99812
FLUX  701  1092.50        2.744096E+14   1.0108E-04   1.0814E-04   0.93475
FLUX  702  1097.50        2.731595E+14   1.0554E-04   1.0721E-04   0.98438
FLUX  703  1102.50        2.719206E+14   1.0577E-04   1.0630E-04   0.99507
FLUX  704  1107.50        2.706930E+14   1.0534E-04   1.0539E-04   0.99946
FLUX  705  1112.50        2.694764E+14   1.0448E-04   1.0450E-04   0.99982
FLUX  706  1117.50        2.682707E+14   1.0362E-04   1.0362E-04   0.99997
FLUX  707  1122.50        2.670757E+14   1.0270E-04   1.0275E-04   0.99954
FLUX  708  1127.50        2.658913E+14   1.0188E-04   1.0189E-04   0.99985
FLUX  709  1132.50        2.647174E+14   1.0094E-04   1.0104E-04   0.99898
FLUX  710  1137.50        2.635538E+14   1.0018E-04   1.0021E-04   0.99969
FLUX  711  1142.50        2.624004E+14   9.9325E-05   9.9380E-05   0.99944
FLUX  712  1147.50        2.612571E+14   9.8544E-05   9.8563E-05   0.99980
FLUX  713  1152.50        2.601236E+14   9.7755E-05   9.7756E-05   0.99998
FLUX  714  1157.50        2.590000E+14   9.6916E-05   9.6959E-05   0.99956
FLUX  715  1162.50        2.578860E+14   9.6108E-05   9.6172E-05   0.99933
FLUX  716  1167.50        2.567816E+14   9.5282E-05   9.5394E-05   0.99883
FLUX  717  1172.50        2.556866E+14   9.4625E-05   9.4625E-05   1.00000
FLUX  718  1177.50        2.546008E+14   9.3856E-05   9.3866E-05   0.99989
FLUX  719  1182.50        2.535243E+14   9.3099E-05   9.3116E-05   0.99982
FLUX  720  1187.50        2.524568E+14   9.2368E-05   9.2375E-05   0.99993
FLUX  721  1192.50        2.513983E+14   9.1636E-05   9.1642E-05   0.99994
FLUX  722  1197.50        2.503486E+14   9.0157E-05   9.0918E-05   0.99162
FLUX  723  1202.50        2.493077E+14   9.0198E-05   9.0203E-05   0.99995
FLUX  724  1207.50        2.482754E+14   8.9493E-05   8.9496E-05   0.99997
FLUX  725  1212.50        2.472515E+14   8.8783E-05   8.8797E-05   0.99984
FLUX  726  1217.50        2.462361E+14   8.8100E-05   8.8106E-05   0.99993
FLUX  727  1222.50        2.452290E+14   8.7417E-05   8.7424E-05   0.99993
FLUX  728  1227.50        2.442301E+14   8.6747E-05   8.6749E-05   0.99998
FLUX  729  1232.50        2.432393E+14   8.6071E-05   8.6082E-05   0.99987
FLUX  730  1237.50        2.422566E+14   8.5410E-05   8.5423E-05   0.99985
FLUX  731  1242.50        2.412817E+14   8.4770E-05   8.4771E-05   0.99998
FLUX  732  1247.50        2.403146E+14   8.4099E-05   8.4127E-05   0.99968
FLUX  733  1252.50        2.393553E+14   8.3295E-05   8.3489E-05   0.99767
FLUX  734  1257.50        2.384036E+14   8.2825E-05   8.2860E-05   0.99958
FLUX  735  1262.50        2.374594E+14   8.2206E-05   8.2237E-05   0.99962
FLUX  736  1267.50        2.365227E+14   8.1619E-05   8.1621E-05   0.99997
FLUX  737  1272.50        2.355933E+14   8.1005E-05   8.1012E-05   0.99991
FLUX  738  1277.50        2.346712E+14   7.9276E-05   8.0410E-05   0.98590
FLUX  739  1282.50        2.337563E+14   7.4630E-05   7.9814E-05   0.93505
FLUX  740  1287.50        2.328485E+14   7.8903E-05   7.9225E-05   0.99593
FLUX  741  1292.50        2.319478E+14   7.8635E-05   7.8643E-05   0.99990
FLUX  742  1297.50        2.310539E+14   7.7613E-05   7.8067E-05   0.99419
FLUX  743  1302.50        2.301670E+14   7.7447E-05   7.7497E-05   0.99936
FLUX  744  1307.50        2.292868E+14   7.6932E-05   7.6933E-05   0.99998
FLUX  745  1312.50        2.284133E+14   7.6375E-05   7.6375E-05   1.00000
FLUX  746  1317.50        2.275465E+14   7.5822E-05   7.5824E-05   0.99998
FLUX  747  1322.50        2.266862E+14   7.5277E-05   7.5278E-05   0.99999
FLUX  748  1327.50        2.258324E+14   7.4737E-05   7.4738E-05   0.99999
FLUX  749  1332.50        2.249850E+14   7.4185E-05   7.4204E-05   0.99974
FLUX  750  1337.50        2.241439E+14   7.3635E-05   7.3676E-05   0.99944
FLUX  751  1342.50        2.233091E+14   7.3077E-05   7.3153E-05   0.99896
FLUX  752  1347.50        2.224805E+14   7.2625E-05   7.2636E-05   0.99985
FLUX  753  1352.50        2.216580E+14   7.2079E-05   7.2124E-05   0.99937
FLUX  754  1357.50        2.208416E+14   7.1606E-05   7.1617E-05   0.99983
FLUX  755  1362.50        2.200312E+14   7.1055E-05   7.1116E-05   0.99914
FLUX  756  1367.50        2.192267E+14   7.0610E-05   7.0620E-05   0.99985
FLUX  757  1372.50        2.184280E+14   7.0073E-05   7.0130E-05   0.99919
FLUX  758  1377.50        2.176352E+14   6.9642E-05   6.9644E-05   0.99998
FLUX  759  1382.50        2.168481E+14   6.9162E-05   6.9163E-05   0.99998
FLUX  760  1387.50        2.160667E+14   6.8680E-05   6.8687E-05   0.99990
FLUX  761  1392.50        2.152908E+14   6.8164E-05   6.8216E-05   0.99924
FLUX  762  1397.50        2.145206E+14   6.7735E-05   6.7750E-05   0.99978
FLUX  763  1402.50        2.137558E+14   6.7253E-05   6.7289E-05   0.99946
FLUX  764  1407.50        2.129964E+14   6.6831E-05   6.6832E-05   0.99998
FLUX  765  1412.50        2.122425E+14   6.6369E-05   6.6380E-05   0.99983
FLUX  766  1417.50        2.114938E+14   6.5928E-05   6.5933E-05   0.99992
FLUX  767  1422.50        2.107504E+14   6.5488E-05   6.5490E-05   0.99998
FLUX  768  1427.50        2.100123E+14   6.5044E-05   6.5051E-05   0.99989
FLUX  769  1432.50        2.092792E+14   6.4612E-05   6.4617E-05   0.99993
FLUX  770  1437.50        2.085513E+14   6.4179E-05   6.4187E-05   0.99988
FLUX  771  1442.50        2.078284E+14   6.3760E-05   6.3761E-05   0.99999
FLUX  772  1447.50        2.071105E+14   6.3339E-05   6.3340E-05   1.00000
FLUX  773  1452.50        2.063976E+14   6.2914E-05   6.2922E-05   0.99987
FLUX  774  1457.00        2.057601E+14   6.2548E-05   6.2550E-05   0.99996
FLUX  775  1462.00        2.050564E+14   6.2142E-05   6.2703E-05   0.99106
FLUX  776  1467.50        2.042879E+14   6.1702E-05   6.2252E-05   0.99117
FLUX  777  1472.50        2.035942E+14   6.1303E-05   6.1846E-05   0.99122
FLUX  778  1477.50        2.029052E+14   6.0892E-05   6.1444E-05   0.99101
FLUX  779  1482.50        2.022209E+14   6.0518E-05   6.1046E-05   0.99136
FLUX  780  1487.50        2.015412E+14   6.0132E-05   6.0652E-05   0.99142
FLUX  781  1492.50        2.008660E+14   5.9749E-05   6.0262E-05   0.99149
FLUX  782  1497.50        2.001953E+14   5.9368E-05   5.9875E-05   0.99154
FLUX  783  1502.50        1.995291E+14   5.8980E-05   5.9492E-05   0.99140
FLUX  784  1507.50        1.988673E+14   5.8523E-05   5.9113E-05   0.99003
FLUX  785  1512.50        1.982099E+14   5.8246E-05   5.8737E-05   0.99164
FLUX  786  1517.50        1.975568E+14   5.7874E-05   5.8365E-05   0.99158
FLUX  787  1522.50        1.969080E+14   5.7511E-05   5.7996E-05   0.99164
FLUX  788  1527.50        1.962635E+14   5.7131E-05   5.7631E-05   0.99131
FLUX  789  1532.50        1.956232E+14   5.6762E-05   5.7270E-05   0.99113
FLUX  790  1537.50        1.949870E+14   5.6433E-05   5.6911E-05   0.99160
FLUX  791  1542.50        1.943549E+14   5.5999E-05   5.6556E-05   0.99015
FLUX  792  1547.50        1.937270E+14   5.5729E-05   5.6204E-05   0.99154
FLUX  793  1552.50        1.931031E+14   5.5369E-05   5.5856E-05   0.99127
FLUX  794  1557.50        1.924831E+14   5.4844E-05   5.5511E-05   0.98799
FLUX  795  1562.50        1.918672E+14   5.4812E-05   5.5169E-05   0.99353
FLUX  796  1567.50        1.912552E+14   5.4230E-05   5.4830E-05   0.98906
FLUX  797  1572.50        1.906471E+14   5.3718E-05   5.4494E-05   0.98577
FLUX  798  1577.50        1.900428E+14   5.3869E-05   5.4161E-05   0.99461
FLUX  799  1582.50        1.894423E+14   5.3507E-05   5.3831E-05   0.99397
FLUX  800  1587.50        1.888457E+14   5.2273E-05   5.3505E-05   0.97698
FLUX  801  1592.50        1.882527E+14   5.2687E-05   5.3181E-05   0.99071
FLUX  802  1597.50        1.876635E+14   5.2668E-05   5.2860E-05   0.99637
FLUX  803  1605.00        1.867866E+14   5.1991E-05   5.2384E-05   0.99249
FLUX  804  1615.00        1.856300E+14   5.0785E-05   5.1760E-05   0.98116
FLUX  805  1625.00        1.844877E+14   5.1113E-05   5.1146E-05   0.99935
FLUX  806  1635.00        1.833593E+14   5.0102E-05   5.0543E-05   0.99126
FLUX  807  1645.00        1.822447E+14   4.8788E-05   4.9951E-05   0.97671
FLUX  808  1655.00        1.811435E+14   4.9365E-05   4.9369E-05   0.99991
FLUX  809  1665.00        1.800556E+14   4.8796E-05   4.8797E-05   0.99997
FLUX  810  1675.00        1.789806E+14   4.7761E-05   4.8235E-05   0.99016
FLUX  811  1685.00        1.779184E+14   4.6410E-05   4.7683E-05   0.97331
FLUX  812  1695.00        1.768687E+14   4.7129E-05   4.7140E-05   0.99978
FLUX  813  1705.00        1.758314E+14   4.6372E-05   4.6606E-05   0.99498
FLUX  814  1715.00        1.748061E+14   4.6078E-05   4.6081E-05   0.99994
FLUX  815  1725.00        1.737928E+14   4.5533E-05   4.5565E-05   0.99929
FLUX  816  1735.00        1.727911E+14   4.3439E-05   4.5057E-05   0.96408
FLUX  817  1745.00        1.718009E+14   4.4411E-05   4.4558E-05   0.99670
FLUX  818  1755.00        1.708219E+14   4.4066E-05   4.4067E-05   0.99998
FLUX  819  1765.00        1.698541E+14   4.3584E-05   4.3584E-05   1.00000
FLUX  820  1775.00        1.688972E+14   4.3106E-05   4.3109E-05   0.99993
FLUX  821  1785.00        1.679510E+14   4.2615E-05   4.2642E-05   0.99936
FLUX  822  1795.00        1.670153E+14   4.2182E-05   4.2182E-05   0.99999
FLUX  823  1805.00        1.660900E+14   4.1712E-05   4.1729E-05   0.99957
FLUX  824  1815.00        1.651749E+14   3.9818E-05   4.1284E-05   0.96449
FLUX  825  1825.00        1.642699E+14   4.0575E-05   4.0846E-05   0.99337
FLUX  826  1835.00        1.633747E+14   4.0411E-05   4.0414E-05   0.99992
FLUX  827  1845.00        1.624892E+14   3.9984E-05   3.9990E-05   0.99986
FLUX  828  1855.00        1.616132E+14   3.9527E-05   3.9572E-05   0.99887
FLUX  829  1865.00        1.607466E+14   3.8873E-05   3.9160E-05   0.99267
FLUX  830  1875.00        1.598893E+14   3.7342E-05   3.8755E-05   0.96354
FLUX  831  1885.00        1.590411E+14   3.8327E-05   3.8356E-05   0.99925
FLUX  832  1895.00        1.582018E+14   3.7946E-05   3.7963E-05   0.99955
FLUX  833  1905.00        1.573714E+14   3.7451E-05   3.7576E-05   0.99667
FLUX  834  1915.00        1.565496E+14   3.7191E-05   3.7195E-05   0.99991
FLUX  835  1925.00        1.557364E+14   3.6819E-05   3.6819E-05   0.99999
FLUX  836  1935.00        1.549315E+14   3.6388E-05   3.6450E-05   0.99832
FLUX  837  1945.00        1.541350E+14   3.4585E-05   3.6085E-05   0.95842
FLUX  838  1955.00        1.533465E+14   3.5620E-05   3.5727E-05   0.99701
FLUX  839  1965.00        1.525662E+14   3.5373E-05   3.5373E-05   0.99999
FLUX  840  1975.00        1.517937E+14   3.5025E-05   3.5025E-05   1.00000
FLUX  841  1985.00        1.510290E+14   3.4681E-05   3.4681E-05   0.99999
FLUX  842  1995.00        1.502719E+14   3.4343E-05   3.4343E-05   0.99999
FLUX  843  2005.00        1.495224E+14   3.4009E-05   3.4010E-05   0.99998
FLUX  844  2015.00        1.487804E+14   3.3681E-05   3.3681E-05   1.00000
FLUX  845  2025.00        1.480457E+14   3.3357E-05   3.3357E-05   1.00000
FLUX  846  2035.00        1.473182E+14   3.3038E-05   3.3038E-05   1.00000
FLUX  847  2045.00        1.465978E+14   3.2713E-05   3.2723E-05   0.99970
FLUX  848  2055.00        1.458844E+14   3.2350E-05   3.2413E-05   0.99806
FLUX  849  2065.00        1.451780E+14   3.2107E-05   3.2107E-05   1.00000
FLUX  850  2075.00        1.444783E+14   3.1802E-05   3.1805E-05   0.99990
FLUX  851  2085.00        1.437854E+14   3.1507E-05   3.1508E-05   0.99999
FLUX  852  2095.00        1.430990E+14   3.1211E-05   3.1215E-05   0.99990
FLUX  853  2105.00        1.424192E+14   3.0920E-05   3.0925E-05   0.99982
FLUX  854  2115.00        1.417459E+14   3.0530E-05   3.0640E-05   0.99641
FLUX  855  2125.00        1.410788E+14   3.0359E-05   3.0359E-05   1.00000
FLUX  856  2135.00        1.404180E+14   3.0081E-05   3.0081E-05   0.99998
FLUX  857  2145.00        1.397634E+14   2.9800E-05   2.9808E-05   0.99975
FLUX  858  2155.00        1.391148E+14   2.9494E-05   2.9538E-05   0.99851
FLUX  859  2165.00        1.384723E+14   2.8014E-05   2.9271E-05   0.95705
FLUX  860  2175.00        1.378356E+14   2.8914E-05   2.9008E-05   0.99675
FLUX  861  2185.00        1.372048E+14   2.8732E-05   2.8749E-05   0.99942
FLUX  862  2195.00        1.365797E+14   2.8493E-05   2.8493E-05   0.99999
FLUX  863  2205.00        1.359603E+14   2.8241E-05   2.8241E-05   1.00000
FLUX  864  2215.00        1.353465E+14   2.7991E-05   2.7991E-05   1.00000
FLUX  865  2225.00        1.347382E+14   2.7739E-05   2.7745E-05   0.99978
FLUX  866  2235.00        1.341353E+14   2.7503E-05   2.7503E-05   1.00000
FLUX  867  2245.00        1.335379E+14   2.7263E-05   2.7263E-05   1.00000
FLUX  868  2255.00        1.329457E+14   2.7026E-05   2.7027E-05   0.99999
FLUX  869  2265.00        1.323587E+14   2.6793E-05   2.6793E-05   1.00000
FLUX  870  2275.00        1.317769E+14   2.6563E-05   2.6563E-05   1.00000
FLUX  871  2285.00        1.312002E+14   2.6335E-05   2.6428E-05   0.99648
FLUX  872  2295.00        1.306285E+14   2.6112E-05   2.6203E-05   0.99653
FLUX  873  2305.00        1.300618E+14   2.5886E-05   2.5980E-05   0.99637
FLUX  874  2315.00        1.295000E+14   2.5672E-05   2.5760E-05   0.99659
FLUX  875  2325.00        1.289430E+14   2.5457E-05   2.5543E-05   0.99664
FLUX  876  2335.00        1.283908E+14   2.5244E-05   2.5328E-05   0.99667
FLUX  877  2345.00        1.278433E+14   2.5034E-05   2.5116E-05   0.99671
FLUX  878  2355.00        1.273004E+14   2.4826E-05   2.4907E-05   0.99673
FLUX  879  2365.00        1.267622E+14   2.4620E-05   2.4701E-05   0.99674
FLUX  880  2375.00        1.262284E+14   2.4417E-05   2.4497E-05   0.99677
FLUX  881  2385.00        1.256992E+14   2.4218E-05   2.4295E-05   0.99683
FLUX  882  2395.00        1.251743E+14   2.4019E-05   2.4096E-05   0.99679
FLUX  883  2405.00        1.246538E+14   2.3823E-05   2.3899E-05   0.99681
FLUX  884  2415.00        1.241377E+14   2.3629E-05   2.3705E-05   0.99679
FLUX  885  2425.00        1.236258E+14   2.3438E-05   2.3513E-05   0.99679
FLUX  886  2435.00        1.231181E+14   2.3248E-05   2.3323E-05   0.99678
FLUX  887  2445.00        1.226145E+14   2.3058E-05   2.3136E-05   0.99663
FLUX  888  2455.00        1.221151E+14   2.2879E-05   2.2951E-05   0.99687
FLUX  889  2465.00        1.216197E+14   2.2689E-05   2.2768E-05   0.99651
FLUX  890  2475.00        1.211283E+14   2.2476E-05   2.2587E-05   0.99509
FLUX  891  2485.00        1.206408E+14   2.2345E-05   2.2409E-05   0.99716
FLUX  892  2495.00        1.201573E+14   2.2126E-05   2.2232E-05   0.99521
FLUX  893  2505.00        1.196776E+14   2.1998E-05   2.2058E-05   0.99728
FLUX  894  2515.00        1.192018E+14   2.1828E-05   2.1885E-05   0.99737
FLUX  895  2525.00        1.187297E+14   2.1580E-05   2.1715E-05   0.99377
FLUX  896  2535.00        1.182613E+14   2.1483E-05   2.1546E-05   0.99708
FLUX  897  2545.00        1.177967E+14   2.1371E-05   2.1380E-05   0.99960
FLUX  898  2555.00        1.173356E+14   2.1150E-05   2.1215E-05   0.99694
FLUX  899  2565.00        1.168782E+14   2.0863E-05   2.1053E-05   0.99101
FLUX  900  2575.00        1.164243E+14   2.0846E-05   2.0892E-05   0.99780
FLUX  901  2585.00        1.159739E+14   2.0732E-05   2.0733E-05   0.99997
FLUX  902  2595.00        1.155270E+14   2.0567E-05   2.0576E-05   0.99960
FLUX  903  2605.00        1.150835E+14   2.0318E-05   2.0420E-05   0.99497
FLUX  904  2615.00        1.146434E+14   1.9925E-05   2.0266E-05   0.98313
FLUX  905  2625.00        1.142067E+14   1.9224E-05   2.0115E-05   0.95573
FLUX  906  2635.00        1.137732E+14   1.9870E-05   1.9964E-05   0.99526
FLUX  907  2645.00        1.133431E+14   1.9815E-05   1.9816E-05   0.99997
FLUX  908  2655.00        1.129162E+14   1.9651E-05   1.9669E-05   0.99909
FLUX  909  2665.00        1.124925E+14   1.9458E-05   1.9523E-05   0.99663
FLUX  910  2675.00        1.120720E+14   1.8978E-05   1.9380E-05   0.97926
FLUX  911  2685.00        1.116546E+14   1.9164E-05   1.9237E-05   0.99618
FLUX  912  2695.00        1.112403E+14   1.9097E-05   1.9097E-05   0.99998
FLUX  913  2705.00        1.108290E+14   1.8958E-05   1.8958E-05   0.99999
FLUX  914  2715.00        1.104208E+14   1.8820E-05   1.8820E-05   1.00000
FLUX  915  2725.00        1.100156E+14   1.8684E-05   1.8684E-05   1.00000
FLUX  916  2735.00        1.096133E+14   1.8549E-05   1.8550E-05   0.99999
FLUX  917  2745.00        1.092140E+14   1.8391E-05   1.8416E-05   0.99863
FLUX  918  2755.00        1.088176E+14   1.7848E-05   1.8285E-05   0.97613
FLUX  919  2765.00        1.084240E+14   1.7978E-05   1.8154E-05   0.99029
FLUX  920  2775.00        1.080333E+14   1.8024E-05   1.8025E-05   0.99990
FLUX  921  2785.00        1.076454E+14   1.7898E-05   1.7898E-05   0.99999
FLUX  922  2795.00        1.072603E+14   1.7771E-05   1.7772E-05   1.00000
FLUX  923  2805.00        1.068779E+14   1.7644E-05   1.7647E-05   0.99987
FLUX  924  2815.00        1.064982E+14   1.7523E-05   1.7523E-05   0.99998
FLUX  925  2825.00        1.061212E+14   1.7400E-05   1.7401E-05   0.99999
FLUX  926  2835.00        1.057469E+14   1.7279E-05   1.7280E-05   1.00000
FLUX  927  2845.00        1.053752E+14   1.7160E-05   1.7160E-05   0.99999
FLUX  928  2855.00        1.050061E+14   1.7033E-05   1.7041E-05   0.99954
FLUX  929  2865.00        1.046396E+14   1.6799E-05   1.6924E-05   0.99262
FLUX  930  2875.00        1.042757E+14   1.6277E-05   1.6808E-05   0.96842
FLUX  931  2885.00        1.039142E+14   1.6657E-05   1.6693E-05   0.99789
FLUX  932  2895.00        1.035553E+14   1.6579E-05   1.6579E-05   0.99998
FLUX  933  2905.00        1.031988E+14   1.6466E-05   1.6466E-05   0.99999
FLUX  934  2915.00        1.028448E+14   1.6355E-05   1.6355E-05   1.00000
FLUX  935  2925.00        1.024932E+14   1.6244E-05   1.6244E-05   1.00000
FLUX  936  2935.00        1.021440E+14   1.6135E-05   1.6135E-05   0.99999
FLUX  937  2945.00        1.017971E+14   1.6026E-05   1.6027E-05   0.99997
FLUX  938  2955.00        1.014526E+14   1.5920E-05   1.5920E-05   1.00000
FLUX  939  2965.00        1.011105E+14   1.5813E-05   1.5814E-05   0.99999
FLUX  940  2975.00        1.007706E+14   1.5708E-05   1.5709E-05   1.00000
FLUX  941  2985.00        1.004330E+14   1.5605E-05   1.5605E-05   1.00000
FLUX  942  2995.00        1.000977E+14   1.5501E-05   1.5502E-05   0.99997
FLUX  943  3005.00        9.976456E+13   1.5400E-05   1.5400E-05   0.99999
FLUX  944  3015.00        9.943366E+13   1.5295E-05   1.5299E-05   0.99973
FLUX  945  3025.00        9.910496E+13   1.5182E-05   1.5199E-05   0.99891
FLUX  946  3035.00        9.877842E+13   1.4672E-05   1.5100E-05   0.97169
FLUX  947  3045.00        9.845402E+13   1.4759E-05   1.5002E-05   0.98385
FLUX  948  3055.00        9.813175E+13   1.4895E-05   1.4905E-05   0.99933
FLUX  949  3065.00        9.781158E+13   1.4806E-05   1.4809E-05   0.99986
FLUX  950  3075.00        9.749349E+13   1.4705E-05   1.4713E-05   0.99947
FLUX  951  3085.00        9.717747E+13   1.4614E-05   1.4619E-05   0.99965
FLUX  952  3095.00        9.686349E+13   1.4525E-05   1.4526E-05   1.00000
FLUX  953  3105.00        9.655153E+13   1.4432E-05   1.4433E-05   0.99996
FLUX  954  3115.00        9.624157E+13   1.4340E-05   1.4341E-05   0.99992
FLUX  955  3125.00        9.593360E+13   1.4248E-05   1.4251E-05   0.99984
FLUX  956  3135.00        9.562759E+13   1.4160E-05   1.4161E-05   0.99998
FLUX  957  3145.00        9.532353E+13   1.4071E-05   1.4072E-05   0.99994
FLUX  958  3155.00        9.502139E+13   1.3983E-05   1.3983E-05   1.00000
FLUX  959  3165.00        9.472117E+13   1.3896E-05   1.3896E-05   0.99999
FLUX  960  3175.00        9.442283E+13   1.3809E-05   1.3809E-05   1.00000
FLUX  961  3185.00        9.412637E+13   1.3723E-05   1.3723E-05   1.00000
FLUX  962  3195.00        9.383177E+13   1.3638E-05   1.3638E-05   1.00000
FLUX  963  3210.00        9.339330E+13   1.3512E-05   1.3512E-05   1.00000
FLUX  964  3230.00        9.281501E+13   1.3347E-05   1.3347E-05   1.00000
FLUX  965  3250.00        9.224385E+13   1.3185E-05   1.3185E-05   1.00000
FLUX  966  3270.00        9.167966E+13   1.3025E-05   1.3025E-05   0.99998
FLUX  967  3290.00        9.112234E+13   1.2559E-05   1.2890E-05   0.97434
FLUX  968  3310.00        9.057175E+13   1.2649E-05   1.2736E-05   0.99317
FLUX  969  3330.00        9.002778E+13   1.2552E-05   1.2584E-05   0.99747
FLUX  970  3350.00        8.949030E+13   1.2409E-05   1.2436E-05   0.99783
FLUX  971  3370.00        8.895920E+13   1.2264E-05   1.2289E-05   0.99791
FLUX  972  3390.00        8.843436E+13   1.2121E-05   1.2146E-05   0.99795
FLUX  973  3410.00        8.791569E+13   1.1981E-05   1.2005E-05   0.99798
FLUX  974  3430.00        8.740306E+13   1.1865E-05   1.1866E-05   0.99990
FLUX  975  3450.00        8.689638E+13   1.1730E-05   1.1730E-05   0.99997
FLUX  976  3470.00        8.639553E+13   1.1596E-05   1.1596E-05   0.99997
FLUX  977  3490.00        8.590043E+13   1.1463E-05   1.1464E-05   0.99990
FLUX  978  3510.00        8.541097E+13   1.1335E-05   1.1335E-05   0.99997
FLUX  979  3530.00        8.492705E+13   1.1207E-05   1.1208E-05   0.99997
FLUX  980  3550.00        8.444859E+13   1.1082E-05   1.1082E-05   0.99997
FLUX  981  3570.00        8.397549E+13   1.0958E-05   1.0959E-05   0.99990
FLUX  982  3590.00        8.350766E+13   1.0838E-05   1.0838E-05   0.99997
FLUX  983  3610.00        8.304501E+13   1.0710E-05   1.0719E-05   0.99918
FLUX  984  3630.00        8.258746E+13   1.0602E-05   1.0602E-05   0.99997
FLUX  985  3650.00        8.213493E+13   1.0473E-05   1.0487E-05   0.99868
FLUX  986  3670.00        8.168733E+13   1.0373E-05   1.0374E-05   0.99997
FLUX  987  3690.00        8.124458E+13   1.0239E-05   1.0262E-05   0.99779
FLUX  988  3710.00        8.080660E+13   1.0132E-05   1.0152E-05   0.99805
FLUX  989  3730.00        8.037332E+13   9.9132E-06   1.0044E-05   0.98696
FLUX  990  3750.00        7.994467E+13   9.7468E-06   9.9379E-06   0.98077
FLUX  991  3770.00        7.952056E+13   9.8267E-06   9.8332E-06   0.99933
FLUX  992  3790.00        7.910092E+13   9.7300E-06   9.7302E-06   0.99998
FLUX  993  3810.00        7.868569E+13   9.6056E-06   9.6288E-06   0.99759
FLUX  994  3830.00        7.827480E+13   9.5101E-06   9.5289E-06   0.99803
FLUX  995  3850.00        7.786818E+13   9.4304E-06   9.4306E-06   0.99998
FLUX  996  3870.00        7.746576E+13   9.3336E-06   9.3338E-06   0.99998
FLUX  997  3890.00        7.706748E+13   9.2316E-06   9.2384E-06   0.99926
FLUX  998  3910.00        7.667327E+13   9.0949E-06   9.1445E-06   0.99458
FLUX  999  3930.00        7.628308E+13   9.0518E-06   9.0520E-06   0.99997
FLUX 1000  3950.00        7.589683E+13   8.9608E-06   8.9610E-06   0.99998
FLUX 1001  3970.00        7.551448E+13   8.8711E-06   8.8712E-06   0.99999
FLUX 1002  3990.00        7.513596E+13   8.7827E-06   8.7828E-06   0.99998
FLUX 1003  4010.00        7.476122E+13   8.6581E-06   8.6957E-06   0.99567
FLUX 1004  4030.00        7.439020E+13   8.5403E-06   8.6100E-06   0.99191
FLUX 1005  4050.00        7.402284E+13   8.3293E-06   8.5254E-06   0.97700
FLUX 1006  4070.00        7.365909E+13   8.4381E-06   8.4421E-06   0.99952
FLUX 1007  4090.00        7.329890E+13   8.3600E-06   8.3600E-06   0.99999
FLUX 1008  4110.00        7.294221E+13   8.2790E-06   8.2791E-06   0.99999
FLUX 1009  4130.00        7.258898E+13   8.1935E-06   8.1994E-06   0.99928
FLUX 1010  4150.00        7.223916E+13   8.1146E-06   8.1208E-06   0.99924
FLUX 1011  4170.00        7.189269E+13   7.9377E-06   8.0433E-06   0.98687
FLUX 1012  4190.00        7.154952E+13   7.9578E-06   7.9669E-06   0.99886
FLUX 1013  4210.00        7.120962E+13   7.8915E-06   7.8916E-06   0.99999
FLUX 1014  4230.00        7.087293E+13   7.8173E-06   7.8173E-06   1.00000
FLUX 1015  4250.00        7.053941E+13   7.7410E-06   7.7441E-06   0.99960
FLUX 1016  4270.00        7.020902E+13   7.6719E-06   7.6719E-06   1.00000
FLUX 1017  4290.00        6.988170E+13   7.5902E-06   7.6007E-06   0.99861
FLUX 1018  4310.00        6.955742E+13   7.5305E-06   7.5305E-06   1.00000
FLUX 1019  4330.00        6.923614E+13   7.4612E-06   7.4612E-06   0.99999
FLUX 1020  4350.00        6.891782E+13   7.3927E-06   7.3929E-06   0.99997
FLUX 1021  4370.00        6.860240E+13   7.2137E-06   7.3256E-06   0.98473
FLUX 1022  4390.00        6.828986E+13   7.2265E-06   7.2591E-06   0.99550
FLUX 1023  4410.00        6.798016E+13   7.1934E-06   7.1935E-06   0.99999
FLUX 1024  4430.00        6.767325E+13   7.1288E-06   7.1289E-06   1.00000
FLUX 1025  4450.00        6.736910E+13   7.0650E-06   7.0651E-06   1.00000
FLUX 1026  4470.00        6.706767E+13   7.0081E-06   7.0082E-06   0.99998
FLUX 1027  4490.00        6.676893E+13   6.9459E-06   6.9460E-06   0.99998
FLUX 1028  4510.00        6.647284E+13   6.8845E-06   6.8846E-06   0.99998
FLUX 1029  4530.00        6.617936E+13   6.8239E-06   6.8240E-06   0.99998
FLUX 1030  4550.00        6.588846E+13   6.7641E-06   6.7642E-06   0.99998
FLUX 1031  4570.00        6.560011E+13   6.7051E-06   6.7052E-06   0.99998
FLUX 1032  4590.00        6.531427E+13   6.6469E-06   6.6470E-06   0.99998
FLUX 1033  4610.00        6.503091E+13   6.5874E-06   6.5895E-06   0.99969
FLUX 1034  4630.00        6.475000E+13   6.5246E-06   6.5327E-06   0.99875
FLUX 1035  4650.00        6.447150E+13   6.2829E-06   6.4767E-06   0.97007
FLUX 1036  4670.00        6.419540E+13   6.2704E-06   6.4214E-06   0.97648
FLUX 1037  4690.00        6.392164E+13   6.3382E-06   6.3668E-06   0.99551
FLUX 1038  4710.00        6.365021E+13   6.3127E-06   6.3129E-06   0.99997
FLUX 1039  4730.00        6.338108E+13   6.2595E-06   6.2596E-06   0.99998
FLUX 1040  4750.00        6.311421E+13   6.2068E-06   6.2070E-06   0.99997
FLUX 1041  4770.00        6.284958E+13   6.1550E-06   6.1551E-06   0.99998
FLUX 1042  4790.00        6.258716E+13   6.1038E-06   6.1038E-06   0.99999
FLUX 1043  4810.00        6.232692E+13   6.0531E-06   6.0532E-06   0.99999
FLUX 1044  4830.00        6.206884E+13   6.0031E-06   6.0032E-06   0.99999
FLUX 1045  4850.00        6.181289E+13   5.9537E-06   5.9537E-06   0.99999
FLUX 1046  4870.00        6.155903E+13   5.9049E-06   5.9049E-06   0.99999
FLUX 1047  4890.00        6.130726E+13   5.8566E-06   5.8567E-06   0.99999
FLUX 1048  4910.00        6.105753E+13   5.8090E-06   5.8091E-06   0.99999
FLUX 1049  4930.00        6.080984E+13   5.7620E-06   5.7620E-06   0.99999
FLUX 1050  4950.00        6.056414E+13   5.7155E-06   5.7156E-06   0.99999
FLUX 1051  4970.00        6.032042E+13   5.6695E-06   5.6696E-06   0.99999
FLUX 1052  4990.00        6.007866E+13   5.6242E-06   5.6242E-06   0.99999
FLUX 1053  5010.00        5.983882E+13   5.5793E-06   5.5794E-06   0.99998
FLUX 1054  5030.00        5.960089E+13   5.5350E-06   5.5351E-06   0.99998
FLUX 1055  5050.00        5.936485E+13   5.4913E-06   5.4913E-06   0.99999
FLUX 1056  5070.00        5.913067E+13   5.4480E-06   5.4481E-06   0.99998
FLUX 1057  5090.00        5.889833E+13   5.4051E-06   5.4053E-06   0.99997
FLUX 1058  5110.00        5.866781E+13   5.3468E-06   5.3630E-06   0.99697
FLUX 1059  5130.00        5.843908E+13   5.1850E-06   5.3213E-06   0.97440
FLUX 1060  5150.00        5.821214E+13   5.2699E-06   5.2800E-06   0.99809
FLUX 1061  5170.00        5.798694E+13   5.2390E-06   5.2392E-06   0.99997
FLUX 1062  5190.00        5.776349E+13   5.1987E-06   5.1988E-06   0.99998
FLUX 1063  5210.00        5.754175E+13   5.1589E-06   5.1589E-06   0.99999
FLUX 1064  5230.00        5.732170E+13   5.1195E-06   5.1195E-06   0.99999
FLUX 1065  5250.00        5.710333E+13   5.0804E-06   5.0805E-06   0.99997
FLUX 1066  5270.00        5.688662E+13   5.0418E-06   5.0420E-06   0.99997
FLUX 1067  5290.00        5.667155E+13   5.0038E-06   5.0039E-06   0.99999
FLUX 1068  5310.00        5.645810E+13   4.9662E-06   4.9662E-06   0.99999
FLUX 1069  5330.00        5.624625E+13   4.9289E-06   4.9290E-06   0.99999
FLUX 1070  5350.00        5.603598E+13   4.8921E-06   4.8921E-06   0.99999
FLUX 1071  5370.00        5.582728E+13   4.8523E-06   4.8557E-06   0.99929
FLUX 1072  5390.00        5.562013E+13   4.8164E-06   4.8197E-06   0.99932
FLUX 1073  5410.00        5.541451E+13   4.7840E-06   4.7840E-06   0.99999
FLUX 1074  5430.00        5.521040E+13   4.7488E-06   4.7488E-06   0.99999
FLUX 1075  5450.00        5.500780E+13   4.7139E-06   4.7140E-06   0.99999
FLUX 1076  5470.00        5.480667E+13   4.6794E-06   4.6795E-06   0.99999
FLUX 1077  5490.00        5.460701E+13   4.6453E-06   4.6454E-06   0.99999
FLUX 1078  5510.00        5.440880E+13   4.6087E-06   4.6117E-06   0.99935
FLUX 1079  5530.00        5.421202E+13   4.5664E-06   4.5783E-06   0.99739
FLUX 1080  5550.00        5.401667E+13   4.5452E-06   4.5453E-06   0.99998
FLUX 1081  5570.00        5.382271E+13   4.5126E-06   4.5127E-06   0.99999
FLUX 1082  5590.00        5.363014E+13   4.4803E-06   4.4804E-06   0.99999
FLUX 1083  5610.00        5.343895E+13   4.4484E-06   4.4484E-06   1.00000
FLUX 1084  5630.00        5.324911E+13   4.4168E-06   4.4168E-06   1.00000
FLUX 1085  5650.00        5.306062E+13   4.3855E-06   4.3855E-06   0.99999
FLUX 1086  5670.00        5.287346E+13   4.3545E-06   4.3546E-06   0.99999
FLUX 1087  5690.00        5.268761E+13   4.3230E-06   4.3239E-06   0.99979
FLUX 1088  5710.00        5.250306E+13   4.2720E-06   4.2936E-06   0.99497
FLUX 1089  5730.00        5.231981E+13   4.2606E-06   4.2636E-06   0.99930
FLUX 1090  5750.00        5.213783E+13   4.2339E-06   4.2340E-06   0.99999
FLUX 1091  5770.00        5.195711E+13   4.2046E-06   4.2046E-06   0.99999
FLUX 1092  5790.00        5.177763E+13   4.1754E-06   4.1755E-06   0.99998
FLUX 1093  5810.00        5.159940E+13   4.1467E-06   4.1467E-06   1.00000
FLUX 1094  5830.00        5.142238E+13   4.1182E-06   4.1183E-06   0.99999
FLUX 1095  5850.00        5.124658E+13   4.0921E-06   4.0922E-06   0.99998
FLUX 1096  5870.00        5.107198E+13   4.0642E-06   4.0643E-06   0.99997
FLUX 1097  5890.00        5.089856E+13   4.0212E-06   4.0366E-06   0.99619
FLUX 1098  5910.00        5.072631E+13   3.8912E-06   4.0093E-06   0.97055
FLUX 1099  5930.00        5.055523E+13   3.9687E-06   3.9822E-06   0.99662
FLUX 1100  5950.00        5.038529E+13   3.9231E-06   3.9554E-06   0.99183
FLUX 1101  5970.00        5.021650E+13   3.9121E-06   3.9288E-06   0.99572
FLUX 1102  5990.00        5.004883E+13   3.9025E-06   3.9026E-06   0.99997
FLUX 1103  6010.00        4.988228E+13   3.8765E-06   3.8766E-06   0.99998
FLUX 1104  6030.00        4.971683E+13   3.8508E-06   3.8508E-06   0.99999
FLUX 1105  6050.00        4.955248E+13   3.8253E-06   3.8253E-06   0.99999
FLUX 1106  6070.00        4.938921E+13   3.8000E-06   3.8000E-06   0.99999
FLUX 1107  6090.00        4.922701E+13   3.7750E-06   3.7750E-06   0.99999
FLUX 1108  6110.00        4.906588E+13   3.7502E-06   3.7503E-06   0.99999
FLUX 1109  6130.00        4.890579E+13   3.7257E-06   3.7258E-06   0.99999
FLUX 1110  6150.00        4.874675E+13   3.7014E-06   3.7015E-06   0.99999
FLUX 1111  6170.00        4.858874E+13   3.6774E-06   3.6774E-06   0.99999
FLUX 1112  6190.00        4.843174E+13   3.6536E-06   3.6536E-06   0.99999
FLUX 1113  6210.00        4.827576E+13   3.6300E-06   3.6300E-06   0.99999
FLUX 1114  6230.00        4.812079E+13   3.6066E-06   3.6067E-06   0.99999
FLUX 1115  6250.00        4.796680E+13   3.5835E-06   3.5835E-06   0.99998
FLUX 1116  6270.00        4.781380E+13   3.5533E-06   3.5606E-06   0.99793
FLUX 1117  6290.00        4.766176E+13   3.4873E-06   3.5379E-06   0.98570
FLUX 1118  6310.00        4.751070E+13   3.5036E-06   3.5154E-06   0.99664
FLUX 1119  6330.00        4.736058E+13   3.4931E-06   3.4932E-06   0.99998
FLUX 1120  6350.00        4.721142E+13   3.4711E-06   3.4711E-06   0.99999
FLUX 1121  6370.00        4.706319E+13   3.4492E-06   3.4493E-06   0.99999
FLUX 1122  6390.00        4.691588E+13   3.4276E-06   3.4276E-06   0.99999
FLUX 1123  6420.00        4.669665E+13   3.3955E-06   3.3955E-06   0.99999
FLUX 1124  6460.00        4.640751E+13   3.3534E-06   3.3534E-06   0.99999
FLUX 1125  6500.00        4.612192E+13   3.3121E-06   3.3121E-06   0.99999
FLUX 1126  6540.00        4.583983E+13   3.2715E-06   3.2715E-06   0.99999
FLUX 1127  6580.00        4.556117E+13   3.2317E-06   3.2317E-06   0.99999
FLUX 1128  6620.00        4.528588E+13   3.1925E-06   3.1926E-06   0.99999
FLUX 1129  6660.00        4.501389E+13   3.1541E-06   3.1541E-06   0.99999
FLUX 1130  6700.00        4.474515E+13   3.1164E-06   3.1164E-06   0.99999
FLUX 1131  6740.00        4.447960E+13   3.0753E-06   3.0793E-06   0.99868
FLUX 1132  6780.00        4.421718E+13   3.0074E-06   3.0429E-06   0.98831
FLUX 1133  6820.00        4.395784E+13   3.0071E-06   3.0072E-06   0.99997
FLUX 1134  6860.00        4.370153E+13   2.9720E-06   2.9720E-06   0.99999
FLUX 1135  6900.00        4.344819E+13   2.9374E-06   2.9375E-06   0.99999
FLUX 1136  6940.00        4.319777E+13   2.9035E-06   2.9035E-06   0.99998
FLUX 1137  6980.00        4.295021E+13   2.8701E-06   2.8701E-06   0.99999
FLUX 1138  7020.00        4.270548E+13   2.8373E-06   2.8373E-06   0.99999
FLUX 1139  7060.00        4.246353E+13   2.8051E-06   2.8051E-06   0.99999
FLUX 1140  7100.00        4.222430E+13   2.7733E-06   2.7734E-06   0.99998
FLUX 1141  7140.00        4.198774E+13   2.7422E-06   2.7422E-06   0.99999
FLUX 1142  7180.00        4.175383E+13   2.7115E-06   2.7116E-06   0.99999
FLUX 1143  7220.00        4.152251E+13   2.6814E-06   2.6814E-06   0.99999
FLUX 1144  7260.00        4.129373E+13   2.6517E-06   2.6518E-06   0.99997
FLUX 1145  7300.00        4.106747E+13   2.6225E-06   2.6226E-06   0.99998
FLUX 1146  7340.00        4.084366E+13   2.5939E-06   2.5939E-06   0.99999
FLUX 1147  7380.00        4.062229E+13   2.5656E-06   2.5657E-06   0.99999
FLUX 1148  7420.00        4.040330E+13   2.5335E-06   2.5379E-06   0.99826
FLUX 1149  7460.00        4.018666E+13   2.4609E-06   2.5106E-06   0.98019
FLUX 1150  7500.00        3.997233E+13   2.4141E-06   2.4837E-06   0.97198
FLUX 1151  7540.00        3.976028E+13   2.4512E-06   2.4573E-06   0.99752
FLUX 1152  7580.00        3.955046E+13   2.4312E-06   2.4313E-06   0.99998
FLUX 1153  7620.00        3.934285E+13   2.4056E-06   2.4057E-06   0.99999
FLUX 1154  7660.00        3.913740E+13   2.3804E-06   2.3804E-06   0.99999
FLUX 1155  7700.00        3.893409E+13   2.3556E-06   2.3556E-06   0.99999
FLUX 1156  7740.00        3.873288E+13   2.3311E-06   2.3312E-06   0.99998
FLUX 1157  7780.00        3.853374E+13   2.3025E-06   2.3071E-06   0.99800
FLUX 1158  7820.00        3.833664E+13   2.2834E-06   2.2834E-06   0.99998
FLUX 1159  7860.00        3.814154E+13   2.2601E-06   2.2601E-06   0.99999
FLUX 1160  7900.00        3.794842E+13   2.2371E-06   2.2371E-06   0.99999
FLUX 1161  7940.00        3.775724E+13   2.2144E-06   2.2145E-06   0.99999
FLUX 1162  7980.00        3.756798E+13   2.1921E-06   2.1922E-06   0.99999
FLUX 1163  8020.00        3.738061E+13   2.1702E-06   2.1702E-06   0.99999
FLUX 1164  8060.00        3.719510E+13   2.1485E-06   2.1486E-06   0.99999
FLUX 1165  8100.00        3.701142E+13   2.1272E-06   2.1272E-06   0.99999
FLUX 1166  8140.00        3.682955E+13   2.1001E-06   2.1062E-06   0.99711
FLUX 1167  8180.00        3.664945E+13   2.0832E-06   2.0855E-06   0.99887
FLUX 1168  8220.00        3.647111E+13   2.0651E-06   2.0651E-06   0.99999
FLUX 1169  8260.00        3.629449E+13   2.0450E-06   2.0450E-06   0.99999
FLUX 1170  8300.00        3.611958E+13   2.0252E-06   2.0252E-06   0.99999
FLUX 1171  8340.00        3.594634E+13   2.0057E-06   2.0057E-06   0.99999
FLUX 1172  8380.00        3.577476E+13   1.9864E-06   1.9864E-06   0.99999
FLUX 1173  8420.00        3.560481E+13   1.9675E-06   1.9675E-06   0.99999
FLUX 1174  8460.00        3.543647E+13   1.9488E-06   1.9488E-06   0.99999
FLUX 1175  8500.00        3.526971E+13   1.9303E-06   1.9303E-06   0.99999
FLUX 1176  8540.00        3.510451E+13   1.9121E-06   1.9122E-06   0.99999
FLUX 1177  8580.00        3.494085E+13   1.8942E-06   1.8942E-06   0.99999
FLUX 1178  8620.00        3.477871E+13   1.8765E-06   1.8766E-06   0.99997
FLUX 1179  8660.00        3.461807E+13   1.8471E-06   1.8591E-06   0.99351
FLUX 1180  8700.00        3.445891E+13   1.8406E-06   1.8419E-06   0.99927
FLUX 1181  8740.00        3.430120E+13   1.8069E-06   1.8250E-06   0.99010
FLUX 1182  8780.00        3.414493E+13   1.7903E-06   1.8083E-06   0.99006
FLUX 1183  8820.00        3.399008E+13   1.7917E-06   1.7918E-06   0.99998
FLUX 1184  8860.00        3.383662E+13   1.7755E-06   1.7755E-06   0.99999
FLUX 1185  8900.00        3.368455E+13   1.7594E-06   1.7594E-06   0.99999
FLUX 1186  8940.00        3.353384E+13   1.7436E-06   1.7436E-06   1.00000
FLUX 1187  8980.00        3.338447E+13   1.7280E-06   1.7280E-06   1.00000
FLUX 1188  9020.00        3.323642E+13   1.7125E-06   1.7125E-06   0.99999
FLUX 1189  9060.00        3.308968E+13   1.6973E-06   1.6973E-06   0.99999
FLUX 1190  9100.00        3.294423E+13   1.6823E-06   1.6823E-06   0.99999
FLUX 1191  9140.00        3.280005E+13   1.6675E-06   1.6675E-06   0.99999
FLUX 1192  9180.00        3.265713E+13   1.6529E-06   1.6529E-06   0.99999
FLUX 1193  9220.00        3.251546E+13   1.6384E-06   1.6384E-06   0.99999
FLUX 1194  9260.00        3.237500E+13   1.6242E-06   1.6242E-06   0.99998
FLUX 1195  9300.00        3.223575E+13   1.6101E-06   1.6101E-06   0.99999
FLUX 1196  9340.00        3.209770E+13   1.5962E-06   1.5963E-06   0.99997
FLUX 1197  9380.00        3.196082E+13   1.5673E-06   1.5825E-06   0.99038
FLUX 1198  9420.00        3.182511E+13   1.5649E-06   1.5690E-06   0.99740
FLUX 1199  9460.00        3.169054E+13   1.5556E-06   1.5557E-06   0.99998
FLUX 1200  9500.00        3.155710E+13   1.5424E-06   1.5425E-06   0.99998
FLUX 1201  9540.00        3.142479E+13   1.5294E-06   1.5294E-06   0.99998
FLUX 1202  9580.00        3.129358E+13   1.5166E-06   1.5166E-06   0.99999
FLUX 1203  9620.00        3.116346E+13   1.5039E-06   1.5039E-06   0.99999
FLUX 1204  9660.00        3.103442E+13   1.4913E-06   1.4913E-06   0.99999
FLUX 1205  9700.00        3.090644E+13   1.4789E-06   1.4790E-06   0.99999
FLUX 1206  9740.00        3.077952E+13   1.4667E-06   1.4667E-06   0.99999
FLUX 1207  9780.00        3.065363E+13   1.4546E-06   1.4546E-06   0.99999
FLUX 1208  9820.00        3.052877E+13   1.4427E-06   1.4427E-06   0.99998
FLUX 1209  9860.00        3.040492E+13   1.4309E-06   1.4309E-06   0.99998
FLUX 1210  9900.00        3.028207E+13   1.4193E-06   1.4193E-06   0.99999
FLUX 1211  9940.00        3.016021E+13   1.4077E-06   1.4078E-06   0.99999
FLUX 1212  9980.00        3.003933E+13   1.3964E-06   1.3964E-06   0.99999
FLUX 1213 10020.00        2.991941E+13   1.3851E-06   1.3852E-06   0.99999
FLUX 1214 20000.00        1.498962E+13   3.4153E-07   3.4153E-07   1.00000
FLUX 1215 40000.00        7.494812E+12   8.3312E-08   8.3313E-08   1.00000
FLUX 1216 60000.00        4.996542E+12   3.6434E-08   3.6434E-08   1.00000
FLUX 1217 80000.00        3.747406E+12   2.0247E-08   2.0247E-08   1.00000
FLUX 1218100000.00        2.997925E+12   1.2832E-08   1.2832E-08   1.00000
FLUX 1219120000.00        2.498271E+12   8.8392E-09   8.8392E-09   1.00000
FLUX 1220140000.00        2.141375E+12   6.4499E-09   6.4499E-09   1.00000
FLUX 1221160000.00        1.873703E+12   4.9092E-09   4.9092E-09   1.00000
