TEFF  15000.  GRAVITY 3.50000 LTE 
TITLE  [ 0.0] VTURB=0  L/H=1.25 NOVER NEW ODF                                   
FLUX    1     9.09        3.298047E+16   2.5000E-39   2.5000E-39   1.00000
FLUX    2     9.35        3.206337E+16   2.5000E-39   2.5000E-39   1.00000
FLUX    3     9.61        3.119589E+16   2.5000E-39   2.5000E-39   1.00000
FLUX    4     9.77        3.068500E+16   2.5000E-39   2.5000E-39   1.00000
FLUX    5     9.96        3.009965E+16   2.5000E-39   2.5000E-39   1.00000
FLUX    6    10.20        2.939142E+16   2.5000E-39   2.5000E-39   1.00000
FLUX    7    10.38        2.888174E+16   2.5000E-39   2.5000E-39   1.00000
FLUX    8    10.56        2.838944E+16   2.5000E-39   2.5000E-39   1.00000
FLUX    9    10.77        2.783589E+16   2.5000E-39   2.5000E-39   1.00000
FLUX   10    11.04        2.715512E+16   2.5000E-39   2.5000E-39   1.00000
FLUX   11    11.40        2.629759E+16   2.5000E-39   2.5000E-39   1.00000
FLUX   12    11.78        2.544928E+16   2.5000E-39   2.5000E-39   1.00000
FLUX   13    12.13        2.471496E+16   2.5000E-39   2.5000E-39   1.00000
FLUX   14    12.48        2.402184E+16   2.5000E-39   2.5000E-39   1.00000
FLUX   15    12.71        2.358714E+16   2.5000E-39   2.5000E-39   1.00000
FLUX   16    12.84        2.334833E+16   2.5000E-39   2.5000E-39   1.00000
FLUX   17    13.05        2.297260E+16   2.5000E-39   2.5000E-39   1.00000
FLUX   18    13.24        2.264294E+16   2.5000E-39   2.5000E-39   1.00000
FLUX   19    13.39        2.238928E+16   2.5000E-39   2.5000E-39   1.00000
FLUX   20    13.66        2.194674E+16   2.5000E-39   2.5000E-39   1.00000
FLUX   21    13.98        2.144439E+16   2.5000E-39   2.5000E-39   1.00000
FLUX   22    14.33        2.092062E+16   2.5000E-39   2.5000E-39   1.00000
FLUX   23    14.72        2.036634E+16   2.5000E-39   2.5000E-39   1.00000
FLUX   24    15.10        1.985381E+16   2.5000E-39   2.5000E-39   1.00000
FLUX   25    15.52        1.931653E+16   2.5000E-39   2.5000E-39   1.00000
FLUX   26    15.88        1.887862E+16   2.5000E-39   2.5000E-39   1.00000
FLUX   27    16.20        1.850571E+16   2.5000E-39   2.5000E-39   1.00000
FLUX   28    16.60        1.805979E+16   2.5001E-39   2.5001E-39   1.00000
FLUX   29    17.03        1.760379E+16   2.5129E-39   2.5129E-39   0.99999
FLUX   30    17.34        1.728907E+16   2.8206E-39   2.8207E-39   0.99999
FLUX   31    17.68        1.695659E+16   8.2204E-39   8.2205E-39   0.99998
FLUX   32    18.02        1.663665E+16   4.0375E-38   4.0376E-38   0.99998
FLUX   33    18.17        1.649931E+16   8.0469E-38   8.0479E-38   0.99988
FLUX   34    18.61        1.610921E+16   5.7208E-37   5.7216E-37   0.99986
FLUX   35    19.10        1.569594E+16   4.5805E-36   4.5806E-36   0.99999
FLUX   36    19.39        1.546119E+16   1.4907E-35   1.4908E-35   0.99999
FLUX   37    19.84        1.511051E+16   8.7081E-35   8.7083E-35   0.99999
FLUX   38    20.18        1.485592E+16   3.1454E-34   3.1455E-34   0.99999
FLUX   39    20.50        1.462402E+16   1.0155E-33   1.0155E-33   0.99999
FLUX   40    21.05        1.424192E+16   6.9766E-33   6.9767E-33   0.99999
FLUX   41    21.62        1.386644E+16   4.6421E-32   4.6422E-32   0.99999
FLUX   42    21.98        1.363933E+16   1.4616E-31   1.4616E-31   0.99999
FLUX   43    22.30        1.344361E+16   3.9209E-31   3.9209E-31   0.99999
FLUX   44    22.68        1.321836E+16   1.2223E-30   1.2223E-30   0.99999
FLUX   45    23.00        1.303446E+16   3.0601E-30   3.1324E-30   0.97692
FLUX   46    23.40        1.281165E+16   9.6299E-30   9.6387E-30   0.99909
FLUX   47    24.00        1.249135E+16   4.8515E-29   4.8519E-29   0.99993
FLUX   48    24.65        1.216197E+16   2.5577E-28   2.5579E-28   0.99992
FLUX   49    25.24        1.187767E+16   1.0740E-27   1.0740E-27   0.99999
FLUX   50    25.68        1.167416E+16   2.9971E-27   2.9994E-27   0.99925
FLUX   51    26.00        1.153048E+16   6.1929E-27   6.1929E-27   0.99999
FLUX   52    26.40        1.135578E+16   1.4950E-26   1.4950E-26   0.99999
FLUX   53    26.85        1.116546E+16   3.9000E-26   3.9000E-26   0.99999
FLUX   54    27.35        1.096133E+16   1.0900E-25   1.0901E-25   0.99992
FLUX   55    27.85        1.076454E+16   2.9391E-25   2.9391E-25   0.99999
FLUX   56    28.40        1.055607E+16   8.3999E-25   8.3999E-25   0.99999
FLUX   57    29.00        1.033767E+16   2.5209E-24   2.5210E-24   0.99998
FLUX   58    29.60        1.012812E+16   7.2243E-24   7.2244E-24   0.99998
FLUX   59    30.10        9.959883E+15   1.6835E-23   1.6836E-23   0.99991
FLUX   60    30.80        9.733523E+15   5.2465E-23   5.2523E-23   0.99889
FLUX   61    31.80        9.427437E+15   2.4407E-22   2.4408E-22   0.99998
FLUX   62    32.80        9.140015E+15   1.0299E-21   1.0310E-21   0.99893
FLUX   63    33.80        8.869601E+15   3.9912E-21   3.9912E-21   0.99999
FLUX   64    34.80        8.614727E+15   1.4278E-20   1.4279E-20   0.99997
FLUX   65    35.70        8.397549E+15   4.2322E-20   4.2372E-20   0.99880
FLUX   66    36.60        8.191052E+15   1.1868E-19   1.1870E-19   0.99987
FLUX   67    37.50        7.994467E+15   3.1577E-19   3.1597E-19   0.99938
FLUX   68    38.50        7.786818E+15   8.8763E-19   8.8797E-19   0.99961
FLUX   69    39.50        7.589683E+15   2.3628E-18   2.3643E-18   0.99936
FLUX   70    40.50        7.402284E+15   5.9864E-18   5.9889E-18   0.99959
FLUX   71    41.40        7.241364E+15   1.3287E-17   1.3290E-17   0.99977
FLUX   72    42.20        7.104087E+15   2.6192E-17   2.6210E-17   0.99930
FLUX   73    43.00        6.971919E+15   5.0266E-17   5.0357E-17   0.99819
FLUX   74    44.10        6.798016E+15   1.1868E-16   1.1875E-16   0.99946
FLUX   75    45.10        6.647284E+15   2.4934E-16   2.4943E-16   0.99965
FLUX   76    46.00        6.517228E+15   4.7255E-16   4.7277E-16   0.99953
FLUX   77    47.00        6.378564E+15   9.3388E-16   9.3417E-16   0.99968
FLUX   78    48.00        6.245677E+15   1.7918E-15   1.7923E-15   0.99973
FLUX   79    49.00        6.118214E+15   3.3448E-15   3.3452E-15   0.99990
FLUX   80    50.00        5.995850E+15   6.0807E-15   6.0808E-15   0.99998
FLUX   81    50.60        5.924753E+15   5.8439E-14   1.1338E-13   0.51544
FLUX   82    51.20        5.855322E+15   1.9841E-13   2.2683E-13   0.87468
FLUX   83    52.00        5.765240E+15   2.8649E-13   3.2241E-13   0.88858
FLUX   84    53.00        5.656462E+15   4.6336E-13   4.9312E-13   0.93965
FLUX   85    54.00        5.551713E+15   6.4702E-13   7.4273E-13   0.87113
FLUX   86    55.00        5.450773E+15   1.0743E-12   1.1030E-12   0.97394
FLUX   87    56.00        5.353437E+15   1.5716E-12   1.6155E-12   0.97279
FLUX   88    57.00        5.259517E+15   2.3122E-12   2.3353E-12   0.99012
FLUX   89    58.00        5.168836E+15   3.1198E-12   3.6952E-12   0.84428
FLUX   90    59.00        5.081229E+15   4.8771E-12   5.1664E-12   0.94401
FLUX   91    60.00        4.996542E+15   6.9420E-12   7.1464E-12   0.97139
FLUX   92    61.00        4.914631E+15   9.7603E-12   9.7855E-12   0.99743
FLUX   93    62.00        4.835363E+15   1.3071E-11   1.3271E-11   0.98497
FLUX   94    63.00        4.758611E+15   1.7699E-11   1.7832E-11   0.99253
FLUX   95    64.00        4.684258E+15   2.3054E-11   2.3761E-11   0.97025
FLUX   96    65.00        4.612192E+15   3.0681E-11   3.1395E-11   0.97723
FLUX   97    65.80        4.556117E+15   3.8857E-11   3.9008E-11   0.99614
FLUX   98    66.50        4.508158E+15   4.6027E-11   4.6976E-11   0.97979
FLUX   99    67.50        4.441370E+15   5.9207E-11   6.0871E-11   0.97267
FLUX  100    68.50        4.376533E+15   7.6551E-11   7.8303E-11   0.97762
FLUX  101    69.50        4.313561E+15   9.9074E-11   1.0003E-10   0.99045
FLUX  102    70.50        4.252376E+15   1.2525E-10   1.2694E-10   0.98671
FLUX  103    71.60        4.187046E+15   1.6072E-10   1.6375E-10   0.98149
FLUX  104    72.60        4.129373E+15   2.0187E-10   2.0507E-10   0.98440
FLUX  105    73.50        4.078809E+15   2.4379E-10   2.4987E-10   0.97569
FLUX  106    74.50        4.024060E+15   3.0490E-10   3.0956E-10   0.98493
FLUX  107    75.50        3.970762E+15   3.7745E-10   3.8141E-10   0.98961
FLUX  108    76.50        3.918856E+15   4.6208E-10   4.6787E-10   0.98764
FLUX  109    77.50        3.868290E+15   5.6690E-10   5.7047E-10   0.99373
FLUX  110    78.50        3.819013E+15   6.9021E-10   6.9216E-10   0.99718
FLUX  111    79.50        3.770975E+15   8.2690E-10   8.3581E-10   0.98934
FLUX  112    80.50        3.724130E+15   9.9534E-10   1.0046E-09   0.99077
FLUX  113    81.50        3.678436E+15   1.1838E-09   1.2021E-09   0.98471
FLUX  114    82.50        3.633848E+15   1.4165E-09   1.4324E-09   0.98891
FLUX  115    83.50        3.590329E+15   1.6550E-09   1.6998E-09   0.97361
FLUX  116    84.50        3.547840E+15   1.9702E-09   2.0091E-09   0.98066
FLUX  117    85.50        3.506345E+15   2.3226E-09   2.3655E-09   0.98189
FLUX  118    86.50        3.465809E+15   2.7343E-09   2.7744E-09   0.98554
FLUX  119    87.50        3.426200E+15   3.2011E-09   3.2423E-09   0.98731
FLUX  120    88.50        3.387486E+15   3.7605E-09   3.7758E-09   0.99596
FLUX  121    89.50        3.349637E+15   4.3604E-09   4.3820E-09   0.99506
FLUX  122    90.50        3.312624E+15   4.9347E-09   5.0687E-09   0.97358
FLUX  123    91.50        3.276421E+15   2.4795E-08   5.9091E-05   0.00042
FLUX  124    92.50        3.241000E+15   1.3878E-07   6.1554E-05   0.00225
FLUX  125    93.50        3.206337E+15   3.5157E-07   6.2799E-05   0.00560
FLUX  126    94.50        3.172407E+15   2.1765E-06   6.3529E-05   0.03426
FLUX  127    95.50        3.139188E+15   6.7680E-06   6.4032E-05   0.10570
FLUX  128    96.50        3.106658E+15   1.0571E-05   6.4220E-05   0.16460
FLUX  129    97.50        3.074795E+15   1.9188E-06   6.4130E-05   0.02992
FLUX  130    98.50        3.043579E+15   1.6235E-05   6.4453E-05   0.25188
FLUX  131    99.50        3.012990E+15   1.7238E-05   6.4239E-05   0.26834
FLUX  132   100.50        2.983010E+15   2.1086E-05   6.3741E-05   0.33080
FLUX  133   101.50        2.953621E+15   1.8595E-05   6.2813E-05   0.29603
FLUX  134   102.50        2.924805E+15   2.1387E-06   6.5139E-05   0.03283
FLUX  135   103.50        2.896546E+15   9.4783E-06   6.5967E-05   0.14368
FLUX  136   104.50        2.868828E+15   2.9943E-05   6.6654E-05   0.44924
FLUX  137   105.50        2.841635E+15   3.2981E-05   6.7412E-05   0.48924
FLUX  138   106.50        2.814953E+15   2.8004E-05   6.8576E-05   0.40836
FLUX  139   107.50        2.788767E+15   3.5978E-05   7.0112E-05   0.51314
FLUX  140   108.50        2.763064E+15   3.1524E-05   7.1784E-05   0.43915
FLUX  141   109.50        2.737831E+15   3.8630E-05   7.3348E-05   0.52666
FLUX  142   110.50        2.713054E+15   3.6521E-05   9.9736E-05   0.36617
FLUX  143   111.50        2.688722E+15   4.0751E-05   1.0124E-04   0.40252
FLUX  144   112.50        2.664822E+15   4.1764E-05   1.0240E-04   0.40784
FLUX  145   113.50        2.641344E+15   5.2769E-05   1.0404E-04   0.50722
FLUX  146   114.50        2.618275E+15   4.8891E-05   1.0473E-04   0.46685
FLUX  147   115.50        2.595606E+15   5.4562E-05   1.0523E-04   0.51850
FLUX  148   116.50        2.573326E+15   6.0009E-05   1.0556E-04   0.56849
FLUX  149   117.50        2.551426E+15   5.1990E-05   1.0598E-04   0.49056
FLUX  150   118.50        2.529894E+15   5.9206E-05   1.0719E-04   0.55235
FLUX  151   119.50        2.508724E+15   2.1465E-05   1.0752E-04   0.19964
FLUX  152   120.50        2.487905E+15   1.5568E-05   1.0781E-04   0.14440
FLUX  153   121.50        2.467428E+15   2.6263E-06   1.0807E-04   0.02430
FLUX  154   122.50        2.447286E+15   2.1965E-05   1.0903E-04   0.20146
FLUX  155   123.50        2.427470E+15   6.2194E-05   1.0925E-04   0.56931
FLUX  156   124.50        2.407972E+15   7.5581E-05   1.1185E-04   0.67574
FLUX  157   125.50        2.388785E+15   7.7583E-05   1.1307E-04   0.68616
FLUX  158   126.50        2.369901E+15   6.1697E-05   1.1371E-04   0.54259
FLUX  159   127.50        2.351314E+15   7.7188E-05   1.1407E-04   0.67665
FLUX  160   128.50        2.333016E+15   8.6278E-05   1.1438E-04   0.75434
FLUX  161   129.50        2.315000E+15   5.7399E-05   1.1460E-04   0.50087
FLUX  162   130.50        2.297261E+15   4.2479E-05   1.1479E-04   0.37005
FLUX  163   131.50        2.279791E+15   8.0620E-05   1.1496E-04   0.70128
FLUX  164   132.50        2.262585E+15   8.2504E-05   1.1512E-04   0.71668
FLUX  165   133.50        2.245637E+15   6.6943E-05   1.1526E-04   0.58080
FLUX  166   134.50        2.228940E+15   8.9884E-05   1.1539E-04   0.77898
FLUX  167   135.50        2.212491E+15   8.7385E-05   1.1550E-04   0.75657
FLUX  168   136.50        2.196282E+15   7.8413E-05   1.1560E-04   0.67829
FLUX  169   137.50        2.180309E+15   8.4906E-05   1.1570E-04   0.73386
FLUX  170   138.50        2.164567E+15   8.7413E-05   1.1578E-04   0.75497
FLUX  171   139.50        2.149050E+15   8.3886E-05   1.1586E-04   0.72403
FLUX  172   140.50        2.133754E+15   8.6923E-05   1.1593E-04   0.74979
FLUX  173   141.50        2.118675E+15   8.3117E-05   1.1599E-04   0.71657
FLUX  174   142.50        2.103807E+15   8.8379E-05   1.1607E-04   0.76140
FLUX  175   143.50        2.089146E+15   8.6898E-05   1.1612E-04   0.74835
FLUX  176   144.20        2.079005E+15   9.3760E-05   1.1615E-04   0.80726
FLUX  177   144.70        2.071821E+15   9.5165E-05   1.1642E-04   0.81741
FLUX  178   145.50        2.060430E+15   9.4056E-05   1.1645E-04   0.80772
FLUX  179   146.50        2.046365E+15   8.9995E-05   1.1647E-04   0.77268
FLUX  180   147.50        2.032492E+15   8.8496E-05   1.1649E-04   0.75968
FLUX  181   148.50        2.018805E+15   9.0257E-05   1.1651E-04   0.77471
FLUX  182   149.50        2.005301E+15   9.3182E-05   1.1651E-04   0.79975
FLUX  183   150.50        1.991977E+15   9.0398E-05   1.1652E-04   0.77584
FLUX  184   151.20        1.982755E+15   8.3345E-05   1.1652E-04   0.71531
FLUX  185   151.70        1.976220E+15   8.9459E-05   1.1654E-04   0.76764
FLUX  186   152.50        1.965852E+15   8.8078E-05   1.1658E-04   0.75550
FLUX  187   153.50        1.953046E+15   8.1746E-05   1.1659E-04   0.70115
FLUX  188   154.50        1.940405E+15   8.8488E-05   1.1657E-04   0.75907
FLUX  189   155.50        1.927926E+15   8.4223E-05   1.1656E-04   0.72259
FLUX  190   156.50        1.915607E+15   8.3670E-05   1.1653E-04   0.71799
FLUX  191   157.50        1.903444E+15   8.7939E-05   1.1651E-04   0.75480
FLUX  192   158.50        1.891435E+15   9.2229E-05   1.1648E-04   0.79183
FLUX  193   159.50        1.879577E+15   9.4698E-05   1.1644E-04   0.81328
FLUX  194   160.50        1.867866E+15   9.1552E-05   1.1640E-04   0.78652
FLUX  195   161.50        1.856300E+15   9.3647E-05   1.1636E-04   0.80481
FLUX  196   162.50        1.844877E+15   8.9833E-05   1.1631E-04   0.77233
FLUX  197   163.50        1.833593E+15   9.4315E-05   1.1627E-04   0.81119
FLUX  198   164.50        1.822447E+15   9.5865E-05   1.1622E-04   0.82488
FLUX  199   165.50        1.811435E+15   8.8305E-05   1.1616E-04   0.76017
FLUX  200   166.50        1.800556E+15   9.6712E-05   1.1611E-04   0.83291
FLUX  201   167.20        1.793017E+15   8.7083E-05   1.1607E-04   0.75023
FLUX  202   167.70        1.787671E+15   9.5745E-05   1.1605E-04   0.82501
FLUX  203   168.50        1.779184E+15   1.0040E-04   1.1601E-04   0.86548
FLUX  204   169.50        1.768687E+15   9.6784E-05   1.1595E-04   0.83470
FLUX  205   170.50        1.758314E+15   9.2818E-05   1.1589E-04   0.80092
FLUX  206   171.50        1.748061E+15   8.7874E-05   1.1583E-04   0.75868
FLUX  207   172.50        1.737928E+15   8.7840E-05   1.1576E-04   0.75881
FLUX  208   173.50        1.727911E+15   9.3124E-05   1.1569E-04   0.80494
FLUX  209   174.50        1.718009E+15   9.2048E-05   1.1562E-04   0.79613
FLUX  210   175.50        1.708219E+15   9.7970E-05   1.1555E-04   0.84789
FLUX  211   176.50        1.698541E+15   8.9805E-05   1.1547E-04   0.77773
FLUX  212   177.50        1.688972E+15   9.3644E-05   1.1539E-04   0.81152
FLUX  213   178.50        1.679510E+15   9.6404E-05   1.1531E-04   0.83601
FLUX  214   179.50        1.670153E+15   1.0146E-04   1.1524E-04   0.88043
FLUX  215   180.50        1.660900E+15   1.0121E-04   1.1515E-04   0.87888
FLUX  216   181.50        1.651749E+15   9.5405E-05   1.1507E-04   0.82909
FLUX  217   182.50        1.642699E+15   9.7470E-05   1.1499E-04   0.84764
FLUX  218   183.50        1.633747E+15   9.5082E-05   1.1492E-04   0.82741
FLUX  219   184.50        1.624892E+15   9.0403E-05   1.1484E-04   0.78721
FLUX  220   185.50        1.616132E+15   8.5439E-05   1.1476E-04   0.74449
FLUX  221   186.50        1.607466E+15   8.9065E-05   1.1468E-04   0.77661
FLUX  222   187.50        1.598893E+15   9.9630E-05   1.1461E-04   0.86933
FLUX  223   188.50        1.590411E+15   9.3531E-05   1.1452E-04   0.81669
FLUX  224   189.50        1.582018E+15   8.9521E-05   1.1444E-04   0.78225
FLUX  225   190.50        1.573714E+15   9.5775E-05   1.1436E-04   0.83750
FLUX  226   191.50        1.565496E+15   9.2594E-05   1.1434E-04   0.80979
FLUX  227   192.50        1.557364E+15   9.2134E-05   1.1426E-04   0.80637
FLUX  228   193.50        1.549315E+15   9.5913E-05   1.1417E-04   0.84008
FLUX  229   194.50        1.541350E+15   9.7553E-05   1.1409E-04   0.85509
FLUX  230   195.50        1.533465E+15   9.3106E-05   1.1400E-04   0.81674
FLUX  231   196.70        1.524110E+15   1.0095E-04   1.1390E-04   0.88629
FLUX  232   197.60        1.517168E+15   1.0427E-04   1.1383E-04   0.91605
FLUX  233   198.40        1.511051E+15   9.9530E-05   1.1378E-04   0.87477
FLUX  234   199.50        1.502719E+15   9.7139E-05   1.1369E-04   0.85444
FLUX  235   200.50        1.495224E+15   1.0079E-04   1.1360E-04   0.88718
FLUX  236   201.50        1.487804E+15   9.6916E-05   1.1352E-04   0.85376
FLUX  237   202.50        1.480457E+15   1.0332E-04   1.1343E-04   0.91082
FLUX  238   203.50        1.473182E+15   9.8181E-05   1.1335E-04   0.86621
FLUX  239   204.50        1.465978E+15   1.0101E-04   1.1326E-04   0.89185
FLUX  240   205.50        1.458844E+15   9.7016E-05   1.1317E-04   0.85727
FLUX  241   206.50        1.451780E+15   9.9298E-05   1.1308E-04   0.87813
FLUX  242   207.40        1.445480E+15   1.0362E-04   1.1300E-04   0.91704
FLUX  243   207.80        1.442697E+15   9.9047E-05   1.1296E-04   0.87681
FLUX  244   208.50        1.437854E+15   1.0301E-04   1.1290E-04   0.91241
FLUX  245   209.50        1.430990E+15   9.8513E-05   1.1281E-04   0.87328
FLUX  246   210.50        1.424192E+15   1.0016E-04   1.1272E-04   0.88860
FLUX  247   211.50        1.417459E+15   1.0104E-04   1.1262E-04   0.89715
FLUX  248   212.50        1.410788E+15   1.0261E-04   1.1253E-04   0.91182
FLUX  249   213.50        1.404180E+15   9.7308E-05   1.1244E-04   0.86546
FLUX  250   214.50        1.397634E+15   9.9750E-05   1.1234E-04   0.88792
FLUX  251   215.50        1.391148E+15   1.0341E-04   1.1225E-04   0.92129
FLUX  252   216.50        1.384723E+15   1.0096E-04   1.1215E-04   0.90024
FLUX  253   217.50        1.378356E+15   1.0067E-04   1.1206E-04   0.89842
FLUX  254   218.50        1.372048E+15   9.8561E-05   1.1196E-04   0.88033
FLUX  255   219.50        1.365797E+15   1.0229E-04   1.1186E-04   0.91447
FLUX  256   220.50        1.359603E+15   1.0071E-04   1.1176E-04   0.90107
FLUX  257   221.50        1.353465E+15   9.7922E-05   1.1167E-04   0.87692
FLUX  258   222.50        1.347382E+15   9.4813E-05   1.1157E-04   0.84982
FLUX  259   223.50        1.341353E+15   1.0079E-04   1.1147E-04   0.90423
FLUX  260   224.50        1.335379E+15   9.6773E-05   1.1137E-04   0.86893
FLUX  261   225.50        1.329457E+15   9.4681E-05   1.1127E-04   0.85091
FLUX  262   226.50        1.323587E+15   9.7427E-05   1.1117E-04   0.87638
FLUX  263   227.50        1.317769E+15   1.0002E-04   1.1107E-04   0.90047
FLUX  264   228.50        1.312002E+15   1.0165E-04   1.1097E-04   0.91604
FLUX  265   229.50        1.306285E+15   9.8894E-05   1.1087E-04   0.89199
FLUX  266   230.50        1.300618E+15   9.6791E-05   1.1077E-04   0.87382
FLUX  267   231.50        1.295000E+15   9.3820E-05   1.1067E-04   0.84777
FLUX  268   232.50        1.289430E+15   9.3812E-05   1.1056E-04   0.84848
FLUX  269   233.50        1.283908E+15   9.0635E-05   1.1046E-04   0.82050
FLUX  270   234.50        1.278433E+15   8.9803E-05   1.1036E-04   0.81373
FLUX  271   235.50        1.273004E+15   9.3189E-05   1.1026E-04   0.84519
FLUX  272   236.50        1.267622E+15   8.9415E-05   1.1016E-04   0.81172
FLUX  273   237.50        1.262284E+15   9.1198E-05   1.1005E-04   0.82868
FLUX  274   238.50        1.256992E+15   8.7295E-05   1.0995E-04   0.79396
FLUX  275   239.50        1.251743E+15   9.3050E-05   1.0985E-04   0.84710
FLUX  276   240.50        1.246538E+15   8.9717E-05   1.0974E-04   0.81753
FLUX  277   241.50        1.241377E+15   9.1365E-05   1.0964E-04   0.83333
FLUX  278   242.50        1.236258E+15   9.4303E-05   1.0954E-04   0.86094
FLUX  279   243.50        1.231181E+15   9.0985E-05   1.0943E-04   0.83144
FLUX  280   244.50        1.226145E+15   9.5666E-05   1.0933E-04   0.87505
FLUX  281   245.50        1.221151E+15   9.3954E-05   1.0922E-04   0.86021
FLUX  282   246.50        1.216197E+15   9.4879E-05   1.0912E-04   0.86952
FLUX  283   247.50        1.211283E+15   9.2695E-05   1.0901E-04   0.85033
FLUX  284   248.50        1.206408E+15   9.6857E-05   1.0891E-04   0.88937
FLUX  285   249.50        1.201573E+15   9.4845E-05   1.0880E-04   0.87174
FLUX  286   250.50        1.196776E+15   9.8611E-05   1.0869E-04   0.90723
FLUX  287   251.30        1.192967E+15   9.3812E-05   1.0861E-04   0.86376
FLUX  288   251.80        1.190598E+15   9.6574E-05   1.0856E-04   0.88962
FLUX  289   252.50        1.187297E+15   9.2981E-05   1.0848E-04   0.85712
FLUX  290   253.50        1.182613E+15   9.3894E-05   1.0838E-04   0.86633
FLUX  291   254.50        1.177967E+15   9.2256E-05   1.0828E-04   0.85202
FLUX  292   255.50        1.173356E+15   9.5390E-05   1.0818E-04   0.88178
FLUX  293   256.50        1.168782E+15   9.5031E-05   1.0808E-04   0.87930
FLUX  294   257.50        1.164243E+15   9.9200E-05   1.0797E-04   0.91874
FLUX  295   258.50        1.159739E+15   9.8839E-05   1.0787E-04   0.91626
FLUX  296   259.50        1.155270E+15   9.9635E-05   1.0777E-04   0.92452
FLUX  297   260.50        1.150835E+15   9.7225E-05   1.0802E-04   0.90008
FLUX  298   261.50        1.146434E+15   9.7394E-05   1.0791E-04   0.90256
FLUX  299   262.50        1.142067E+15   9.8434E-05   1.0780E-04   0.91314
FLUX  300   263.50        1.137732E+15   9.9154E-05   1.0769E-04   0.92076
FLUX  301   264.50        1.133431E+15   1.0268E-04   1.0758E-04   0.95446
FLUX  302   265.50        1.129162E+15   1.0213E-04   1.0747E-04   0.95032
FLUX  303   266.50        1.124925E+15   9.8605E-05   1.0735E-04   0.91850
FLUX  304   267.50        1.120720E+15   1.0144E-04   1.0724E-04   0.94586
FLUX  305   268.50        1.116546E+15   1.0082E-04   1.0713E-04   0.94110
FLUX  306   269.50        1.112403E+15   9.9552E-05   1.0702E-04   0.93021
FLUX  307   270.50        1.108290E+15   1.0094E-04   1.0691E-04   0.94417
FLUX  308   271.50        1.104208E+15   9.9040E-05   1.0680E-04   0.92734
FLUX  309   272.50        1.100156E+15   9.9316E-05   1.0669E-04   0.93089
FLUX  310   273.50        1.096133E+15   1.0228E-04   1.0658E-04   0.95964
FLUX  311   274.50        1.092140E+15   9.6224E-05   1.0647E-04   0.90379
FLUX  312   275.50        1.088176E+15   9.6269E-05   1.0636E-04   0.90516
FLUX  313   276.50        1.084240E+15   9.8114E-05   1.0624E-04   0.92347
FLUX  314   277.50        1.080333E+15   1.0074E-04   1.0613E-04   0.94920
FLUX  315   278.50        1.076454E+15   1.0125E-04   1.0602E-04   0.95499
FLUX  316   279.50        1.072603E+15   9.5579E-05   1.0591E-04   0.90247
FLUX  317   280.50        1.068779E+15   9.9392E-05   1.0580E-04   0.93947
FLUX  318   281.50        1.064982E+15   1.0199E-04   1.0568E-04   0.96502
FLUX  319   282.50        1.061212E+15   1.0153E-04   1.0557E-04   0.96176
FLUX  320   283.50        1.057469E+15   9.8568E-05   1.0546E-04   0.93465
FLUX  321   284.50        1.053752E+15   9.7644E-05   1.0535E-04   0.92689
FLUX  322   285.50        1.050061E+15   9.8515E-05   1.0523E-04   0.93615
FLUX  323   286.50        1.046396E+15   1.0070E-04   1.0512E-04   0.95790
FLUX  324   287.50        1.042757E+15   9.9583E-05   1.0501E-04   0.94833
FLUX  325   288.50        1.039142E+15   1.0046E-04   1.0490E-04   0.95771
FLUX  326   289.50        1.035553E+15   1.0000E-04   1.0478E-04   0.95439
FLUX  327   291.00        1.030215E+15   1.0248E-04   1.0461E-04   0.97964
FLUX  328   293.00        1.023183E+15   1.0118E-04   1.0439E-04   0.96923
FLUX  329   295.00        1.016246E+15   1.0103E-04   1.0416E-04   0.96992
FLUX  330   297.00        1.009402E+15   1.0135E-04   1.0394E-04   0.97509
FLUX  331   299.00        1.002650E+15   1.0118E-04   1.0371E-04   0.97562
FLUX  332   301.00        9.959884E+14   1.0233E-04   1.0348E-04   0.98884
FLUX  333   303.00        9.894142E+14   1.0238E-04   1.0325E-04   0.99153
FLUX  334   305.00        9.829262E+14   1.0175E-04   1.0303E-04   0.98763
FLUX  335   307.00        9.765228E+14   1.0143E-04   1.0280E-04   0.98671
FLUX  336   309.00        9.702023E+14   1.0182E-04   1.0257E-04   0.99269
FLUX  337   311.00        9.639630E+14   1.0090E-04   1.0234E-04   0.98591
FLUX  338   313.00        9.578035E+14   1.0085E-04   1.0213E-04   0.98742
FLUX  339   315.00        9.517222E+14   1.0096E-04   1.0190E-04   0.99073
FLUX  340   317.00        9.457177E+14   1.0055E-04   1.0167E-04   0.98893
FLUX  341   319.00        9.397884E+14   9.9012E-05   1.0145E-04   0.97601
FLUX  342   321.00        9.339330E+14   9.9987E-05   1.0122E-04   0.98785
FLUX  343   323.00        9.281501E+14   9.9818E-05   1.0099E-04   0.98843
FLUX  344   325.00        9.224385E+14   9.9702E-05   1.0076E-04   0.98953
FLUX  345   327.00        9.167966E+14   9.9777E-05   1.0053E-04   0.99256
FLUX  346   329.00        9.112234E+14   9.9664E-05   1.0029E-04   0.99371
FLUX  347   331.00        9.057175E+14   9.9776E-05   1.0006E-04   0.99714
FLUX  348   333.00        9.002778E+14   9.9309E-05   9.9831E-05   0.99478
FLUX  349   335.00        8.949030E+14   9.8751E-05   9.9598E-05   0.99149
FLUX  350   337.00        8.895920E+14   9.8616E-05   9.9365E-05   0.99246
FLUX  351   339.00        8.843436E+14   9.8331E-05   9.9133E-05   0.99191
FLUX  352   341.00        8.791569E+14   9.8440E-05   9.8900E-05   0.99535
FLUX  353   343.00        8.740306E+14   9.8186E-05   9.8757E-05   0.99422
FLUX  354   345.00        8.689638E+14   9.7977E-05   9.8520E-05   0.99449
FLUX  355   347.00        8.639553E+14   9.7598E-05   9.8283E-05   0.99304
FLUX  356   349.00        8.590043E+14   9.7455E-05   9.8045E-05   0.99398
FLUX  357   351.00        8.541097E+14   9.7473E-05   9.7807E-05   0.99658
FLUX  358   353.00        8.492705E+14   9.7377E-05   9.7569E-05   0.99804
FLUX  359   355.00        8.444859E+14   9.7179E-05   9.7330E-05   0.99845
FLUX  360   357.00        8.397549E+14   9.6963E-05   9.7091E-05   0.99867
FLUX  361   359.00        8.350766E+14   9.6444E-05   9.6853E-05   0.99578
FLUX  362   361.00        8.304501E+14   9.6371E-05   9.6615E-05   0.99747
FLUX  363   363.00        8.258746E+14   9.6090E-05   9.6375E-05   0.99704
FLUX  364   364.00        8.236058E+14   9.6214E-05   9.6257E-05   0.99955
FLUX  365   365.00        8.213493E+14   9.6161E-05   1.7736E-04   0.54218
FLUX  366   367.00        8.168733E+14   9.6054E-05   1.7629E-04   0.54486
FLUX  367   369.00        8.124458E+14   9.3679E-05   1.7694E-04   0.52944
FLUX  368   371.00        8.080660E+14   9.5680E-05   1.7587E-04   0.54405
FLUX  369   373.00        8.037332E+14   9.8126E-05   1.7480E-04   0.56136
FLUX  370   375.00        7.994467E+14   1.1764E-04   1.7374E-04   0.67710
FLUX  371   377.00        7.952056E+14   1.2208E-04   1.7270E-04   0.70690
FLUX  372   379.00        7.910092E+14   1.3483E-04   1.7166E-04   0.78547
FLUX  373   381.00        7.868569E+14   1.4606E-04   1.7063E-04   0.85598
FLUX  374   383.00        7.827480E+14   1.2547E-04   1.6961E-04   0.73976
FLUX  375   385.00        7.786818E+14   1.5378E-04   1.6860E-04   0.91211
FLUX  376   387.00        7.746576E+14   1.5972E-04   1.6759E-04   0.95306
FLUX  377   389.00        7.706748E+14   1.2078E-04   1.6660E-04   0.72500
FLUX  378   391.00        7.667327E+14   1.6074E-04   1.6561E-04   0.97061
FLUX  379   393.00        7.628308E+14   1.5950E-04   1.6463E-04   0.96885
FLUX  380   395.00        7.589683E+14   1.5947E-04   1.6366E-04   0.97438
FLUX  381   397.00        7.551448E+14   1.1783E-04   1.6270E-04   0.72424
FLUX  382   399.00        7.513596E+14   1.5617E-04   1.6175E-04   0.96550
FLUX  383   401.00        7.476122E+14   1.5831E-04   1.6080E-04   0.98452
FLUX  384   403.00        7.439020E+14   1.5298E-04   1.5986E-04   0.95694
FLUX  385   405.00        7.402284E+14   1.5801E-04   1.5893E-04   0.99422
FLUX  386   407.00        7.365909E+14   1.5563E-04   1.5801E-04   0.98496
FLUX  387   409.00        7.329890E+14   1.4343E-04   1.5709E-04   0.91304
FLUX  388   411.00        7.294221E+14   1.2185E-04   1.5619E-04   0.78018
FLUX  389   413.00        7.258898E+14   1.5052E-04   1.5529E-04   0.96924
FLUX  390   415.00        7.223916E+14   1.5201E-04   1.5440E-04   0.98450
FLUX  391   417.00        7.189269E+14   1.5204E-04   1.5352E-04   0.99036
FLUX  392   419.00        7.154952E+14   1.5185E-04   1.5265E-04   0.99479
FLUX  393   421.00        7.120962E+14   1.5131E-04   1.5178E-04   0.99690
FLUX  394   423.00        7.087293E+14   1.5029E-04   1.5092E-04   0.99584
FLUX  395   425.00        7.053941E+14   1.4928E-04   1.5007E-04   0.99472
FLUX  396   427.00        7.020902E+14   1.4716E-04   1.4923E-04   0.98612
FLUX  397   429.00        6.988170E+14   1.4761E-04   1.4839E-04   0.99478
FLUX  398   431.00        6.955742E+14   1.4584E-04   1.4756E-04   0.98836
FLUX  399   433.00        6.923614E+14   1.3047E-04   1.4673E-04   0.88917
FLUX  400   435.00        6.891782E+14   1.1743E-04   1.4591E-04   0.80482
FLUX  401   437.00        6.860240E+14   1.4294E-04   1.4510E-04   0.98510
FLUX  402   439.00        6.828986E+14   1.4077E-04   1.4429E-04   0.97560
FLUX  403   441.00        6.798016E+14   1.4288E-04   1.4349E-04   0.99573
FLUX  404   443.00        6.767325E+14   1.4129E-04   1.4270E-04   0.99009
FLUX  405   445.00        6.736910E+14   1.4156E-04   1.4191E-04   0.99754
FLUX  406   447.00        6.706767E+14   1.3697E-04   1.4113E-04   0.97050
FLUX  407   449.00        6.676893E+14   1.3852E-04   1.4036E-04   0.98690
FLUX  408   451.00        6.647284E+14   1.3918E-04   1.3959E-04   0.99707
FLUX  409   453.00        6.617936E+14   1.3801E-04   1.3883E-04   0.99411
FLUX  410   455.00        6.588846E+14   1.3708E-04   1.3807E-04   0.99280
FLUX  411   457.00        6.560011E+14   1.3705E-04   1.3733E-04   0.99800
FLUX  412   459.00        6.531427E+14   1.3597E-04   1.3658E-04   0.99551
FLUX  413   461.00        6.503091E+14   1.3555E-04   1.3584E-04   0.99782
FLUX  414   463.00        6.475000E+14   1.3414E-04   1.3511E-04   0.99279
FLUX  415   465.00        6.447150E+14   1.3392E-04   1.3439E-04   0.99656
FLUX  416   467.00        6.419540E+14   1.3320E-04   1.3367E-04   0.99652
FLUX  417   469.00        6.392164E+14   1.3264E-04   1.3295E-04   0.99770
FLUX  418   471.00        6.365021E+14   1.3003E-04   1.3224E-04   0.98325
FLUX  419   473.00        6.338108E+14   1.3066E-04   1.3154E-04   0.99331
FLUX  420   475.00        6.311421E+14   1.2981E-04   1.3084E-04   0.99215
FLUX  421   477.00        6.284958E+14   1.3008E-04   1.3015E-04   0.99949
FLUX  422   479.00        6.258716E+14   1.2922E-04   1.2946E-04   0.99811
FLUX  423   481.00        6.232692E+14   1.2791E-04   1.2878E-04   0.99322
FLUX  424   483.00        6.206884E+14   1.2653E-04   1.2811E-04   0.98771
FLUX  425   485.00        6.181289E+14   1.1579E-04   1.2744E-04   0.90860
FLUX  426   487.00        6.155903E+14   1.0138E-04   1.2677E-04   0.79970
FLUX  427   489.00        6.130726E+14   1.2432E-04   1.2611E-04   0.98582
FLUX  428   491.00        6.105753E+14   1.2461E-04   1.2546E-04   0.99328
FLUX  429   493.00        6.080984E+14   1.2237E-04   1.2481E-04   0.98052
FLUX  430   495.00        6.056414E+14   1.2381E-04   1.2416E-04   0.99714
FLUX  431   497.00        6.032042E+14   1.2337E-04   1.2352E-04   0.99875
FLUX  432   499.00        6.007866E+14   1.2250E-04   1.2289E-04   0.99682
FLUX  433   501.00        5.983882E+14   1.1989E-04   1.2226E-04   0.98061
FLUX  434   503.00        5.960089E+14   1.2068E-04   1.2163E-04   0.99215
FLUX  435   505.00        5.936485E+14   1.1877E-04   1.2101E-04   0.98145
FLUX  436   507.00        5.913067E+14   1.1981E-04   1.2039E-04   0.99515
FLUX  437   509.00        5.889833E+14   1.1912E-04   1.1978E-04   0.99450
FLUX  438   511.00        5.866781E+14   1.1822E-04   1.1917E-04   0.99195
FLUX  439   513.00        5.843908E+14   1.1785E-04   1.1857E-04   0.99395
FLUX  440   515.00        5.821214E+14   1.1686E-04   1.1797E-04   0.99054
FLUX  441   517.00        5.798694E+14   1.1656E-04   1.1738E-04   0.99303
FLUX  442   519.00        5.776349E+14   1.1610E-04   1.1679E-04   0.99406
FLUX  443   521.00        5.754175E+14   1.1462E-04   1.1621E-04   0.98633
FLUX  444   523.00        5.732170E+14   1.1476E-04   1.1563E-04   0.99248
FLUX  445   525.00        5.710333E+14   1.1446E-04   1.1505E-04   0.99484
FLUX  446   527.00        5.688662E+14   1.1352E-04   1.1448E-04   0.99164
FLUX  447   529.00        5.667155E+14   1.1361E-04   1.1391E-04   0.99735
FLUX  448   531.00        5.645810E+14   1.1270E-04   1.1335E-04   0.99426
FLUX  449   533.00        5.624625E+14   1.1230E-04   1.1279E-04   0.99565
FLUX  450   535.00        5.603598E+14   1.1160E-04   1.1223E-04   0.99431
FLUX  451   537.00        5.582728E+14   1.1135E-04   1.1168E-04   0.99702
FLUX  452   539.00        5.562013E+14   1.1078E-04   1.1114E-04   0.99681
FLUX  453   541.00        5.541451E+14   1.1009E-04   1.1059E-04   0.99545
FLUX  454   543.00        5.521040E+14   1.0938E-04   1.1006E-04   0.99389
FLUX  455   545.00        5.500780E+14   1.0904E-04   1.0952E-04   0.99560
FLUX  456   547.00        5.480667E+14   1.0836E-04   1.0899E-04   0.99423
FLUX  457   549.00        5.460701E+14   1.0814E-04   1.0846E-04   0.99699
FLUX  458   551.00        5.440880E+14   1.0749E-04   1.0794E-04   0.99581
FLUX  459   553.00        5.421202E+14   1.0711E-04   1.0742E-04   0.99713
FLUX  460   555.00        5.401667E+14   1.0664E-04   1.0690E-04   0.99752
FLUX  461   557.00        5.382271E+14   1.0609E-04   1.0639E-04   0.99710
FLUX  462   559.00        5.363014E+14   1.0562E-04   1.0589E-04   0.99746
FLUX  463   561.00        5.343895E+14   1.0514E-04   1.0538E-04   0.99768
FLUX  464   563.00        5.324911E+14   1.0482E-04   1.0488E-04   0.99943
FLUX  465   565.00        5.306062E+14   1.0359E-04   1.0438E-04   0.99241
FLUX  466   567.00        5.287346E+14   1.0330E-04   1.0389E-04   0.99429
FLUX  467   569.00        5.268761E+14   1.0314E-04   1.0340E-04   0.99753
FLUX  468   571.00        5.250306E+14   1.0280E-04   1.0291E-04   0.99888
FLUX  469   573.00        5.231981E+14   1.0233E-04   1.0243E-04   0.99902
FLUX  470   575.00        5.213783E+14   1.0185E-04   1.0195E-04   0.99900
FLUX  471   577.00        5.195711E+14   1.0139E-04   1.0147E-04   0.99917
FLUX  472   579.00        5.177763E+14   1.0084E-04   1.0100E-04   0.99840
FLUX  473   581.00        5.159940E+14   1.0038E-04   1.0053E-04   0.99848
FLUX  474   583.00        5.142238E+14   9.9936E-05   1.0006E-04   0.99872
FLUX  475   585.00        5.124658E+14   9.9476E-05   9.9600E-05   0.99875
FLUX  476   587.00        5.107198E+14   9.7262E-05   9.9140E-05   0.98106
FLUX  477   589.00        5.089856E+14   9.8269E-05   9.8683E-05   0.99580
FLUX  478   591.00        5.072631E+14   9.8085E-05   9.8229E-05   0.99854
FLUX  479   593.00        5.055523E+14   9.7724E-05   9.7778E-05   0.99945
FLUX  480   595.00        5.038529E+14   9.6838E-05   9.7330E-05   0.99495
FLUX  481   597.00        5.021650E+14   9.6726E-05   9.6885E-05   0.99836
FLUX  482   599.00        5.004883E+14   9.6135E-05   9.6443E-05   0.99681
FLUX  483   601.00        4.988228E+14   9.5952E-05   9.6004E-05   0.99946
FLUX  484   603.00        4.971683E+14   9.5482E-05   9.5568E-05   0.99909
FLUX  485   605.00        4.955248E+14   9.5057E-05   9.5136E-05   0.99917
FLUX  486   607.00        4.938921E+14   9.4613E-05   9.4707E-05   0.99901
FLUX  487   609.00        4.922701E+14   9.4149E-05   9.4280E-05   0.99860
FLUX  488   611.00        4.906588E+14   9.3826E-05   9.3857E-05   0.99967
FLUX  489   613.00        4.890579E+14   9.3391E-05   9.3437E-05   0.99951
FLUX  490   615.00        4.874675E+14   9.2566E-05   9.3019E-05   0.99513
FLUX  491   617.00        4.858874E+14   9.2514E-05   9.2605E-05   0.99902
FLUX  492   619.00        4.843174E+14   9.2152E-05   9.2193E-05   0.99956
FLUX  493   621.00        4.827576E+14   9.1733E-05   9.1783E-05   0.99946
FLUX  494   623.00        4.812079E+14   9.1226E-05   9.1377E-05   0.99834
FLUX  495   625.00        4.796680E+14   9.0543E-05   9.0973E-05   0.99527
FLUX  496   627.00        4.781380E+14   9.0498E-05   9.0572E-05   0.99918
FLUX  497   629.00        4.766176E+14   9.0068E-05   9.0174E-05   0.99882
FLUX  498   631.00        4.751070E+14   8.9565E-05   8.9778E-05   0.99763
FLUX  499   633.00        4.736058E+14   8.9277E-05   8.9385E-05   0.99880
FLUX  500   635.00        4.721142E+14   8.8213E-05   8.8994E-05   0.99122
FLUX  501   637.00        4.706319E+14   8.8056E-05   8.8606E-05   0.99379
FLUX  502   639.00        4.691588E+14   8.8064E-05   8.8220E-05   0.99822
FLUX  503   641.00        4.676950E+14   8.7617E-05   8.7837E-05   0.99749
FLUX  504   643.00        4.662403E+14   8.7403E-05   8.7457E-05   0.99938
FLUX  505   645.00        4.647946E+14   8.6892E-05   8.7079E-05   0.99785
FLUX  506   647.00        4.633578E+14   8.6610E-05   8.6704E-05   0.99892
FLUX  507   649.00        4.619299E+14   8.6165E-05   8.6331E-05   0.99809
FLUX  508   651.00        4.605107E+14   8.5568E-05   8.5960E-05   0.99544
FLUX  509   653.00        4.591003E+14   8.4862E-05   8.5592E-05   0.99148
FLUX  510   655.00        4.576985E+14   8.0617E-05   8.5226E-05   0.94593
FLUX  511   657.00        4.563052E+14   7.0073E-05   8.4862E-05   0.82573
FLUX  512   659.00        4.549203E+14   8.3034E-05   8.4501E-05   0.98264
FLUX  513   661.00        4.535439E+14   8.3788E-05   8.4142E-05   0.99579
FLUX  514   663.00        4.521757E+14   8.3677E-05   8.3786E-05   0.99870
FLUX  515   665.00        4.508158E+14   8.3387E-05   8.3445E-05   0.99930
FLUX  516   667.00        4.494640E+14   8.2596E-05   8.3093E-05   0.99403
FLUX  517   669.00        4.481203E+14   8.2291E-05   8.2743E-05   0.99454
FLUX  518   671.00        4.467846E+14   8.2309E-05   8.2395E-05   0.99895
FLUX  519   673.00        4.454569E+14   8.1978E-05   8.2050E-05   0.99912
FLUX  520   675.00        4.441370E+14   8.1645E-05   8.1706E-05   0.99925
FLUX  521   677.00        4.428250E+14   8.1329E-05   8.1365E-05   0.99956
FLUX  522   679.00        4.415206E+14   8.0892E-05   8.1026E-05   0.99835
FLUX  523   681.00        4.402239E+14   8.0607E-05   8.0689E-05   0.99899
FLUX  524   683.00        4.389348E+14   8.0197E-05   8.0354E-05   0.99805
FLUX  525   685.00        4.376533E+14   7.9946E-05   8.0021E-05   0.99907
FLUX  526   687.00        4.363792E+14   7.9631E-05   7.9690E-05   0.99926
FLUX  527   689.00        4.351125E+14   7.9310E-05   7.9361E-05   0.99936
FLUX  528   691.00        4.338531E+14   7.8970E-05   7.9034E-05   0.99919
FLUX  529   693.00        4.326010E+14   7.8518E-05   7.8709E-05   0.99757
FLUX  530   695.00        4.313561E+14   7.8334E-05   7.8387E-05   0.99933
FLUX  531   697.00        4.301184E+14   7.8028E-05   7.8066E-05   0.99952
FLUX  532   699.00        4.288877E+14   7.7708E-05   7.7748E-05   0.99949
FLUX  533   701.00        4.276640E+14   7.7355E-05   7.7431E-05   0.99901
FLUX  534   703.00        4.264474E+14   7.7059E-05   7.7116E-05   0.99925
FLUX  535   705.00        4.252376E+14   7.6569E-05   7.6803E-05   0.99695
FLUX  536   707.00        4.240346E+14   7.5816E-05   7.6493E-05   0.99115
FLUX  537   709.00        4.228385E+14   7.6158E-05   7.6184E-05   0.99967
FLUX  538   711.00        4.216491E+14   7.5775E-05   7.5877E-05   0.99867
FLUX  539   713.00        4.204663E+14   7.5493E-05   7.5572E-05   0.99896
FLUX  540   715.00        4.192902E+14   7.5205E-05   7.5268E-05   0.99916
FLUX  541   717.00        4.181206E+14   7.4914E-05   7.4967E-05   0.99930
FLUX  542   719.00        4.169576E+14   7.4640E-05   7.4667E-05   0.99963
FLUX  543   721.00        4.158010E+14   7.4345E-05   7.4369E-05   0.99968
FLUX  544   723.00        4.146508E+14   7.3718E-05   7.4073E-05   0.99520
FLUX  545   725.00        4.135069E+14   7.3696E-05   7.3779E-05   0.99888
FLUX  546   727.00        4.123693E+14   7.3464E-05   7.3486E-05   0.99969
FLUX  547   729.00        4.112380E+14   7.2961E-05   7.3196E-05   0.99680
FLUX  548   731.00        4.101129E+14   7.2879E-05   7.2907E-05   0.99962
FLUX  549   733.00        4.089939E+14   7.2593E-05   7.2619E-05   0.99963
FLUX  550   735.00        4.078809E+14   7.2328E-05   7.2334E-05   0.99993
FLUX  551   737.00        4.067741E+14   7.2041E-05   7.2050E-05   0.99988
FLUX  552   739.00        4.056732E+14   7.1759E-05   7.1767E-05   0.99989
FLUX  553   741.00        4.045783E+14   7.1476E-05   7.1487E-05   0.99985
FLUX  554   743.00        4.034892E+14   7.1105E-05   7.1208E-05   0.99855
FLUX  555   745.00        4.024060E+14   7.0878E-05   7.0932E-05   0.99923
FLUX  556   747.00        4.013286E+14   7.0521E-05   7.0657E-05   0.99808
FLUX  557   749.00        4.002570E+14   7.0302E-05   7.0383E-05   0.99885
FLUX  558   751.00        3.991911E+14   7.0037E-05   7.0110E-05   0.99896
FLUX  559   753.00        3.981308E+14   6.9802E-05   6.9839E-05   0.99947
FLUX  560   755.00        3.970762E+14   6.9540E-05   6.9570E-05   0.99957
FLUX  561   757.00        3.960271E+14   6.9282E-05   6.9303E-05   0.99970
FLUX  562   759.00        3.949835E+14   6.8990E-05   6.9037E-05   0.99933
FLUX  563   761.00        3.939455E+14   6.8767E-05   6.8772E-05   0.99993
FLUX  564   763.00        3.929128E+14   6.8493E-05   6.8509E-05   0.99976
FLUX  565   765.00        3.918856E+14   6.8218E-05   6.8248E-05   0.99956
FLUX  566   767.00        3.908638E+14   6.7966E-05   6.7988E-05   0.99968
FLUX  567   769.00        3.898472E+14   6.7700E-05   6.7729E-05   0.99956
FLUX  568   771.00        3.888359E+14   6.7449E-05   6.7472E-05   0.99966
FLUX  569   773.00        3.878299E+14   6.7187E-05   6.7217E-05   0.99956
FLUX  570   775.00        3.868290E+14   6.6934E-05   6.6963E-05   0.99957
FLUX  571   777.00        3.858333E+14   6.6065E-05   6.6710E-05   0.99033
FLUX  572   779.00        3.848427E+14   6.6431E-05   6.6459E-05   0.99958
FLUX  573   781.00        3.838572E+14   6.6194E-05   6.6209E-05   0.99978
FLUX  574   783.00        3.828768E+14   6.5947E-05   6.5960E-05   0.99979
FLUX  575   785.00        3.819013E+14   6.5511E-05   6.5724E-05   0.99677
FLUX  576   787.00        3.809307E+14   6.5292E-05   6.5478E-05   0.99715
FLUX  577   789.00        3.799651E+14   6.4934E-05   6.5234E-05   0.99541
FLUX  578   791.00        3.790044E+14   6.4944E-05   6.4991E-05   0.99929
FLUX  579   793.00        3.780485E+14   6.4735E-05   6.4749E-05   0.99978
FLUX  580   795.00        3.770975E+14   6.4319E-05   6.4509E-05   0.99706
FLUX  581   797.00        3.761512E+14   6.4242E-05   6.4270E-05   0.99957
FLUX  582   799.00        3.752096E+14   6.3714E-05   6.4032E-05   0.99503
FLUX  583   801.00        3.742728E+14   6.3778E-05   6.3796E-05   0.99972
FLUX  584   803.00        3.733406E+14   6.3529E-05   6.3561E-05   0.99949
FLUX  585   805.00        3.724130E+14   6.3285E-05   6.3327E-05   0.99933
FLUX  586   807.00        3.714901E+14   6.3074E-05   6.3095E-05   0.99967
FLUX  587   809.00        3.705717E+14   6.2815E-05   6.2863E-05   0.99923
FLUX  588   811.00        3.696578E+14   6.2580E-05   6.2634E-05   0.99915
FLUX  589   813.00        3.687485E+14   6.2358E-05   6.2405E-05   0.99926
FLUX  590   815.00        3.678436E+14   6.2135E-05   6.2178E-05   0.99931
FLUX  591   817.00        3.669431E+14   6.1936E-05   6.1952E-05   0.99975
FLUX  592   819.00        3.660470E+14   6.1659E-05   6.1727E-05   0.99891
FLUX  593   821.00        3.651553E+14   6.1303E-05   6.8144E-05   0.89961
FLUX  594   823.00        3.642679E+14   6.1023E-05   6.7881E-05   0.89897
FLUX  595   825.00        3.633848E+14   6.1061E-05   6.7620E-05   0.90300
FLUX  596   827.00        3.625060E+14   6.0841E-05   6.7371E-05   0.90306
FLUX  597   829.00        3.616315E+14   6.0592E-05   6.7113E-05   0.90283
FLUX  598   831.00        3.607611E+14   6.0444E-05   6.6857E-05   0.90409
FLUX  599   833.00        3.598950E+14   6.0225E-05   6.6602E-05   0.90426
FLUX  600   835.00        3.590329E+14   5.9951E-05   6.6348E-05   0.90358
FLUX  601   837.00        3.581750E+14   5.9700E-05   6.6096E-05   0.90324
FLUX  602   839.00        3.573212E+14   5.9494E-05   6.5845E-05   0.90356
FLUX  603   841.00        3.564715E+14   5.9131E-05   6.5595E-05   0.90146
FLUX  604   843.00        3.556257E+14   5.8891E-05   6.5347E-05   0.90120
FLUX  605   845.00        3.547840E+14   5.8374E-05   6.5101E-05   0.89668
FLUX  606   847.00        3.539463E+14   5.7683E-05   6.4855E-05   0.88942
FLUX  607   849.00        3.531125E+14   5.8719E-05   6.4612E-05   0.90879
FLUX  608   851.00        3.522826E+14   5.6733E-05   6.4369E-05   0.88136
FLUX  609   853.00        3.514566E+14   5.8992E-05   6.4128E-05   0.91991
FLUX  610   855.00        3.506345E+14   5.4952E-05   6.3888E-05   0.86013
FLUX  611   857.00        3.498162E+14   5.9574E-05   6.3650E-05   0.93596
FLUX  612   859.00        3.490017E+14   5.6350E-05   6.3413E-05   0.88862
FLUX  613   861.00        3.481911E+14   5.5512E-05   6.3177E-05   0.87868
FLUX  614   863.00        3.473841E+14   6.0083E-05   6.2943E-05   0.95457
FLUX  615   865.00        3.465809E+14   5.8443E-05   6.2709E-05   0.93196
FLUX  616   867.00        3.457814E+14   5.1685E-05   6.2478E-05   0.82725
FLUX  617   869.00        3.449856E+14   5.9640E-05   6.2247E-05   0.95812
FLUX  618   871.00        3.441935E+14   6.0767E-05   6.2018E-05   0.97984
FLUX  619   873.00        3.434049E+14   5.9269E-05   6.1790E-05   0.95920
FLUX  620   875.00        3.426200E+14   5.0473E-05   6.1563E-05   0.81986
FLUX  621   877.00        3.418387E+14   5.7504E-05   6.1338E-05   0.93751
FLUX  622   879.00        3.410609E+14   6.0275E-05   6.1113E-05   0.98629
FLUX  623   881.00        3.402866E+14   6.0367E-05   6.0891E-05   0.99140
FLUX  624   883.00        3.395159E+14   5.9632E-05   6.0669E-05   0.98291
FLUX  625   885.00        3.387486E+14   5.5818E-05   6.0448E-05   0.92340
FLUX  626   887.00        3.379848E+14   4.9743E-05   6.0229E-05   0.82590
FLUX  627   889.00        3.372244E+14   5.8285E-05   6.0011E-05   0.97124
FLUX  628   891.00        3.364674E+14   5.9248E-05   5.9794E-05   0.99087
FLUX  629   893.00        3.357139E+14   5.9124E-05   5.9579E-05   0.99237
FLUX  630   895.00        3.349637E+14   5.9123E-05   5.9364E-05   0.99593
FLUX  631   897.00        3.342168E+14   5.8745E-05   5.9151E-05   0.99314
FLUX  632   899.00        3.334733E+14   5.7466E-05   5.8939E-05   0.97501
FLUX  633   901.00        3.327331E+14   4.9539E-05   5.8728E-05   0.84354
FLUX  634   903.00        3.319961E+14   5.2990E-05   5.8518E-05   0.90553
FLUX  635   905.00        3.312624E+14   5.7408E-05   5.8309E-05   0.98455
FLUX  636   907.00        3.305320E+14   5.7404E-05   5.8102E-05   0.98800
FLUX  637   909.00        3.298047E+14   5.7386E-05   5.7895E-05   0.99121
FLUX  638   911.00        3.290807E+14   5.7504E-05   5.7690E-05   0.99678
FLUX  639   913.00        3.283598E+14   5.7336E-05   5.7486E-05   0.99740
FLUX  640   915.00        3.276421E+14   5.7187E-05   5.7282E-05   0.99833
FLUX  641   917.00        3.269275E+14   5.6755E-05   5.7080E-05   0.99430
FLUX  642   919.00        3.262160E+14   5.6210E-05   5.6879E-05   0.98824
FLUX  643   921.00        3.255076E+14   5.4193E-05   5.6679E-05   0.95613
FLUX  644   923.00        3.248023E+14   4.5940E-05   5.6480E-05   0.81338
FLUX  645   925.00        3.241000E+14   5.3193E-05   5.6282E-05   0.94511
FLUX  646   927.00        3.234008E+14   5.4821E-05   5.6085E-05   0.97746
FLUX  647   929.00        3.227045E+14   5.5560E-05   5.5890E-05   0.99411
FLUX  648   931.00        3.220113E+14   5.5518E-05   5.5695E-05   0.99683
FLUX  649   933.00        3.213210E+14   5.5377E-05   5.5501E-05   0.99776
FLUX  650   935.00        3.206337E+14   5.5253E-05   5.5308E-05   0.99900
FLUX  651   937.00        3.199493E+14   5.5072E-05   5.5116E-05   0.99920
FLUX  652   939.00        3.192678E+14   5.4839E-05   5.4925E-05   0.99843
FLUX  653   941.00        3.185893E+14   5.4290E-05   5.4735E-05   0.99186
FLUX  654   943.00        3.179136E+14   5.4492E-05   5.4546E-05   0.99900
FLUX  655   945.00        3.172407E+14   5.4329E-05   5.4359E-05   0.99945
FLUX  656   947.00        3.165707E+14   5.3978E-05   5.4172E-05   0.99643
FLUX  657   949.00        3.159036E+14   5.3749E-05   5.3986E-05   0.99562
FLUX  658   951.00        3.152392E+14   5.3074E-05   5.3801E-05   0.98650
FLUX  659   953.00        3.145776E+14   5.0747E-05   5.3617E-05   0.94648
FLUX  660   955.00        3.139188E+14   4.3858E-05   5.3434E-05   0.82080
FLUX  661   957.00        3.132628E+14   5.1207E-05   5.3251E-05   0.96161
FLUX  662   959.00        3.126095E+14   5.2607E-05   5.3070E-05   0.99126
FLUX  663   961.00        3.119589E+14   5.2644E-05   5.2890E-05   0.99536
FLUX  664   963.00        3.113110E+14   5.2247E-05   5.2710E-05   0.99121
FLUX  665   965.00        3.106658E+14   5.2512E-05   5.2532E-05   0.99962
FLUX  666   967.00        3.100233E+14   5.2258E-05   5.2354E-05   0.99816
FLUX  667   969.00        3.093834E+14   5.2138E-05   5.2178E-05   0.99924
FLUX  668   971.00        3.087461E+14   5.1961E-05   5.2002E-05   0.99920
FLUX  669   973.00        3.081115E+14   5.1819E-05   5.1827E-05   0.99984
FLUX  670   975.00        3.074795E+14   5.1620E-05   5.1653E-05   0.99937
FLUX  671   977.00        3.068500E+14   5.1479E-05   5.1480E-05   0.99997
FLUX  672   979.00        3.062232E+14   5.1297E-05   5.1308E-05   0.99979
FLUX  673   981.00        3.055989E+14   5.1121E-05   5.1137E-05   0.99970
FLUX  674   983.00        3.049771E+14   5.0917E-05   5.0966E-05   0.99903
FLUX  675   985.00        3.043579E+14   5.0775E-05   5.0797E-05   0.99957
FLUX  676   987.00        3.037411E+14   5.0602E-05   5.0628E-05   0.99949
FLUX  677   989.00        3.031269E+14   5.0387E-05   5.0460E-05   0.99857
FLUX  678   991.00        3.025151E+14   5.0220E-05   5.0293E-05   0.99856
FLUX  679   993.00        3.019058E+14   5.0106E-05   5.0126E-05   0.99959
FLUX  680   995.00        3.012990E+14   4.9930E-05   4.9961E-05   0.99939
FLUX  681   997.00        3.006946E+14   4.9716E-05   4.9796E-05   0.99838
FLUX  682   999.00        3.000926E+14   4.9451E-05   4.9632E-05   0.99635
FLUX  683  1002.50        2.990449E+14   4.7029E-05   4.9348E-05   0.95302
FLUX  684  1007.50        2.975608E+14   4.5512E-05   4.8945E-05   0.92986
FLUX  685  1012.50        2.960914E+14   4.8215E-05   4.8547E-05   0.99316
FLUX  686  1017.50        2.946364E+14   4.8095E-05   4.8155E-05   0.99875
FLUX  687  1022.50        2.931956E+14   4.7749E-05   4.7767E-05   0.99963
FLUX  688  1027.50        2.917689E+14   4.7370E-05   4.7383E-05   0.99971
FLUX  689  1032.50        2.903559E+14   4.6926E-05   4.7005E-05   0.99832
FLUX  690  1037.50        2.889566E+14   4.6616E-05   4.6631E-05   0.99968
FLUX  691  1042.50        2.875707E+14   4.6254E-05   4.6261E-05   0.99985
FLUX  692  1047.50        2.861981E+14   4.5871E-05   4.5896E-05   0.99945
FLUX  693  1052.50        2.848385E+14   4.5496E-05   4.5535E-05   0.99914
FLUX  694  1057.50        2.834917E+14   4.5159E-05   4.5179E-05   0.99958
FLUX  695  1062.50        2.821576E+14   4.4819E-05   4.4826E-05   0.99985
FLUX  696  1067.50        2.808361E+14   4.4327E-05   4.4478E-05   0.99660
FLUX  697  1072.50        2.795268E+14   4.4097E-05   4.4134E-05   0.99916
FLUX  698  1077.50        2.782297E+14   4.3772E-05   4.3794E-05   0.99952
FLUX  699  1082.50        2.769446E+14   4.3152E-05   4.3457E-05   0.99297
FLUX  700  1087.50        2.756713E+14   4.2945E-05   4.3125E-05   0.99582
FLUX  701  1092.50        2.744096E+14   3.8987E-05   4.2796E-05   0.91100
FLUX  702  1097.50        2.731595E+14   4.1331E-05   4.2471E-05   0.97315
FLUX  703  1102.50        2.719206E+14   4.2008E-05   4.2150E-05   0.99664
FLUX  704  1107.50        2.706930E+14   4.1821E-05   4.1832E-05   0.99975
FLUX  705  1112.50        2.694764E+14   4.1511E-05   4.1518E-05   0.99982
FLUX  706  1117.50        2.682707E+14   4.1193E-05   4.1208E-05   0.99964
FLUX  707  1122.50        2.670757E+14   4.0890E-05   4.0901E-05   0.99973
FLUX  708  1127.50        2.658913E+14   4.0438E-05   4.0597E-05   0.99607
FLUX  709  1132.50        2.647174E+14   4.0185E-05   4.0297E-05   0.99723
FLUX  710  1137.50        2.635538E+14   3.9988E-05   4.0000E-05   0.99970
FLUX  711  1142.50        2.624004E+14   3.9693E-05   3.9706E-05   0.99966
FLUX  712  1147.50        2.612571E+14   3.9411E-05   3.9416E-05   0.99988
FLUX  713  1152.50        2.601236E+14   3.9123E-05   3.9129E-05   0.99986
FLUX  714  1157.50        2.590000E+14   3.8840E-05   3.8845E-05   0.99987
FLUX  715  1162.50        2.578860E+14   3.8513E-05   3.8564E-05   0.99866
FLUX  716  1167.50        2.567816E+14   3.8238E-05   3.8286E-05   0.99874
FLUX  717  1172.50        2.556866E+14   3.7996E-05   3.8012E-05   0.99960
FLUX  718  1177.50        2.546008E+14   3.7631E-05   3.7740E-05   0.99711
FLUX  719  1182.50        2.535243E+14   3.7459E-05   3.7471E-05   0.99968
FLUX  720  1187.50        2.524568E+14   3.7175E-05   3.7205E-05   0.99921
FLUX  721  1192.50        2.513983E+14   3.6939E-05   3.6941E-05   0.99994
FLUX  722  1197.50        2.503486E+14   3.6595E-05   3.6681E-05   0.99765
FLUX  723  1202.50        2.493077E+14   3.6421E-05   3.6423E-05   0.99993
FLUX  724  1207.50        2.482754E+14   3.6165E-05   3.6168E-05   0.99990
FLUX  725  1212.50        2.472515E+14   3.5909E-05   3.5916E-05   0.99980
FLUX  726  1217.50        2.462361E+14   3.5661E-05   3.5666E-05   0.99987
FLUX  727  1222.50        2.452290E+14   3.5412E-05   3.5419E-05   0.99979
FLUX  728  1227.50        2.442301E+14   3.5164E-05   3.5175E-05   0.99970
FLUX  729  1232.50        2.432393E+14   3.4923E-05   3.4933E-05   0.99973
FLUX  730  1237.50        2.422566E+14   3.4687E-05   3.4693E-05   0.99982
FLUX  731  1242.50        2.412817E+14   3.4455E-05   3.4456E-05   0.99997
FLUX  732  1247.50        2.403146E+14   3.4184E-05   3.4222E-05   0.99889
FLUX  733  1252.50        2.393553E+14   3.3973E-05   3.3990E-05   0.99950
FLUX  734  1257.50        2.384036E+14   3.3733E-05   3.3760E-05   0.99921
FLUX  735  1262.50        2.374594E+14   3.3520E-05   3.3533E-05   0.99962
FLUX  736  1267.50        2.365227E+14   3.3304E-05   3.3308E-05   0.99989
FLUX  737  1272.50        2.355933E+14   3.3052E-05   3.3085E-05   0.99902
FLUX  738  1277.50        2.346712E+14   3.2418E-05   3.2864E-05   0.98644
FLUX  739  1282.50        2.337563E+14   2.9766E-05   3.2646E-05   0.91178
FLUX  740  1287.50        2.328485E+14   3.2177E-05   3.2429E-05   0.99221
FLUX  741  1292.50        2.319478E+14   3.2194E-05   3.2215E-05   0.99935
FLUX  742  1297.50        2.310539E+14   3.1965E-05   3.2003E-05   0.99882
FLUX  743  1302.50        2.301670E+14   3.1793E-05   3.1793E-05   0.99999
FLUX  744  1307.50        2.292868E+14   3.1584E-05   3.1585E-05   0.99997
FLUX  745  1312.50        2.284133E+14   3.1379E-05   3.1379E-05   0.99999
FLUX  746  1317.50        2.275465E+14   3.1150E-05   3.1175E-05   0.99919
FLUX  747  1322.50        2.266862E+14   3.0973E-05   3.0974E-05   0.99998
FLUX  748  1327.50        2.258324E+14   3.0773E-05   3.0774E-05   0.99999
FLUX  749  1332.50        2.249850E+14   3.0575E-05   3.0576E-05   0.99999
FLUX  750  1337.50        2.241439E+14   3.0379E-05   3.0380E-05   0.99999
FLUX  751  1342.50        2.233091E+14   3.0177E-05   3.0186E-05   0.99972
FLUX  752  1347.50        2.224805E+14   2.9989E-05   2.9994E-05   0.99984
FLUX  753  1352.50        2.216580E+14   2.9795E-05   2.9803E-05   0.99972
FLUX  754  1357.50        2.208416E+14   2.9610E-05   2.9615E-05   0.99984
FLUX  755  1362.50        2.200312E+14   2.9423E-05   2.9428E-05   0.99982
FLUX  756  1367.50        2.192267E+14   2.9229E-05   2.9243E-05   0.99953
FLUX  757  1372.50        2.184280E+14   2.9046E-05   2.9059E-05   0.99955
FLUX  758  1377.50        2.176352E+14   2.8876E-05   2.8878E-05   0.99994
FLUX  759  1382.50        2.168481E+14   2.8697E-05   2.8698E-05   0.99995
FLUX  760  1387.50        2.160667E+14   2.8519E-05   2.8520E-05   0.99998
FLUX  761  1392.50        2.152908E+14   2.8339E-05   2.8343E-05   0.99986
FLUX  762  1397.50        2.145206E+14   2.8166E-05   2.8169E-05   0.99990
FLUX  763  1402.50        2.137558E+14   2.7995E-05   2.7995E-05   0.99997
FLUX  764  1407.50        2.129964E+14   2.7821E-05   2.7824E-05   0.99989
FLUX  765  1412.50        2.122425E+14   2.7650E-05   2.7654E-05   0.99985
FLUX  766  1417.50        2.114938E+14   2.7485E-05   2.7485E-05   0.99998
FLUX  767  1422.50        2.107504E+14   2.7318E-05   2.7318E-05   0.99998
FLUX  768  1427.50        2.100123E+14   2.7153E-05   2.7153E-05   0.99999
FLUX  769  1432.50        2.092792E+14   2.6988E-05   2.6989E-05   0.99997
FLUX  770  1437.50        2.085513E+14   2.6824E-05   2.6827E-05   0.99992
FLUX  771  1442.50        2.078284E+14   2.6638E-05   2.6666E-05   0.99898
FLUX  772  1447.50        2.071105E+14   2.6498E-05   2.6506E-05   0.99971
FLUX  773  1452.50        2.063976E+14   2.6337E-05   2.6348E-05   0.99958
FLUX  774  1457.00        2.057601E+14   2.6207E-05   2.6207E-05   0.99999
FLUX  775  1462.00        2.050564E+14   2.6052E-05   2.6782E-05   0.97275
FLUX  776  1467.50        2.042879E+14   2.5892E-05   2.6605E-05   0.97320
FLUX  777  1472.50        2.035942E+14   2.5741E-05   2.6446E-05   0.97337
FLUX  778  1477.50        2.029052E+14   2.5586E-05   2.6288E-05   0.97330
FLUX  779  1482.50        2.022209E+14   2.5449E-05   2.6131E-05   0.97390
FLUX  780  1487.50        2.015412E+14   2.5303E-05   2.5976E-05   0.97407
FLUX  781  1492.50        2.008660E+14   2.5162E-05   2.5823E-05   0.97441
FLUX  782  1497.50        2.001953E+14   2.5013E-05   2.5670E-05   0.97440
FLUX  783  1502.50        1.995291E+14   2.4871E-05   2.5519E-05   0.97460
FLUX  784  1507.50        1.988673E+14   2.4710E-05   2.5370E-05   0.97400
FLUX  785  1512.50        1.982099E+14   2.4570E-05   2.5222E-05   0.97417
FLUX  786  1517.50        1.975568E+14   2.4422E-05   2.5075E-05   0.97399
FLUX  787  1522.50        1.969080E+14   2.4295E-05   2.4929E-05   0.97459
FLUX  788  1527.50        1.962635E+14   2.4104E-05   2.4784E-05   0.97256
FLUX  789  1532.50        1.956232E+14   2.3951E-05   2.4641E-05   0.97198
FLUX  790  1537.50        1.949870E+14   2.3882E-05   2.4499E-05   0.97481
FLUX  791  1542.50        1.943549E+14   2.3583E-05   2.4359E-05   0.96816
FLUX  792  1547.50        1.937270E+14   2.3621E-05   2.4219E-05   0.97530
FLUX  793  1552.50        1.931031E+14   2.3494E-05   2.4081E-05   0.97565
FLUX  794  1557.50        1.924831E+14   2.3012E-05   2.3944E-05   0.96109
FLUX  795  1562.50        1.918672E+14   2.3417E-05   2.3808E-05   0.98357
FLUX  796  1567.50        1.912552E+14   2.2960E-05   2.3673E-05   0.96986
FLUX  797  1572.50        1.906471E+14   2.2538E-05   2.3539E-05   0.95746
FLUX  798  1577.50        1.900428E+14   2.3103E-05   2.3407E-05   0.98701
FLUX  799  1582.50        1.894423E+14   2.2953E-05   2.3276E-05   0.98614
FLUX  800  1587.50        1.888457E+14   2.1722E-05   2.3145E-05   0.93850
FLUX  801  1592.50        1.882527E+14   2.2524E-05   2.3016E-05   0.97861
FLUX  802  1597.50        1.876635E+14   2.2709E-05   2.2888E-05   0.99217
FLUX  803  1605.00        1.867866E+14   2.2345E-05   2.2698E-05   0.98445
FLUX  804  1615.00        1.856300E+14   2.1550E-05   2.2448E-05   0.96001
FLUX  805  1625.00        1.844877E+14   2.2145E-05   2.2202E-05   0.99743
FLUX  806  1635.00        1.833593E+14   2.1615E-05   2.1961E-05   0.98425
FLUX  807  1645.00        1.822447E+14   2.0828E-05   2.1723E-05   0.95879
FLUX  808  1655.00        1.811435E+14   2.1475E-05   2.1489E-05   0.99933
FLUX  809  1665.00        1.800556E+14   2.1257E-05   2.1259E-05   0.99988
FLUX  810  1675.00        1.789806E+14   2.0688E-05   2.1033E-05   0.98361
FLUX  811  1685.00        1.779184E+14   1.9930E-05   2.0810E-05   0.95774
FLUX  812  1695.00        1.768687E+14   2.0568E-05   2.0591E-05   0.99889
FLUX  813  1705.00        1.758314E+14   2.0343E-05   2.0375E-05   0.99841
FLUX  814  1715.00        1.748061E+14   2.0157E-05   2.0163E-05   0.99971
FLUX  815  1725.00        1.737928E+14   1.9917E-05   1.9953E-05   0.99819
FLUX  816  1735.00        1.727911E+14   1.8713E-05   1.9748E-05   0.94760
FLUX  817  1745.00        1.718009E+14   1.9418E-05   1.9545E-05   0.99353
FLUX  818  1755.00        1.708219E+14   1.9337E-05   1.9345E-05   0.99957
FLUX  819  1765.00        1.698541E+14   1.9143E-05   1.9149E-05   0.99970
FLUX  820  1775.00        1.688972E+14   1.8945E-05   1.8955E-05   0.99949
FLUX  821  1785.00        1.679510E+14   1.8758E-05   1.8764E-05   0.99969
FLUX  822  1795.00        1.670153E+14   1.8576E-05   1.8577E-05   0.99997
FLUX  823  1805.00        1.660900E+14   1.8350E-05   1.8392E-05   0.99772
FLUX  824  1815.00        1.651749E+14   1.7336E-05   1.8209E-05   0.95205
FLUX  825  1825.00        1.642699E+14   1.7830E-05   1.8030E-05   0.98891
FLUX  826  1835.00        1.633747E+14   1.7847E-05   1.7853E-05   0.99966
FLUX  827  1845.00        1.624892E+14   1.7677E-05   1.7679E-05   0.99988
FLUX  828  1855.00        1.616132E+14   1.7496E-05   1.7507E-05   0.99936
FLUX  829  1865.00        1.607466E+14   1.7271E-05   1.7338E-05   0.99616
FLUX  830  1875.00        1.598893E+14   1.6353E-05   1.7171E-05   0.95235
FLUX  831  1885.00        1.590411E+14   1.6962E-05   1.7007E-05   0.99735
FLUX  832  1895.00        1.582018E+14   1.6840E-05   1.6845E-05   0.99972
FLUX  833  1905.00        1.573714E+14   1.6673E-05   1.6685E-05   0.99928
FLUX  834  1915.00        1.565496E+14   1.6526E-05   1.6528E-05   0.99991
FLUX  835  1925.00        1.557364E+14   1.6370E-05   1.6373E-05   0.99987
FLUX  836  1935.00        1.549315E+14   1.6168E-05   1.6220E-05   0.99683
FLUX  837  1945.00        1.541350E+14   1.5240E-05   1.6069E-05   0.94841
FLUX  838  1955.00        1.533465E+14   1.5865E-05   1.5920E-05   0.99655
FLUX  839  1965.00        1.525662E+14   1.5773E-05   1.5773E-05   0.99998
FLUX  840  1975.00        1.517937E+14   1.5628E-05   1.5629E-05   0.99994
FLUX  841  1985.00        1.510290E+14   1.5486E-05   1.5486E-05   0.99998
FLUX  842  1995.00        1.502719E+14   1.5345E-05   1.5345E-05   0.99998
FLUX  843  2005.00        1.495224E+14   1.5206E-05   1.5207E-05   0.99999
FLUX  844  2015.00        1.487804E+14   1.5069E-05   1.5070E-05   0.99999
FLUX  845  2025.00        1.480457E+14   1.4934E-05   1.4935E-05   0.99999
FLUX  846  2035.00        1.473182E+14   1.4801E-05   1.4801E-05   0.99998
FLUX  847  2045.00        1.465978E+14   1.4669E-05   1.4670E-05   0.99995
FLUX  848  2055.00        1.458844E+14   1.4530E-05   1.4540E-05   0.99935
FLUX  849  2065.00        1.451780E+14   1.4412E-05   1.4412E-05   0.99998
FLUX  850  2075.00        1.444783E+14   1.4285E-05   1.4286E-05   0.99999
FLUX  851  2085.00        1.437854E+14   1.4161E-05   1.4161E-05   0.99999
FLUX  852  2095.00        1.430990E+14   1.4037E-05   1.4038E-05   0.99993
FLUX  853  2105.00        1.424192E+14   1.3916E-05   1.3916E-05   0.99997
FLUX  854  2115.00        1.417459E+14   1.3786E-05   1.3796E-05   0.99925
FLUX  855  2125.00        1.410788E+14   1.3676E-05   1.3678E-05   0.99984
FLUX  856  2135.00        1.404180E+14   1.3558E-05   1.3561E-05   0.99976
FLUX  857  2145.00        1.397634E+14   1.3443E-05   1.3446E-05   0.99979
FLUX  858  2155.00        1.391148E+14   1.3297E-05   1.3332E-05   0.99736
FLUX  859  2165.00        1.384723E+14   1.2563E-05   1.3219E-05   0.95032
FLUX  860  2175.00        1.378356E+14   1.3038E-05   1.3108E-05   0.99460
FLUX  861  2185.00        1.372048E+14   1.2997E-05   1.2999E-05   0.99987
FLUX  862  2195.00        1.365797E+14   1.2888E-05   1.2891E-05   0.99984
FLUX  863  2205.00        1.359603E+14   1.2783E-05   1.2784E-05   0.99999
FLUX  864  2215.00        1.353465E+14   1.2677E-05   1.2678E-05   0.99994
FLUX  865  2225.00        1.347382E+14   1.2573E-05   1.2574E-05   0.99998
FLUX  866  2235.00        1.341353E+14   1.2471E-05   1.2471E-05   0.99999
FLUX  867  2245.00        1.335379E+14   1.2369E-05   1.2369E-05   0.99999
FLUX  868  2255.00        1.329457E+14   1.2268E-05   1.2269E-05   0.99998
FLUX  869  2265.00        1.323587E+14   1.2169E-05   1.2169E-05   0.99999
FLUX  870  2275.00        1.317769E+14   1.2071E-05   1.2071E-05   0.99999
FLUX  871  2285.00        1.312002E+14   1.1976E-05   1.2091E-05   0.99042
FLUX  872  2295.00        1.306285E+14   1.1881E-05   1.1994E-05   0.99053
FLUX  873  2305.00        1.300618E+14   1.1787E-05   1.1898E-05   0.99065
FLUX  874  2315.00        1.295000E+14   1.1695E-05   1.1803E-05   0.99078
FLUX  875  2325.00        1.289430E+14   1.1603E-05   1.1710E-05   0.99090
FLUX  876  2335.00        1.283908E+14   1.1513E-05   1.1617E-05   0.99100
FLUX  877  2345.00        1.278433E+14   1.1423E-05   1.1526E-05   0.99112
FLUX  878  2355.00        1.273004E+14   1.1335E-05   1.1435E-05   0.99122
FLUX  879  2365.00        1.267622E+14   1.1247E-05   1.1346E-05   0.99128
FLUX  880  2375.00        1.262284E+14   1.1160E-05   1.1257E-05   0.99136
FLUX  881  2385.00        1.256992E+14   1.1074E-05   1.1170E-05   0.99144
FLUX  882  2395.00        1.251743E+14   1.0988E-05   1.1084E-05   0.99138
FLUX  883  2405.00        1.246538E+14   1.0901E-05   1.0999E-05   0.99115
FLUX  884  2415.00        1.241377E+14   1.0815E-05   1.0914E-05   0.99092
FLUX  885  2425.00        1.236258E+14   1.0739E-05   1.0831E-05   0.99148
FLUX  886  2435.00        1.231181E+14   1.0652E-05   1.0749E-05   0.99101
FLUX  887  2445.00        1.226145E+14   1.0565E-05   1.0667E-05   0.99044
FLUX  888  2455.00        1.221151E+14   1.0498E-05   1.0587E-05   0.99161
FLUX  889  2465.00        1.216197E+14   1.0405E-05   1.0507E-05   0.99026
FLUX  890  2475.00        1.211283E+14   1.0326E-05   1.0428E-05   0.99022
FLUX  891  2485.00        1.206408E+14   1.0280E-05   1.0351E-05   0.99317
FLUX  892  2495.00        1.201573E+14   1.0124E-05   1.0274E-05   0.98542
FLUX  893  2505.00        1.196776E+14   1.0132E-05   1.0198E-05   0.99355
FLUX  894  2515.00        1.192018E+14   1.0061E-05   1.0122E-05   0.99399
FLUX  895  2525.00        1.187297E+14   9.8614E-06   1.0048E-05   0.98144
FLUX  896  2535.00        1.182613E+14   9.9063E-06   9.9743E-06   0.99319
FLUX  897  2545.00        1.177967E+14   9.8595E-06   9.9015E-06   0.99576
FLUX  898  2555.00        1.173356E+14   9.7627E-06   9.8295E-06   0.99321
FLUX  899  2565.00        1.168782E+14   9.5159E-06   9.7583E-06   0.97517
FLUX  900  2575.00        1.164243E+14   9.6350E-06   9.6878E-06   0.99455
FLUX  901  2585.00        1.159739E+14   9.5876E-06   9.6181E-06   0.99683
FLUX  902  2595.00        1.155270E+14   9.5176E-06   9.5492E-06   0.99669
FLUX  903  2605.00        1.150835E+14   9.3859E-06   9.4810E-06   0.98997
FLUX  904  2615.00        1.146434E+14   9.1022E-06   9.4135E-06   0.96693
FLUX  905  2625.00        1.142067E+14   8.8553E-06   9.3467E-06   0.94743
FLUX  906  2635.00        1.137732E+14   9.2057E-06   9.2807E-06   0.99192
FLUX  907  2645.00        1.133431E+14   9.1973E-06   9.2153E-06   0.99805
FLUX  908  2655.00        1.129162E+14   9.1424E-06   9.1506E-06   0.99910
FLUX  909  2665.00        1.124925E+14   9.0347E-06   9.0866E-06   0.99428
FLUX  910  2675.00        1.120720E+14   8.6566E-06   9.0233E-06   0.95936
FLUX  911  2685.00        1.116546E+14   8.9075E-06   8.9607E-06   0.99407
FLUX  912  2695.00        1.112403E+14   8.8978E-06   8.8987E-06   0.99991
FLUX  913  2705.00        1.108290E+14   8.8371E-06   8.8373E-06   0.99998
FLUX  914  2715.00        1.104208E+14   8.7765E-06   8.7766E-06   0.99999
FLUX  915  2725.00        1.100156E+14   8.7163E-06   8.7164E-06   0.99999
FLUX  916  2735.00        1.096133E+14   8.6567E-06   8.6569E-06   0.99998
FLUX  917  2745.00        1.092140E+14   8.5770E-06   8.5981E-06   0.99755
FLUX  918  2755.00        1.088176E+14   8.2102E-06   8.5398E-06   0.96140
FLUX  919  2765.00        1.084240E+14   8.3524E-06   8.4821E-06   0.98472
FLUX  920  2775.00        1.080333E+14   8.4190E-06   8.4250E-06   0.99929
FLUX  921  2785.00        1.076454E+14   8.3683E-06   8.3684E-06   0.99999
FLUX  922  2795.00        1.072603E+14   8.3124E-06   8.3124E-06   0.99999
FLUX  923  2805.00        1.068779E+14   8.2570E-06   8.2570E-06   0.99999
FLUX  924  2815.00        1.064982E+14   8.2020E-06   8.2022E-06   0.99998
FLUX  925  2825.00        1.061212E+14   8.1475E-06   8.1479E-06   0.99995
FLUX  926  2835.00        1.057469E+14   8.0931E-06   8.0941E-06   0.99988
FLUX  927  2845.00        1.053752E+14   8.0406E-06   8.0408E-06   0.99997
FLUX  928  2855.00        1.050061E+14   7.9845E-06   7.9881E-06   0.99955
FLUX  929  2865.00        1.046396E+14   7.8525E-06   7.9359E-06   0.98949
FLUX  930  2875.00        1.042757E+14   7.5309E-06   7.8842E-06   0.95518
FLUX  931  2885.00        1.039142E+14   7.8062E-06   7.8331E-06   0.99657
FLUX  932  2895.00        1.035553E+14   7.7801E-06   7.7824E-06   0.99971
FLUX  933  2905.00        1.031988E+14   7.7321E-06   7.7322E-06   0.99999
FLUX  934  2915.00        1.028448E+14   7.6818E-06   7.6825E-06   0.99992
FLUX  935  2925.00        1.024932E+14   7.6331E-06   7.6332E-06   0.99999
FLUX  936  2935.00        1.021440E+14   7.5841E-06   7.5845E-06   0.99995
FLUX  937  2945.00        1.017971E+14   7.5360E-06   7.5362E-06   0.99998
FLUX  938  2955.00        1.014526E+14   7.4884E-06   7.4884E-06   1.00000
FLUX  939  2965.00        1.011105E+14   7.4409E-06   7.4410E-06   0.99999
FLUX  940  2975.00        1.007706E+14   7.3940E-06   7.3941E-06   0.99999
FLUX  941  2985.00        1.004330E+14   7.3476E-06   7.3476E-06   1.00000
FLUX  942  2995.00        1.000977E+14   7.3015E-06   7.3015E-06   1.00000
FLUX  943  3005.00        9.976456E+13   7.2558E-06   7.2559E-06   0.99998
FLUX  944  3015.00        9.943366E+13   7.2105E-06   7.2107E-06   0.99997
FLUX  945  3025.00        9.910496E+13   7.1518E-06   7.1659E-06   0.99803
FLUX  946  3035.00        9.877842E+13   6.8614E-06   7.1216E-06   0.96347
FLUX  947  3045.00        9.845402E+13   6.9296E-06   7.0776E-06   0.97909
FLUX  948  3055.00        9.813175E+13   7.0240E-06   7.0341E-06   0.99858
FLUX  949  3065.00        9.781158E+13   6.9908E-06   6.9909E-06   0.99998
FLUX  950  3075.00        9.749349E+13   6.9480E-06   6.9482E-06   0.99998
FLUX  951  3085.00        9.717747E+13   6.9027E-06   6.9058E-06   0.99955
FLUX  952  3095.00        9.686349E+13   6.8637E-06   6.8638E-06   0.99998
FLUX  953  3105.00        9.655153E+13   6.8221E-06   6.8222E-06   0.99999
FLUX  954  3115.00        9.624157E+13   6.7809E-06   6.7810E-06   0.99999
FLUX  955  3125.00        9.593360E+13   6.7399E-06   6.7401E-06   0.99997
FLUX  956  3135.00        9.562759E+13   6.6996E-06   6.6997E-06   0.99999
FLUX  957  3145.00        9.532353E+13   6.6593E-06   6.6595E-06   0.99997
FLUX  958  3155.00        9.502139E+13   6.6197E-06   6.6198E-06   0.99999
FLUX  959  3165.00        9.472117E+13   6.5801E-06   6.5804E-06   0.99995
FLUX  960  3175.00        9.442283E+13   6.5412E-06   6.5413E-06   0.99998
FLUX  961  3185.00        9.412637E+13   6.5026E-06   6.5026E-06   0.99999
FLUX  962  3195.00        9.383177E+13   6.4641E-06   6.4642E-06   0.99998
FLUX  963  3210.00        9.339330E+13   6.4073E-06   6.4073E-06   0.99999
FLUX  964  3230.00        9.281501E+13   6.3326E-06   6.3326E-06   1.00000
FLUX  965  3250.00        9.224385E+13   6.2591E-06   6.2592E-06   0.99999
FLUX  966  3270.00        9.167966E+13   6.1864E-06   6.1870E-06   0.99990
FLUX  967  3290.00        9.112234E+13   5.9380E-06   6.1415E-06   0.96686
FLUX  968  3310.00        9.057175E+13   6.0027E-06   6.0714E-06   0.98870
FLUX  969  3330.00        9.002778E+13   5.9686E-06   6.0024E-06   0.99437
FLUX  970  3350.00        8.949030E+13   5.9033E-06   5.9346E-06   0.99473
FLUX  971  3370.00        8.895920E+13   5.8375E-06   5.8680E-06   0.99481
FLUX  972  3390.00        8.843436E+13   5.7732E-06   5.8025E-06   0.99496
FLUX  973  3410.00        8.791569E+13   5.7097E-06   5.7380E-06   0.99506
FLUX  974  3430.00        8.740306E+13   5.6471E-06   5.6747E-06   0.99513
FLUX  975  3450.00        8.689638E+13   5.5857E-06   5.6124E-06   0.99525
FLUX  976  3470.00        8.639553E+13   5.5249E-06   5.5511E-06   0.99530
FLUX  977  3490.00        8.590043E+13   5.4651E-06   5.4908E-06   0.99533
FLUX  978  3510.00        8.541097E+13   5.4067E-06   5.4314E-06   0.99544
FLUX  979  3530.00        8.492705E+13   5.3488E-06   5.3731E-06   0.99549
FLUX  980  3550.00        8.444859E+13   5.2915E-06   5.3156E-06   0.99547
FLUX  981  3570.00        8.397549E+13   5.2347E-06   5.2591E-06   0.99535
FLUX  982  3590.00        8.350766E+13   5.1820E-06   5.2035E-06   0.99587
FLUX  983  3610.00        8.304501E+13   5.1237E-06   5.1488E-06   0.99514
FLUX  984  3630.00        8.258746E+13   5.0750E-06   5.0949E-06   0.99610
FLUX  985  3650.00        8.213493E+13   5.0154E-06   5.0418E-06   0.99475
FLUX  986  3670.00        8.168733E+13   4.9723E-06   4.9896E-06   0.99653
FLUX  987  3690.00        8.124458E+13   4.9071E-06   4.9382E-06   0.99371
FLUX  988  3710.00        8.080660E+13   4.8681E-06   4.8876E-06   0.99601
FLUX  989  3730.00        8.037332E+13   4.7622E-06   4.8377E-06   0.98438
FLUX  990  3750.00        7.994467E+13   4.6649E-06   4.7886E-06   0.97415
FLUX  991  3770.00        7.952056E+13   4.7244E-06   4.7403E-06   0.99664
FLUX  992  3790.00        7.910092E+13   4.6810E-06   4.6926E-06   0.99751
FLUX  993  3810.00        7.868569E+13   4.6125E-06   4.6457E-06   0.99285
FLUX  994  3830.00        7.827480E+13   4.5714E-06   4.5995E-06   0.99389
FLUX  995  3850.00        7.786818E+13   4.5501E-06   4.5540E-06   0.99915
FLUX  996  3870.00        7.746576E+13   4.5081E-06   4.5091E-06   0.99978
FLUX  997  3890.00        7.706748E+13   4.4513E-06   4.4649E-06   0.99696
FLUX  998  3910.00        7.667327E+13   4.3619E-06   4.4213E-06   0.98655
FLUX  999  3930.00        7.628308E+13   4.3729E-06   4.3784E-06   0.99875
FLUX 1000  3950.00        7.589683E+13   4.3347E-06   4.3361E-06   0.99968
FLUX 1001  3970.00        7.551448E+13   4.2943E-06   4.2944E-06   0.99997
FLUX 1002  3990.00        7.513596E+13   4.2528E-06   4.2533E-06   0.99989
FLUX 1003  4010.00        7.476122E+13   4.1749E-06   4.2127E-06   0.99101
FLUX 1004  4030.00        7.439020E+13   4.1162E-06   4.1728E-06   0.98644
FLUX 1005  4050.00        7.402284E+13   4.0260E-06   4.1334E-06   0.97402
FLUX 1006  4070.00        7.365909E+13   4.0894E-06   4.0946E-06   0.99875
FLUX 1007  4090.00        7.329890E+13   4.0562E-06   4.0563E-06   0.99998
FLUX 1008  4110.00        7.294221E+13   4.0184E-06   4.0185E-06   0.99998
FLUX 1009  4130.00        7.258898E+13   3.9809E-06   3.9813E-06   0.99991
FLUX 1010  4150.00        7.223916E+13   3.9387E-06   3.9446E-06   0.99850
FLUX 1011  4170.00        7.189269E+13   3.8157E-06   3.9083E-06   0.97628
FLUX 1012  4190.00        7.154952E+13   3.8653E-06   3.8726E-06   0.99811
FLUX 1013  4210.00        7.120962E+13   3.8373E-06   3.8374E-06   0.99998
FLUX 1014  4230.00        7.087293E+13   3.8026E-06   3.8026E-06   1.00000
FLUX 1015  4250.00        7.053941E+13   3.7683E-06   3.7684E-06   0.99998
FLUX 1016  4270.00        7.020902E+13   3.7345E-06   3.7345E-06   1.00000
FLUX 1017  4290.00        6.988170E+13   3.7007E-06   3.7012E-06   0.99987
FLUX 1018  4310.00        6.955742E+13   3.6682E-06   3.6682E-06   0.99999
FLUX 1019  4330.00        6.923614E+13   3.6357E-06   3.6357E-06   0.99999
FLUX 1020  4350.00        6.891782E+13   3.6022E-06   3.6037E-06   0.99959
FLUX 1021  4370.00        6.860240E+13   3.4885E-06   3.5720E-06   0.97660
FLUX 1022  4390.00        6.828986E+13   3.5178E-06   3.5408E-06   0.99349
FLUX 1023  4410.00        6.798016E+13   3.5099E-06   3.5100E-06   0.99998
FLUX 1024  4430.00        6.767325E+13   3.4796E-06   3.4796E-06   1.00000
FLUX 1025  4450.00        6.736910E+13   3.4495E-06   3.4495E-06   1.00000
FLUX 1026  4470.00        6.706767E+13   3.4224E-06   3.4269E-06   0.99869
FLUX 1027  4490.00        6.676893E+13   3.3903E-06   3.3976E-06   0.99786
FLUX 1028  4510.00        6.647284E+13   3.3615E-06   3.3686E-06   0.99790
FLUX 1029  4530.00        6.617936E+13   3.3328E-06   3.3400E-06   0.99784
FLUX 1030  4550.00        6.588846E+13   3.3048E-06   3.3117E-06   0.99790
FLUX 1031  4570.00        6.560011E+13   3.2769E-06   3.2839E-06   0.99788
FLUX 1032  4590.00        6.531427E+13   3.2492E-06   3.2563E-06   0.99783
FLUX 1033  4610.00        6.503091E+13   3.2214E-06   3.2291E-06   0.99761
FLUX 1034  4630.00        6.475000E+13   3.1907E-06   3.2023E-06   0.99639
FLUX 1035  4650.00        6.447150E+13   3.0724E-06   3.1757E-06   0.96745
FLUX 1036  4670.00        6.419540E+13   3.0482E-06   3.1495E-06   0.96784
FLUX 1037  4690.00        6.392164E+13   3.1052E-06   3.1236E-06   0.99411
FLUX 1038  4710.00        6.365021E+13   3.0905E-06   3.0981E-06   0.99755
FLUX 1039  4730.00        6.338108E+13   3.0671E-06   3.0728E-06   0.99814
FLUX 1040  4750.00        6.311421E+13   3.0464E-06   3.0479E-06   0.99952
FLUX 1041  4770.00        6.284958E+13   3.0226E-06   3.0232E-06   0.99980
FLUX 1042  4790.00        6.258716E+13   2.9988E-06   2.9989E-06   0.99997
FLUX 1043  4810.00        6.232692E+13   2.9747E-06   2.9748E-06   0.99997
FLUX 1044  4830.00        6.206884E+13   2.9510E-06   2.9511E-06   0.99997
FLUX 1045  4850.00        6.181289E+13   2.9275E-06   2.9276E-06   0.99997
FLUX 1046  4870.00        6.155903E+13   2.9043E-06   2.9044E-06   0.99997
FLUX 1047  4890.00        6.130726E+13   2.8814E-06   2.8814E-06   0.99997
FLUX 1048  4910.00        6.105753E+13   2.8585E-06   2.8588E-06   0.99990
FLUX 1049  4930.00        6.080984E+13   2.8352E-06   2.8364E-06   0.99960
FLUX 1050  4950.00        6.056414E+13   2.8142E-06   2.8143E-06   0.99997
FLUX 1051  4970.00        6.032042E+13   2.7895E-06   2.7924E-06   0.99896
FLUX 1052  4990.00        6.007866E+13   2.7707E-06   2.7708E-06   0.99997
FLUX 1053  5010.00        5.983882E+13   2.7488E-06   2.7494E-06   0.99979
FLUX 1054  5030.00        5.960089E+13   2.7238E-06   2.7282E-06   0.99838
FLUX 1055  5050.00        5.936485E+13   2.7073E-06   2.7074E-06   0.99997
FLUX 1056  5070.00        5.913067E+13   2.6862E-06   2.6867E-06   0.99980
FLUX 1057  5090.00        5.889833E+13   2.6584E-06   2.6663E-06   0.99705
FLUX 1058  5110.00        5.866781E+13   2.6334E-06   2.6461E-06   0.99519
FLUX 1059  5130.00        5.843908E+13   2.5417E-06   2.6262E-06   0.96783
FLUX 1060  5150.00        5.821214E+13   2.5965E-06   2.6064E-06   0.99618
FLUX 1061  5170.00        5.798694E+13   2.5780E-06   2.5869E-06   0.99654
FLUX 1062  5190.00        5.776349E+13   2.5666E-06   2.5676E-06   0.99959
FLUX 1063  5210.00        5.754175E+13   2.5485E-06   2.5486E-06   0.99997
FLUX 1064  5230.00        5.732170E+13   2.5296E-06   2.5297E-06   0.99997
FLUX 1065  5250.00        5.710333E+13   2.5069E-06   2.5110E-06   0.99835
FLUX 1066  5270.00        5.688662E+13   2.4833E-06   2.4926E-06   0.99626
FLUX 1067  5290.00        5.667155E+13   2.4743E-06   2.4743E-06   0.99997
FLUX 1068  5310.00        5.645810E+13   2.4562E-06   2.4563E-06   0.99998
FLUX 1069  5330.00        5.624625E+13   2.4384E-06   2.4384E-06   0.99998
FLUX 1070  5350.00        5.603598E+13   2.4207E-06   2.4208E-06   0.99997
FLUX 1071  5370.00        5.582728E+13   2.3940E-06   2.4033E-06   0.99615
FLUX 1072  5390.00        5.562013E+13   2.3771E-06   2.3860E-06   0.99627
FLUX 1073  5410.00        5.541451E+13   2.3688E-06   2.3689E-06   0.99998
FLUX 1074  5430.00        5.521040E+13   2.3519E-06   2.3520E-06   0.99998
FLUX 1075  5450.00        5.500780E+13   2.3352E-06   2.3352E-06   0.99999
FLUX 1076  5470.00        5.480667E+13   2.3186E-06   2.3187E-06   0.99999
FLUX 1077  5490.00        5.460701E+13   2.3022E-06   2.3023E-06   0.99998
FLUX 1078  5510.00        5.440880E+13   2.2803E-06   2.2861E-06   0.99748
FLUX 1079  5530.00        5.421202E+13   2.2522E-06   2.2700E-06   0.99214
FLUX 1080  5550.00        5.401667E+13   2.2532E-06   2.2542E-06   0.99958
FLUX 1081  5570.00        5.382271E+13   2.2384E-06   2.2384E-06   0.99998
FLUX 1082  5590.00        5.363014E+13   2.2229E-06   2.2229E-06   0.99999
FLUX 1083  5610.00        5.343895E+13   2.2075E-06   2.2075E-06   0.99998
FLUX 1084  5630.00        5.324911E+13   2.1923E-06   2.1923E-06   0.99999
FLUX 1085  5650.00        5.306062E+13   2.1772E-06   2.1772E-06   0.99999
FLUX 1086  5670.00        5.287346E+13   2.1623E-06   2.1623E-06   0.99998
FLUX 1087  5690.00        5.268761E+13   2.1446E-06   2.1475E-06   0.99864
FLUX 1088  5710.00        5.250306E+13   2.1061E-06   2.1329E-06   0.98746
FLUX 1089  5730.00        5.231981E+13   2.1140E-06   2.1184E-06   0.99792
FLUX 1090  5750.00        5.213783E+13   2.1041E-06   2.1041E-06   0.99998
FLUX 1091  5770.00        5.195711E+13   2.0899E-06   2.0899E-06   0.99999
FLUX 1092  5790.00        5.177763E+13   2.0759E-06   2.0759E-06   0.99999
FLUX 1093  5810.00        5.159940E+13   2.0620E-06   2.0620E-06   0.99999
FLUX 1094  5830.00        5.142238E+13   2.0482E-06   2.0482E-06   0.99997
FLUX 1095  5850.00        5.124658E+13   2.0369E-06   2.0370E-06   0.99997
FLUX 1096  5870.00        5.107198E+13   2.0208E-06   2.0235E-06   0.99867
FLUX 1097  5890.00        5.089856E+13   1.9991E-06   2.0101E-06   0.99455
FLUX 1098  5910.00        5.072631E+13   1.9275E-06   1.9969E-06   0.96525
FLUX 1099  5930.00        5.055523E+13   1.9740E-06   1.9837E-06   0.99511
FLUX 1100  5950.00        5.038529E+13   1.9367E-06   1.9708E-06   0.98270
FLUX 1101  5970.00        5.021650E+13   1.9423E-06   1.9579E-06   0.99203
FLUX 1102  5990.00        5.004883E+13   1.9425E-06   1.9452E-06   0.99860
FLUX 1103  6010.00        4.988228E+13   1.9325E-06   1.9326E-06   0.99997
FLUX 1104  6030.00        4.971683E+13   1.9200E-06   1.9201E-06   0.99998
FLUX 1105  6050.00        4.955248E+13   1.9077E-06   1.9077E-06   0.99998
FLUX 1106  6070.00        4.938921E+13   1.8954E-06   1.8955E-06   0.99998
FLUX 1107  6090.00        4.922701E+13   1.8833E-06   1.8833E-06   0.99998
FLUX 1108  6110.00        4.906588E+13   1.8713E-06   1.8713E-06   0.99998
FLUX 1109  6130.00        4.890579E+13   1.8594E-06   1.8594E-06   0.99998
FLUX 1110  6150.00        4.874675E+13   1.8476E-06   1.8476E-06   0.99998
FLUX 1111  6170.00        4.858874E+13   1.8359E-06   1.8360E-06   0.99998
FLUX 1112  6190.00        4.843174E+13   1.8243E-06   1.8244E-06   0.99998
FLUX 1113  6210.00        4.827576E+13   1.8129E-06   1.8129E-06   0.99998
FLUX 1114  6230.00        4.812079E+13   1.8015E-06   1.8016E-06   0.99998
FLUX 1115  6250.00        4.796680E+13   1.7902E-06   1.7903E-06   0.99990
FLUX 1116  6270.00        4.781380E+13   1.7723E-06   1.7792E-06   0.99614
FLUX 1117  6290.00        4.766176E+13   1.7226E-06   1.7682E-06   0.97425
FLUX 1118  6310.00        4.751070E+13   1.7477E-06   1.7572E-06   0.99456
FLUX 1119  6330.00        4.736058E+13   1.7453E-06   1.7464E-06   0.99938
FLUX 1120  6350.00        4.721142E+13   1.7356E-06   1.7356E-06   0.99997
FLUX 1121  6370.00        4.706319E+13   1.7250E-06   1.7250E-06   0.99998
FLUX 1122  6390.00        4.691588E+13   1.7144E-06   1.7145E-06   0.99998
FLUX 1123  6420.00        4.669665E+13   1.6988E-06   1.6988E-06   0.99998
FLUX 1124  6460.00        4.640751E+13   1.6783E-06   1.6783E-06   0.99998
FLUX 1125  6500.00        4.612192E+13   1.6582E-06   1.6582E-06   0.99998
FLUX 1126  6540.00        4.583983E+13   1.6384E-06   1.6384E-06   0.99998
FLUX 1127  6580.00        4.556117E+13   1.6189E-06   1.6190E-06   0.99998
FLUX 1128  6620.00        4.528588E+13   1.5997E-06   1.5999E-06   0.99992
FLUX 1129  6660.00        4.501389E+13   1.5811E-06   1.5811E-06   0.99998
FLUX 1130  6700.00        4.474515E+13   1.5626E-06   1.5627E-06   0.99997
FLUX 1131  6740.00        4.447960E+13   1.5407E-06   1.5446E-06   0.99752
FLUX 1132  6780.00        4.421718E+13   1.4997E-06   1.5268E-06   0.98225
FLUX 1133  6820.00        4.395784E+13   1.5079E-06   1.5093E-06   0.99909
FLUX 1134  6860.00        4.370153E+13   1.4920E-06   1.4921E-06   0.99997
FLUX 1135  6900.00        4.344819E+13   1.4751E-06   1.4751E-06   0.99998
FLUX 1136  6940.00        4.319777E+13   1.4579E-06   1.4585E-06   0.99957
FLUX 1137  6980.00        4.295021E+13   1.4421E-06   1.4422E-06   0.99998
FLUX 1138  7020.00        4.270548E+13   1.4261E-06   1.4261E-06   0.99998
FLUX 1139  7060.00        4.246353E+13   1.4102E-06   1.4103E-06   0.99997
FLUX 1140  7100.00        4.222430E+13   1.3931E-06   1.3947E-06   0.99883
FLUX 1141  7140.00        4.198774E+13   1.3793E-06   1.3794E-06   0.99993
FLUX 1142  7180.00        4.175383E+13   1.3644E-06   1.3644E-06   0.99998
FLUX 1143  7220.00        4.152251E+13   1.3495E-06   1.3496E-06   0.99998
FLUX 1144  7260.00        4.129373E+13   1.3325E-06   1.3350E-06   0.99812
FLUX 1145  7300.00        4.106747E+13   1.3202E-06   1.3207E-06   0.99961
FLUX 1146  7340.00        4.084366E+13   1.3066E-06   1.3066E-06   0.99998
FLUX 1147  7380.00        4.062229E+13   1.2927E-06   1.2927E-06   0.99998
FLUX 1148  7420.00        4.040330E+13   1.2773E-06   1.2791E-06   0.99864
FLUX 1149  7460.00        4.018666E+13   1.2373E-06   1.2656E-06   0.97764
FLUX 1150  7500.00        3.997233E+13   1.2098E-06   1.2524E-06   0.96600
FLUX 1151  7540.00        3.976028E+13   1.2343E-06   1.2394E-06   0.99586
FLUX 1152  7580.00        3.955046E+13   1.2266E-06   1.2266E-06   0.99997
FLUX 1153  7620.00        3.934285E+13   1.2140E-06   1.2140E-06   0.99998
FLUX 1154  7660.00        3.913740E+13   1.2015E-06   1.2016E-06   0.99998
FLUX 1155  7700.00        3.893409E+13   1.1893E-06   1.1893E-06   0.99998
FLUX 1156  7740.00        3.873288E+13   1.1768E-06   1.1773E-06   0.99959
FLUX 1157  7780.00        3.853374E+13   1.1583E-06   1.1654E-06   0.99389
FLUX 1158  7820.00        3.833664E+13   1.1532E-06   1.1537E-06   0.99958
FLUX 1159  7860.00        3.814154E+13   1.1422E-06   1.1422E-06   0.99998
FLUX 1160  7900.00        3.794842E+13   1.1309E-06   1.1309E-06   0.99999
FLUX 1161  7940.00        3.775724E+13   1.1197E-06   1.1197E-06   0.99999
FLUX 1162  7980.00        3.756798E+13   1.1087E-06   1.1087E-06   0.99998
FLUX 1163  8020.00        3.738061E+13   1.0978E-06   1.0978E-06   0.99999
FLUX 1164  8060.00        3.719510E+13   1.0871E-06   1.0871E-06   0.99998
FLUX 1165  8100.00        3.701142E+13   1.0766E-06   1.0766E-06   0.99997
FLUX 1166  8140.00        3.682955E+13   1.0583E-06   1.0662E-06   0.99254
FLUX 1167  8180.00        3.664945E+13   1.0528E-06   1.0560E-06   0.99699
FLUX 1168  8220.00        3.647111E+13   1.0459E-06   1.0459E-06   0.99998
FLUX 1169  8260.00        3.629449E+13   1.0359E-06   1.0359E-06   0.99999
FLUX 1170  8300.00        3.611958E+13   1.0261E-06   1.0261E-06   0.99999
FLUX 1171  8340.00        3.594634E+13   1.0164E-06   1.0164E-06   0.99999
FLUX 1172  8380.00        3.577476E+13   1.0069E-06   1.0069E-06   0.99998
FLUX 1173  8420.00        3.560481E+13   9.9748E-07   9.9750E-07   0.99999
FLUX 1174  8460.00        3.543647E+13   9.8821E-07   9.8822E-07   0.99999
FLUX 1175  8500.00        3.526971E+13   9.7906E-07   9.7908E-07   0.99999
FLUX 1176  8540.00        3.510451E+13   9.7004E-07   9.7005E-07   0.99999
FLUX 1177  8580.00        3.494085E+13   9.6114E-07   9.6116E-07   0.99998
FLUX 1178  8620.00        3.477871E+13   9.5176E-07   9.5238E-07   0.99935
FLUX 1179  8660.00        3.461807E+13   9.3081E-07   9.4372E-07   0.98632
FLUX 1180  8700.00        3.445891E+13   9.3344E-07   9.3518E-07   0.99814
FLUX 1181  8740.00        3.430120E+13   9.1468E-07   9.2675E-07   0.98697
FLUX 1182  8780.00        3.414493E+13   9.0667E-07   9.1844E-07   0.98718
FLUX 1183  8820.00        3.399008E+13   9.1022E-07   9.1024E-07   0.99998
FLUX 1184  8860.00        3.383662E+13   9.0212E-07   9.0214E-07   0.99998
FLUX 1185  8900.00        3.368455E+13   8.9414E-07   8.9416E-07   0.99999
FLUX 1186  8940.00        3.353384E+13   8.8627E-07   8.8627E-07   0.99999
FLUX 1187  8980.00        3.338447E+13   8.7849E-07   8.7849E-07   0.99999
FLUX 1188  9020.00        3.323642E+13   8.7080E-07   8.7082E-07   0.99998
FLUX 1189  9060.00        3.308968E+13   8.6322E-07   8.6324E-07   0.99998
FLUX 1190  9100.00        3.294423E+13   8.5574E-07   8.5576E-07   0.99998
FLUX 1191  9140.00        3.280005E+13   8.4836E-07   8.4837E-07   0.99999
FLUX 1192  9180.00        3.265713E+13   8.4107E-07   8.4108E-07   0.99998
FLUX 1193  9220.00        3.251546E+13   8.3387E-07   8.3389E-07   0.99998
FLUX 1194  9260.00        3.237500E+13   8.2627E-07   8.2678E-07   0.99938
FLUX 1195  9300.00        3.223575E+13   8.1975E-07   8.1977E-07   0.99998
FLUX 1196  9340.00        3.209770E+13   8.1233E-07   8.1284E-07   0.99937
FLUX 1197  9380.00        3.196082E+13   7.9222E-07   8.0600E-07   0.98290
FLUX 1198  9420.00        3.182511E+13   7.9549E-07   7.9925E-07   0.99531
FLUX 1199  9460.00        3.169054E+13   7.9256E-07   7.9258E-07   0.99997
FLUX 1200  9500.00        3.155710E+13   7.8545E-07   7.8599E-07   0.99932
FLUX 1201  9540.00        3.142479E+13   7.7874E-07   7.7948E-07   0.99905
FLUX 1202  9580.00        3.129358E+13   7.7304E-07   7.7306E-07   0.99998
FLUX 1203  9620.00        3.116346E+13   7.6670E-07   7.6671E-07   0.99999
FLUX 1204  9660.00        3.103442E+13   7.6043E-07   7.6044E-07   0.99999
FLUX 1205  9700.00        3.090644E+13   7.5423E-07   7.5424E-07   0.99998
FLUX 1206  9740.00        3.077952E+13   7.4811E-07   7.4812E-07   0.99999
FLUX 1207  9780.00        3.065363E+13   7.4207E-07   7.4208E-07   0.99998
FLUX 1208  9820.00        3.052877E+13   7.3560E-07   7.3610E-07   0.99932
FLUX 1209  9860.00        3.040492E+13   7.2867E-07   7.3020E-07   0.99791
FLUX 1210  9900.00        3.028207E+13   7.2436E-07   7.2437E-07   0.99998
FLUX 1211  9940.00        3.016021E+13   7.1860E-07   7.1861E-07   0.99999
FLUX 1212  9980.00        3.003933E+13   7.1291E-07   7.1291E-07   0.99999
FLUX 1213 10020.00        2.991941E+13   7.0728E-07   7.0729E-07   0.99999
FLUX 1214 20000.00        1.498962E+13   1.7763E-07   1.7763E-07   1.00000
FLUX 1215 40000.00        7.494812E+12   4.3659E-08   4.3659E-08   1.00000
FLUX 1216 60000.00        4.996542E+12   1.9109E-08   1.9109E-08   1.00000
FLUX 1217 80000.00        3.747406E+12   1.0618E-08   1.0618E-08   1.00000
FLUX 1218100000.00        2.997925E+12   6.7292E-09   6.7292E-09   1.00000
FLUX 1219120000.00        2.498271E+12   4.6356E-09   4.6356E-09   1.00000
FLUX 1220140000.00        2.141375E+12   3.3830E-09   3.3830E-09   1.00000
FLUX 1221160000.00        1.873703E+12   2.5753E-09   2.5753E-09   1.00000
FLUX
