TEFF   3500.  GRAVITY 4.50000 LTE 
TITLE  [ 0.0] VTURB=0  L/H=1.25 NOVER NEW ODF                                   
FLUX    1     9.09        3.298047E+16   2.5000E-39   2.5000E-39   1.00000
FLUX    2     9.35        3.206337E+16   2.5000E-39   2.5000E-39   1.00000
FLUX    3     9.61        3.119589E+16   2.5000E-39   2.5000E-39   1.00000
FLUX    4     9.77        3.068500E+16   2.5000E-39   2.5000E-39   1.00000
FLUX    5     9.96        3.009965E+16   2.5000E-39   2.5000E-39   1.00000
FLUX    6    10.20        2.939142E+16   2.5000E-39   2.5000E-39   1.00000
FLUX    7    10.38        2.888174E+16   2.5000E-39   2.5000E-39   1.00000
FLUX    8    10.56        2.838944E+16   2.5000E-39   2.5000E-39   1.00000
FLUX    9    10.77        2.783589E+16   2.5000E-39   2.5000E-39   1.00000
FLUX   10    11.04        2.715512E+16   2.5000E-39   2.5000E-39   1.00000
FLUX   11    11.40        2.629759E+16   2.5000E-39   2.5000E-39   1.00000
FLUX   12    11.78        2.544928E+16   2.5000E-39   2.5000E-39   1.00000
FLUX   13    12.13        2.471496E+16   2.5000E-39   2.5000E-39   1.00000
FLUX   14    12.48        2.402184E+16   2.5000E-39   2.5000E-39   1.00000
FLUX   15    12.71        2.358714E+16   2.5000E-39   2.5000E-39   1.00000
FLUX   16    12.84        2.334833E+16   2.5000E-39   2.5000E-39   1.00000
FLUX   17    13.05        2.297260E+16   2.5000E-39   2.5000E-39   1.00000
FLUX   18    13.24        2.264294E+16   2.5000E-39   2.5000E-39   1.00000
FLUX   19    13.39        2.238928E+16   2.5000E-39   2.5000E-39   1.00000
FLUX   20    13.66        2.194674E+16   2.5000E-39   2.5000E-39   1.00000
FLUX   21    13.98        2.144439E+16   2.5000E-39   2.5000E-39   1.00000
FLUX   22    14.33        2.092062E+16   2.5000E-39   2.5000E-39   1.00000
FLUX   23    14.72        2.036634E+16   2.5000E-39   2.5000E-39   1.00000
FLUX   24    15.10        1.985381E+16   2.5000E-39   2.5000E-39   1.00000
FLUX   25    15.52        1.931653E+16   2.5000E-39   2.5000E-39   1.00000
FLUX   26    15.88        1.887862E+16   2.5000E-39   2.5000E-39   1.00000
FLUX   27    16.20        1.850571E+16   2.5000E-39   2.5000E-39   1.00000
FLUX   28    16.60        1.805979E+16   2.5000E-39   2.5000E-39   1.00000
FLUX   29    17.03        1.760379E+16   2.5000E-39   2.5000E-39   1.00000
FLUX   30    17.34        1.728907E+16   2.5000E-39   2.5000E-39   1.00000
FLUX   31    17.68        1.695659E+16   2.5000E-39   2.5000E-39   1.00000
FLUX   32    18.02        1.663665E+16   2.5000E-39   2.5000E-39   1.00000
FLUX   33    18.17        1.649931E+16   2.5000E-39   2.5000E-39   1.00000
FLUX   34    18.61        1.610921E+16   2.5000E-39   2.5000E-39   1.00000
FLUX   35    19.10        1.569594E+16   2.5000E-39   2.5000E-39   1.00000
FLUX   36    19.39        1.546119E+16   2.5000E-39   2.5000E-39   1.00000
FLUX   37    19.84        1.511051E+16   2.5000E-39   2.5000E-39   1.00000
FLUX   38    20.18        1.485592E+16   2.5000E-39   2.5000E-39   1.00000
FLUX   39    20.50        1.462402E+16   2.5000E-39   2.5000E-39   1.00000
FLUX   40    21.05        1.424192E+16   2.5000E-39   2.5000E-39   1.00000
FLUX   41    21.62        1.386644E+16   2.5000E-39   2.5000E-39   1.00000
FLUX   42    21.98        1.363933E+16   2.5000E-39   2.5000E-39   1.00000
FLUX   43    22.30        1.344361E+16   2.5000E-39   2.5000E-39   1.00000
FLUX   44    22.68        1.321836E+16   2.5000E-39   2.5000E-39   1.00000
FLUX   45    23.00        1.303446E+16   2.5000E-39   2.5000E-39   1.00000
FLUX   46    23.40        1.281165E+16   4.3313-112   4.3314-112   0.99998
FLUX   47    24.00        1.249135E+16   2.2971-109   2.2972-109   0.99998
FLUX   48    24.65        1.216197E+16   1.4513-106   1.4513-106   0.99998
FLUX   49    25.24        1.187767E+16   3.7811-104   3.7812-104   0.99998
FLUX   50    25.68        1.167416E+16   2.0239-102   2.0240-102   0.99998
FLUX   51    26.00        1.153048E+16   3.3586-101   3.3587-101   0.99998
FLUX   52    26.40        1.135578E+16   1.0210E-99   1.0210E-99   0.99998
FLUX   53    26.85        1.116546E+16   4.1987E-98   4.1988E-98   0.99998
FLUX   54    27.35        1.096133E+16   2.2558E-96   2.2558E-96   0.99998
FLUX   55    27.85        1.076454E+16   1.0500E-94   1.0500E-94   0.99998
FLUX   56    28.40        1.055607E+16   6.1201E-93   6.1202E-93   0.99998
FLUX   57    29.00        1.033767E+16   4.3169E-91   4.3170E-91   0.99998
FLUX   58    29.60        1.012812E+16   2.5520E-89   2.5521E-89   0.99998
FLUX   59    30.10        9.959883E+15   6.7487E-88   6.7494E-88   0.99991
FLUX   60    30.80        9.733523E+15   5.5158E-86   5.5158E-86   0.99998
FLUX   61    31.80        9.427437E+15   2.1136E-83   2.1136E-83   0.99998
FLUX   62    32.80        9.140015E+15   5.6030E-81   5.6031E-81   0.99998
FLUX   63    33.80        8.869601E+15   1.0608E-78   1.0608E-78   0.99998
FLUX   64    34.80        8.614727E+15   1.4789E-76   1.4789E-76   0.99998
FLUX   65    35.70        8.397549E+15   9.8806E-75   9.8807E-75   0.99998
FLUX   66    36.60        8.191052E+15   5.3573E-73   5.3574E-73   0.99998
FLUX   67    37.50        7.994467E+15   2.3870E-71   2.3871E-71   0.99998
FLUX   68    38.50        7.786818E+15   1.3119E-69   1.3119E-69   0.99998
FLUX   69    39.50        7.589683E+15   5.8579E-68   5.8580E-68   0.99998
FLUX   70    40.50        7.402284E+15   2.1603E-66   2.1603E-66   0.99998
FLUX   71    41.40        7.241364E+15   4.7721E-65   4.7721E-65   0.99998
FLUX   72    42.20        7.104087E+15   6.6704E-64   6.6705E-64   0.99998
FLUX   73    43.00        6.971919E+15   8.4345E-63   8.4347E-63   0.99998
FLUX   74    44.10        6.798016E+15   2.3685E-61   2.3685E-61   0.99998
FLUX   75    45.10        6.647284E+15   4.2485E-60   4.2486E-60   0.99998
FLUX   76    46.00        6.517228E+15   5.1167E-59   5.1168E-59   0.99998
FLUX   77    47.00        6.378564E+15   7.2485E-58   7.2487E-58   0.99998
FLUX   78    48.00        6.245677E+15   9.1652E-57   9.1653E-57   0.99998
FLUX   79    49.00        6.118214E+15   1.0427E-55   1.0427E-55   0.99998
FLUX   80    50.00        5.995850E+15   1.0725E-54   1.0725E-54   0.99998
FLUX   81    50.60        5.924753E+15   5.6683E-54   6.4037E-54   0.88516
FLUX   82    51.20        5.855322E+15   2.3666E-53   2.3882E-53   0.99096
FLUX   83    52.00        5.765240E+15   1.3057E-52   1.3156E-52   0.99246
FLUX   84    53.00        5.656462E+15   1.0304E-51   1.0304E-51   0.99998
FLUX   85    54.00        5.551713E+15   7.4261E-51   7.4617E-51   0.99522
FLUX   86    55.00        5.450773E+15   5.0196E-50   5.0197E-50   0.99998
FLUX   87    56.00        5.353437E+15   3.1477E-49   3.1477E-49   0.99998
FLUX   88    57.00        5.259517E+15   1.8468E-48   1.8468E-48   0.99998
FLUX   89    58.00        5.168836E+15   1.0075E-47   1.0177E-47   0.98991
FLUX   90    59.00        5.081229E+15   5.2800E-47   5.2808E-47   0.99985
FLUX   91    60.00        4.996542E+15   2.5885E-46   2.5888E-46   0.99989
FLUX   92    61.00        4.914631E+15   1.2024E-45   1.2025E-45   0.99998
FLUX   93    62.00        4.835363E+15   5.3054E-45   5.3058E-45   0.99992
FLUX   94    63.00        4.758611E+15   2.2294E-44   2.2296E-44   0.99993
FLUX   95    64.00        4.684258E+15   8.9477E-44   8.9479E-44   0.99998
FLUX   96    65.00        4.612192E+15   3.4354E-43   3.4355E-43   0.99998
FLUX   97    65.80        4.556117E+15   9.7750E-43   9.7752E-43   0.99998
FLUX   98    66.50        4.508158E+15   2.3878E-42   2.3888E-42   0.99959
FLUX   99    67.50        4.441370E+15   8.2776E-42   8.2801E-42   0.99970
FLUX  100    68.50        4.376533E+15   2.7637E-41   2.7637E-41   0.99998
FLUX  101    69.50        4.313561E+15   8.8977E-41   8.8979E-41   0.99998
FLUX  102    70.50        4.252376E+15   2.7636E-40   2.7674E-40   0.99863
FLUX  103    71.60        4.187046E+15   9.2805E-40   9.2807E-40   0.99998
FLUX  104    72.60        4.129373E+15   2.6971E-39   2.6971E-39   0.99998
FLUX  105    73.50        4.078809E+15   6.8665E-39   6.8669E-39   0.99993
FLUX  106    74.50        4.024060E+15   1.8868E-38   1.8871E-38   0.99983
FLUX  107    75.50        3.970762E+15   5.0415E-38   5.0428E-38   0.99973
FLUX  108    76.50        3.918856E+15   1.3118E-37   1.3119E-37   0.99993
FLUX  109    77.50        3.868290E+15   3.3250E-37   3.3259E-37   0.99974
FLUX  110    78.50        3.819013E+15   8.2252E-37   8.2254E-37   0.99998
FLUX  111    79.50        3.770975E+15   1.9820E-36   1.9863E-36   0.99785
FLUX  112    80.50        3.724130E+15   4.6805E-36   4.6878E-36   0.99844
FLUX  113    81.50        3.678436E+15   1.0820E-35   1.0822E-35   0.99987
FLUX  114    82.50        3.633848E+15   2.4459E-35   2.4460E-35   0.99997
FLUX  115    83.50        3.590329E+15   5.4170E-35   5.4172E-35   0.99997
FLUX  116    84.50        3.547840E+15   1.1749E-34   1.1763E-34   0.99884
FLUX  117    85.50        3.506345E+15   2.4925E-34   2.5060E-34   0.99460
FLUX  118    86.50        3.465809E+15   5.1885E-34   5.2416E-34   0.98986
FLUX  119    87.50        3.426200E+15   1.0601E-33   1.0771E-33   0.98423
FLUX  120    88.50        3.387486E+15   2.1307E-33   2.1758E-33   0.97927
FLUX  121    89.50        3.349637E+15   4.2228E-33   4.3234E-33   0.97673
FLUX  122    90.50        3.312624E+15   8.1855E-33   8.4542E-33   0.96821
FLUX  123    91.50        3.276421E+15   1.7712E-30   1.3249E-25   0.00001
FLUX  124    92.50        3.241000E+15   8.0378E-30   1.5874E-25   0.00005
FLUX  125    93.50        3.206337E+15   1.4768E-29   1.1268E-25   0.00013
FLUX  126    94.50        3.172407E+15   3.1406E-29   4.6668E-26   0.00067
FLUX  127    95.50        3.139188E+15   5.7861E-29   1.7140E-26   0.00338
FLUX  128    96.50        3.106658E+15   1.1327E-28   6.5315E-27   0.01734
FLUX  129    97.50        3.074795E+15   2.1813E-28   3.1107E-27   0.07012
FLUX  130    98.50        3.043579E+15   4.0738E-28   2.3654E-27   0.17222
FLUX  131    99.50        3.012990E+15   7.6110E-28   2.0491E-27   0.37144
FLUX  132   100.50        2.983010E+15   1.3675E-27   2.2485E-27   0.60818
FLUX  133   101.50        2.953621E+15   1.9508E-27   2.9838E-27   0.65379
FLUX  134   102.50        2.924805E+15   3.1656E-27   4.6469E-27   0.68122
FLUX  135   103.50        2.896546E+15   5.8918E-27   7.5322E-27   0.78222
FLUX  136   104.50        2.868828E+15   9.7363E-27   1.2499E-26   0.77898
FLUX  137   105.50        2.841635E+15   1.4728E-26   2.0723E-26   0.71072
FLUX  138   106.50        2.814953E+15   2.6912E-26   3.4071E-26   0.78987
FLUX  139   107.50        2.788767E+15   4.4073E-26   5.5633E-26   0.79221
FLUX  140   108.50        2.763064E+15   7.7747E-26   9.1013E-26   0.85424
FLUX  141   109.50        2.737831E+15   1.1835E-25   1.4953E-25   0.79148
FLUX  142   110.50        2.713054E+15   1.9518E-25   2.4888E-25   0.78424
FLUX  143   111.50        2.688722E+15   3.2716E-25   4.2021E-25   0.77855
FLUX  144   112.50        2.664822E+15   6.0102E-25   7.1442E-25   0.84127
FLUX  145   113.50        2.641344E+15   1.0400E-24   1.2242E-24   0.84956
FLUX  146   114.50        2.618275E+15   1.7526E-24   2.0935E-24   0.83713
FLUX  147   115.50        2.595606E+15   2.9057E-24   3.5273E-24   0.82377
FLUX  148   116.50        2.573326E+15   4.6462E-24   5.8302E-24   0.79691
FLUX  149   117.50        2.551426E+15   7.8801E-24   9.2846E-24   0.84873
FLUX  150   118.50        2.529894E+15   8.8194E-24   1.6215E-23   0.54389
FLUX  151   119.50        2.508724E+15   1.3471E-23   2.5334E-23   0.53176
FLUX  152   120.50        2.487905E+15   2.0323E-23   3.8567E-23   0.52695
FLUX  153   121.50        2.467428E+15   1.8571E-23   5.7174E-23   0.32481
FLUX  154   122.50        2.447286E+15   4.3415E-23   8.2769E-23   0.52454
FLUX  155   123.50        2.427470E+15   5.9561E-23   1.1822E-22   0.50379
FLUX  156   124.50        2.407972E+15   8.3492E-23   1.3317E-22   0.62694
FLUX  157   125.50        2.388785E+15   1.2662E-22   2.0896E-22   0.60594
FLUX  158   126.50        2.369901E+15   1.8318E-22   3.0918E-22   0.59249
FLUX  159   127.50        2.351314E+15   2.6845E-22   4.4940E-22   0.59735
FLUX  160   128.50        2.333016E+15   3.8255E-22   6.5371E-22   0.58520
FLUX  161   129.50        2.315000E+15   5.4493E-22   9.4685E-22   0.57551
FLUX  162   130.50        2.297261E+15   7.6729E-22   1.3657E-21   0.56185
FLUX  163   131.50        2.279791E+15   1.1030E-21   1.9681E-21   0.56041
FLUX  164   132.50        2.262585E+15   1.5004E-21   2.7826E-21   0.53922
FLUX  165   133.50        2.245637E+15   2.0470E-21   3.8417E-21   0.53285
FLUX  166   134.50        2.228940E+15   2.7305E-21   5.1608E-21   0.52908
FLUX  167   135.50        2.212491E+15   3.7486E-21   6.6947E-21   0.55993
FLUX  168   136.50        2.196282E+15   4.8172E-21   8.4474E-21   0.57026
FLUX  169   137.50        2.180309E+15   6.0336E-21   1.0366E-20   0.58205
FLUX  170   138.50        2.164567E+15   7.8641E-21   1.2475E-20   0.63037
FLUX  171   139.50        2.149050E+15   1.0082E-20   1.5006E-20   0.67188
FLUX  172   140.50        2.133754E+15   1.3620E-20   1.8043E-20   0.75487
FLUX  173   141.50        2.118675E+15   1.9982E-20   2.1916E-20   0.91175
FLUX  174   142.50        2.103807E+15   2.4843E-20   2.6920E-20   0.92283
FLUX  175   143.50        2.089146E+15   3.1274E-20   3.3195E-20   0.94213
FLUX  176   144.20        2.079005E+15   3.7273E-20   3.8520E-20   0.96763
FLUX  177   144.70        2.071821E+15   4.0071E-20   4.2836E-20   0.93547
FLUX  178   145.50        2.060430E+15   4.8549E-20   5.0922E-20   0.95340
FLUX  179   146.50        2.046365E+15   6.1084E-20   6.3378E-20   0.96380
FLUX  180   147.50        2.032492E+15   7.5683E-20   7.9011E-20   0.95788
FLUX  181   148.50        2.018805E+15   9.7388E-20   9.8664E-20   0.98707
FLUX  182   149.50        2.005301E+15   1.2493E-19   1.2322E-19   1.01389
FLUX  183   150.50        1.991977E+15   1.5346E-19   1.5448E-19   0.99340
FLUX  184   151.20        1.982755E+15   1.7278E-19   1.8092E-19   0.95504
FLUX  185   151.70        1.976220E+15   2.0151E-19   2.0172E-19   0.99896
FLUX  186   152.50        1.965852E+15   2.3844E-19   2.3928E-19   0.99649
FLUX  187   153.50        1.953046E+15   3.0399E-19   2.9861E-19   1.01800
FLUX  188   154.50        1.940405E+15   3.6960E-19   3.7323E-19   0.99027
FLUX  189   155.50        1.927926E+15   4.7717E-19   4.6600E-19   1.02397
FLUX  190   156.50        1.915607E+15   5.7131E-19   5.8128E-19   0.98285
FLUX  191   157.50        1.903444E+15   7.9358E-19   7.9596E-19   0.99702
FLUX  192   158.50        1.891435E+15   9.8224E-19   9.8249E-19   0.99975
FLUX  193   159.50        1.879577E+15   1.2250E-18   1.2139E-18   1.00914
FLUX  194   160.50        1.867866E+15   1.5168E-18   1.4997E-18   1.01142
FLUX  195   161.50        1.856300E+15   1.8420E-18   1.8521E-18   0.99456
FLUX  196   162.50        1.844877E+15   2.5644E-18   2.6052E-18   0.98435
FLUX  197   163.50        1.833593E+15   3.2465E-18   3.2630E-18   0.99494
FLUX  198   164.50        1.822447E+15   4.0832E-18   4.0980E-18   0.99639
FLUX  199   165.50        1.811435E+15   4.9684E-18   5.1358E-18   0.96740
FLUX  200   166.50        1.800556E+15   6.3126E-18   6.4662E-18   0.97625
FLUX  201   167.20        1.793017E+15   7.1765E-18   7.5703E-18   0.94797
FLUX  202   167.70        1.787671E+15   8.1839E-18   8.4670E-18   0.96657
FLUX  203   168.50        1.779184E+15   9.7407E-18   1.0132E-17   0.96133
FLUX  204   169.50        1.768687E+15   1.0074E-17   1.2604E-17   0.79927
FLUX  205   170.50        1.758314E+15   1.2057E-17   1.5638E-17   0.77103
FLUX  206   171.50        1.748061E+15   1.4759E-17   1.9538E-17   0.75538
FLUX  207   172.50        1.737928E+15   1.7679E-17   2.3953E-17   0.73806
FLUX  208   173.50        1.727911E+15   2.1141E-17   2.9199E-17   0.72405
FLUX  209   174.50        1.718009E+15   2.5114E-17   3.5347E-17   0.71050
FLUX  210   175.50        1.708219E+15   3.0097E-17   4.2520E-17   0.70782
FLUX  211   176.50        1.698541E+15   3.5300E-17   5.0830E-17   0.69448
FLUX  212   177.50        1.688972E+15   4.2969E-17   6.0396E-17   0.71145
FLUX  213   178.50        1.679510E+15   5.1866E-17   7.1366E-17   0.72676
FLUX  214   179.50        1.670153E+15   6.0825E-17   8.3936E-17   0.72466
FLUX  215   180.50        1.660900E+15   7.3312E-17   9.8258E-17   0.74612
FLUX  216   181.50        1.651749E+15   8.5026E-17   1.1456E-16   0.74218
FLUX  217   182.50        1.642699E+15   9.9720E-17   1.3309E-16   0.74926
FLUX  218   183.50        1.633747E+15   1.1719E-16   1.5412E-16   0.76041
FLUX  219   184.50        1.624892E+15   1.3868E-16   1.7786E-16   0.77971
FLUX  220   185.50        1.616132E+15   1.5869E-16   2.0475E-16   0.77505
FLUX  221   186.50        1.607466E+15   1.8793E-16   2.3515E-16   0.79918
FLUX  222   187.50        1.598893E+15   2.1532E-16   2.6949E-16   0.79899
FLUX  223   188.50        1.590411E+15   2.5076E-16   3.0809E-16   0.81392
FLUX  224   189.50        1.582018E+15   2.8857E-16   3.5152E-16   0.82092
FLUX  225   190.50        1.573714E+15   3.3773E-16   4.0029E-16   0.84372
FLUX  226   191.50        1.565496E+15   4.5497E-16   4.5540E-16   0.99905
FLUX  227   192.50        1.557364E+15   5.1712E-16   5.1730E-16   0.99966
FLUX  228   193.50        1.549315E+15   5.8477E-16   5.8696E-16   0.99626
FLUX  229   194.50        1.541350E+15   6.6210E-16   6.6525E-16   0.99526
FLUX  230   195.50        1.533465E+15   7.4923E-16   7.5323E-16   0.99470
FLUX  231   196.70        1.524110E+15   8.7510E-16   8.7334E-16   1.00202
FLUX  232   197.60        1.517168E+15   9.7743E-16   9.7505E-16   1.00244
FLUX  233   198.40        1.511051E+15   1.0750E-15   1.0747E-15   1.00026
FLUX  234   199.50        1.502719E+15   1.2299E-15   1.2281E-15   1.00152
FLUX  235   200.50        1.495224E+15   1.3882E-15   1.3853E-15   1.00215
FLUX  236   201.50        1.487804E+15   1.5655E-15   1.5606E-15   1.00318
FLUX  237   202.50        1.480457E+15   1.7540E-15   1.7568E-15   0.99840
FLUX  238   203.50        1.473182E+15   1.9768E-15   1.9751E-15   1.00087
FLUX  239   204.50        1.465978E+15   2.2264E-15   2.2181E-15   1.00375
FLUX  240   205.50        1.458844E+15   2.4936E-15   2.4875E-15   1.00242
FLUX  241   206.50        1.451780E+15   2.8030E-15   2.7868E-15   1.00582
FLUX  242   207.40        1.445480E+15   3.0990E-15   3.0845E-15   1.00469
FLUX  243   207.80        1.442697E+15   3.2324E-15   1.5901E-12   0.00203
FLUX  244   208.50        1.437854E+15   4.1246E-15   1.8693E-12   0.00221
FLUX  245   209.50        1.430990E+15   9.3454E-15   2.3440E-12   0.00399
FLUX  246   210.50        1.424192E+15   1.6461E-14   2.9294E-12   0.00562
FLUX  247   211.50        1.417459E+15   1.7433E-14   3.6549E-12   0.00477
FLUX  248   212.50        1.410788E+15   2.4994E-14   4.5302E-12   0.00552
FLUX  249   213.50        1.404180E+15   3.1098E-14   5.5776E-12   0.00558
FLUX  250   214.50        1.397634E+15   2.2340E-14   6.8470E-12   0.00326
FLUX  251   215.50        1.391148E+15   3.4604E-14   8.3567E-12   0.00414
FLUX  252   216.50        1.384723E+15   3.0492E-14   1.0122E-11   0.00301
FLUX  253   217.50        1.378356E+15   3.6347E-14   1.2171E-11   0.00299
FLUX  254   218.50        1.372048E+15   3.4022E-14   1.4580E-11   0.00233
FLUX  255   219.50        1.365797E+15   6.2313E-14   1.7334E-11   0.00359
FLUX  256   220.50        1.359603E+15   5.3824E-14   2.0451E-11   0.00263
FLUX  257   221.50        1.353465E+15   8.3194E-14   2.3962E-11   0.00347
FLUX  258   222.50        1.347382E+15   7.0137E-14   2.8184E-11   0.00249
FLUX  259   223.50        1.341353E+15   1.3580E-13   3.2643E-11   0.00416
FLUX  260   224.50        1.335379E+15   1.4045E-13   3.7549E-11   0.00374
FLUX  261   225.50        1.329457E+15   1.8011E-13   4.5516E-11   0.00396
FLUX  262   226.50        1.323587E+15   9.6374E-14   5.1744E-11   0.00186
FLUX  263   227.50        1.317769E+15   1.7663E-13   5.8421E-11   0.00302
FLUX  264   228.50        1.312002E+15   1.7062E-13   6.5532E-11   0.00260
FLUX  265   229.50        1.306285E+15   3.2430E-13   7.3065E-11   0.00444
FLUX  266   230.50        1.300618E+15   1.2828E-13   8.1084E-11   0.00158
FLUX  267   231.50        1.295000E+15   4.1208E-13   8.9510E-11   0.00460
FLUX  268   232.50        1.289430E+15   2.7066E-13   9.8321E-11   0.00275
FLUX  269   233.50        1.283908E+15   5.6724E-13   1.0879E-10   0.00521
FLUX  270   234.50        1.278433E+15   3.4239E-13   1.1844E-10   0.00289
FLUX  271   235.50        1.273004E+15   3.0880E-13   1.2845E-10   0.00240
FLUX  272   236.50        1.267622E+15   4.4614E-13   1.3880E-10   0.00321
FLUX  273   237.50        1.262284E+15   4.4857E-13   1.4948E-10   0.00300
FLUX  274   238.50        1.256992E+15   9.7026E-13   1.6050E-10   0.00605
FLUX  275   239.50        1.251743E+15   7.8957E-13   1.7189E-10   0.00459
FLUX  276   240.50        1.246538E+15   1.9345E-12   1.8362E-10   0.01054
FLUX  277   241.50        1.241377E+15   8.1014E-13   1.9570E-10   0.00414
FLUX  278   242.50        1.236258E+15   1.2313E-12   2.0813E-10   0.00592
FLUX  279   243.50        1.231181E+15   1.8365E-12   2.2094E-10   0.00831
FLUX  280   244.50        1.226145E+15   2.6436E-12   2.3695E-10   0.01116
FLUX  281   245.50        1.221151E+15   3.1593E-12   2.5052E-10   0.01261
FLUX  282   246.50        1.216197E+15   1.9107E-12   2.6446E-10   0.00722
FLUX  283   247.50        1.211283E+15   3.5669E-12   2.7879E-10   0.01279
FLUX  284   248.50        1.206408E+15   6.8162E-13   2.9354E-10   0.00232
FLUX  285   249.50        1.201573E+15   1.6551E-12   3.0869E-10   0.00536
FLUX  286   250.50        1.196776E+15   3.1718E-12   3.2662E-10   0.00971
FLUX  287   251.30        1.192967E+15   2.3694E-12   3.3937E-10   0.00698
FLUX  288   251.80        1.190598E+15   3.0243E-12   2.9115E-09   0.00104
FLUX  289   252.50        1.187297E+15   2.7161E-12   3.0373E-09   0.00089
FLUX  290   253.50        1.182613E+15   8.4567E-12   3.2203E-09   0.00263
FLUX  291   254.50        1.177967E+15   1.0770E-11   3.4072E-09   0.00316
FLUX  292   255.50        1.173356E+15   1.2292E-11   3.5988E-09   0.00342
FLUX  293   256.50        1.168782E+15   6.1999E-12   3.7950E-09   0.00163
FLUX  294   257.50        1.164243E+15   1.1187E-11   3.9961E-09   0.00280
FLUX  295   258.50        1.159739E+15   6.7603E-12   4.2019E-09   0.00161
FLUX  296   259.50        1.155270E+15   1.0350E-11   4.4122E-09   0.00235
FLUX  297   260.50        1.150835E+15   1.4785E-11   4.6280E-09   0.00319
FLUX  298   261.50        1.146434E+15   1.1590E-11   4.8491E-09   0.00239
FLUX  299   262.50        1.142067E+15   2.2855E-11   5.0759E-09   0.00450
FLUX  300   263.50        1.137732E+15   3.7238E-11   5.3995E-09   0.00690
FLUX  301   264.50        1.133431E+15   2.7424E-11   5.6367E-09   0.00487
FLUX  302   265.50        1.129162E+15   4.1608E-11   5.8795E-09   0.00708
FLUX  303   266.50        1.124925E+15   3.1184E-11   6.1283E-09   0.00509
FLUX  304   267.50        1.120720E+15   3.3092E-11   6.3831E-09   0.00518
FLUX  305   268.50        1.116546E+15   4.1097E-11   6.6439E-09   0.00619
FLUX  306   269.50        1.112403E+15   2.6029E-11   6.9108E-09   0.00377
FLUX  307   270.50        1.108290E+15   5.6482E-11   7.2984E-09   0.00774
FLUX  308   271.50        1.104208E+15   4.6219E-11   7.5748E-09   0.00610
FLUX  309   272.50        1.100156E+15   3.5695E-11   7.8573E-09   0.00454
FLUX  310   273.50        1.096133E+15   4.0436E-11   8.1460E-09   0.00496
FLUX  311   274.50        1.092140E+15   6.1503E-11   8.4411E-09   0.00729
FLUX  312   275.50        1.088176E+15   5.9567E-11   8.7427E-09   0.00681
FLUX  313   276.50        1.084240E+15   9.9402E-11   9.0502E-09   0.01098
FLUX  314   277.50        1.080333E+15   1.1870E-10   9.3645E-09   0.01268
FLUX  315   278.50        1.076454E+15   7.9706E-11   9.6858E-09   0.00823
FLUX  316   279.50        1.072603E+15   1.1083E-10   1.0014E-08   0.01107
FLUX  317   280.50        1.068779E+15   1.0685E-10   1.0350E-08   0.01032
FLUX  318   281.50        1.064982E+15   1.0139E-10   1.0694E-08   0.00948
FLUX  319   282.50        1.061212E+15   9.4617E-11   1.1046E-08   0.00857
FLUX  320   283.50        1.057469E+15   6.6274E-11   1.1405E-08   0.00581
FLUX  321   284.50        1.053752E+15   3.5348E-11   1.1772E-08   0.00300
FLUX  322   285.50        1.050061E+15   1.2505E-11   1.2147E-08   0.00103
FLUX  323   286.50        1.046396E+15   7.1572E-11   1.2531E-08   0.00571
FLUX  324   287.50        1.042757E+15   9.9551E-11   1.2922E-08   0.00770
FLUX  325   288.50        1.039142E+15   1.9444E-10   1.3322E-08   0.01459
FLUX  326   289.50        1.035553E+15   2.4127E-10   1.3731E-08   0.01757
FLUX  327   291.00        1.030215E+15   3.1971E-10   1.4443E-08   0.02214
FLUX  328   293.00        1.023183E+15   3.6273E-10   1.5305E-08   0.02370
FLUX  329   295.00        1.016246E+15   3.4222E-10   1.6218E-08   0.02110
FLUX  330   297.00        1.009402E+15   3.3917E-10   1.7150E-08   0.01978
FLUX  331   299.00        1.002650E+15   4.1061E-10   1.8118E-08   0.02266
FLUX  332   301.00        9.959884E+14   4.4294E-10   1.9126E-08   0.02316
FLUX  333   303.00        9.894142E+14   5.6098E-10   2.0172E-08   0.02781
FLUX  334   305.00        9.829262E+14   6.9023E-10   2.1257E-08   0.03247
FLUX  335   307.00        9.765228E+14   7.3141E-10   2.2381E-08   0.03268
FLUX  336   309.00        9.702023E+14   6.5073E-10   2.3615E-08   0.02756
FLUX  337   311.00        9.639630E+14   1.0998E-09   2.4814E-08   0.04432
FLUX  338   313.00        9.578035E+14   1.1876E-09   2.6072E-08   0.04555
FLUX  339   315.00        9.517222E+14   1.7395E-09   2.7351E-08   0.06360
FLUX  340   317.00        9.457177E+14   2.6993E-09   2.8672E-08   0.09415
FLUX  341   319.00        9.397884E+14   2.2937E-09   3.0037E-08   0.07636
FLUX  342   321.00        9.339330E+14   3.0773E-09   3.1446E-08   0.09786
FLUX  343   323.00        9.281501E+14   3.4253E-09   3.2918E-08   0.10406
FLUX  344   325.00        9.224385E+14   4.8791E-09   3.4415E-08   0.14177
FLUX  345   327.00        9.167966E+14   6.4672E-09   3.5957E-08   0.17986
FLUX  346   329.00        9.112234E+14   8.3254E-09   3.7556E-08   0.22168
FLUX  347   331.00        9.057175E+14   7.2659E-09   3.9191E-08   0.18540
FLUX  348   333.00        9.002778E+14   8.5860E-09   4.0874E-08   0.21006
FLUX  349   335.00        8.949030E+14   7.9598E-09   4.2604E-08   0.18683
FLUX  350   337.00        8.895920E+14   5.4385E-09   4.4385E-08   0.12253
FLUX  351   339.00        8.843436E+14   7.6636E-09   4.6221E-08   0.16580
FLUX  352   341.00        8.791569E+14   8.9186E-09   4.8098E-08   0.18542
FLUX  353   343.00        8.740306E+14   9.4393E-09   5.0024E-08   0.18869
FLUX  354   345.00        8.689638E+14   7.5735E-09   5.2007E-08   0.14563
FLUX  355   347.00        8.639553E+14   7.7480E-09   5.4038E-08   0.14338
FLUX  356   349.00        8.590043E+14   1.0614E-08   5.6122E-08   0.18912
FLUX  357   351.00        8.541097E+14   1.4490E-08   5.8258E-08   0.24872
FLUX  358   353.00        8.492705E+14   1.5366E-08   6.0448E-08   0.25421
FLUX  359   355.00        8.444859E+14   2.2871E-08   6.2694E-08   0.36480
FLUX  360   357.00        8.397549E+14   1.0541E-08   6.4999E-08   0.16217
FLUX  361   359.00        8.350766E+14   8.8785E-09   6.7359E-08   0.13181
FLUX  362   361.00        8.304501E+14   1.3882E-08   6.9773E-08   0.19895
FLUX  363   363.00        8.258746E+14   1.9440E-08   7.2242E-08   0.26909
FLUX  364   364.00        8.236058E+14   2.1101E-08   7.3499E-08   0.28709
FLUX  365   365.00        8.213493E+14   2.2942E-08   7.4769E-08   0.30683
FLUX  366   367.00        8.168733E+14   3.2898E-08   7.7356E-08   0.42528
FLUX  367   369.00        8.124458E+14   2.6623E-08   7.9999E-08   0.33280
FLUX  368   371.00        8.080660E+14   1.9495E-08   8.2701E-08   0.23572
FLUX  369   373.00        8.037332E+14   8.6202E-09   8.5455E-08   0.10087
FLUX  370   375.00        7.994467E+14   1.1626E-08   8.8266E-08   0.13172
FLUX  371   377.00        7.952056E+14   3.0177E-08   9.1538E-08   0.32967
FLUX  372   379.00        7.910092E+14   3.5722E-08   9.4477E-08   0.37810
FLUX  373   381.00        7.868569E+14   3.3471E-08   9.7473E-08   0.34339
FLUX  374   383.00        7.827480E+14   1.4240E-08   1.0052E-07   0.14166
FLUX  375   385.00        7.786818E+14   2.5794E-08   1.0364E-07   0.24889
FLUX  376   387.00        7.746576E+14   2.3906E-08   1.0680E-07   0.22383
FLUX  377   389.00        7.706748E+14   2.4855E-08   1.1003E-07   0.22589
FLUX  378   391.00        7.667327E+14   3.4718E-08   1.1332E-07   0.30639
FLUX  379   393.00        7.628308E+14   1.4037E-08   1.1666E-07   0.12033
FLUX  380   395.00        7.589683E+14   2.4125E-08   1.2006E-07   0.20095
FLUX  381   397.00        7.551448E+14   1.9692E-08   1.2351E-07   0.15943
FLUX  382   399.00        7.513596E+14   5.4956E-08   1.2702E-07   0.43264
FLUX  383   401.00        7.476122E+14   7.4656E-08   1.3060E-07   0.57165
FLUX  384   403.00        7.439020E+14   5.5581E-08   1.3423E-07   0.41407
FLUX  385   405.00        7.402284E+14   7.0681E-08   1.3792E-07   0.51249
FLUX  386   407.00        7.365909E+14   6.8921E-08   1.4166E-07   0.48652
FLUX  387   409.00        7.329890E+14   8.5706E-08   1.4546E-07   0.58919
FLUX  388   411.00        7.294221E+14   6.3728E-08   1.4932E-07   0.42678
FLUX  389   413.00        7.258898E+14   7.3552E-08   1.5324E-07   0.47999
FLUX  390   415.00        7.223916E+14   7.2241E-08   1.5721E-07   0.45952
FLUX  391   417.00        7.189269E+14   7.3729E-08   1.6124E-07   0.45727
FLUX  392   419.00        7.154952E+14   7.4267E-08   1.6532E-07   0.44923
FLUX  393   421.00        7.120962E+14   5.0389E-08   1.6946E-07   0.29735
FLUX  394   423.00        7.087293E+14   1.8085E-08   1.7366E-07   0.10414
FLUX  395   425.00        7.053941E+14   5.3602E-08   1.7791E-07   0.30129
FLUX  396   427.00        7.020902E+14   6.4737E-08   1.8221E-07   0.35529
FLUX  397   429.00        6.988170E+14   6.5698E-08   1.8657E-07   0.35214
FLUX  398   431.00        6.955742E+14   7.5122E-08   1.9098E-07   0.39335
FLUX  399   433.00        6.923614E+14   1.0353E-07   1.9545E-07   0.52971
FLUX  400   435.00        6.891782E+14   1.0592E-07   1.9997E-07   0.52967
FLUX  401   437.00        6.860240E+14   1.1462E-07   2.0455E-07   0.56038
FLUX  402   439.00        6.828986E+14   1.0157E-07   2.0917E-07   0.48559
FLUX  403   441.00        6.798016E+14   1.0362E-07   2.1385E-07   0.48453
FLUX  404   443.00        6.767325E+14   9.8625E-08   2.1859E-07   0.45119
FLUX  405   445.00        6.736910E+14   1.0525E-07   2.2338E-07   0.47118
FLUX  406   447.00        6.706767E+14   1.1306E-07   2.2822E-07   0.49539
FLUX  407   449.00        6.676893E+14   1.2119E-07   2.3311E-07   0.51988
FLUX  408   451.00        6.647284E+14   1.2771E-07   2.3805E-07   0.53650
FLUX  409   453.00        6.617936E+14   1.1319E-07   2.4305E-07   0.46573
FLUX  410   455.00        6.588846E+14   1.2507E-07   2.4809E-07   0.50413
FLUX  411   457.00        6.560011E+14   1.4149E-07   2.5319E-07   0.55882
FLUX  412   459.00        6.531427E+14   1.1375E-07   2.5834E-07   0.44031
FLUX  413   461.00        6.503091E+14   1.2629E-07   2.6353E-07   0.47923
FLUX  414   463.00        6.475000E+14   1.1707E-07   2.6878E-07   0.43555
FLUX  415   465.00        6.447150E+14   1.1570E-07   2.7408E-07   0.42213
FLUX  416   467.00        6.419540E+14   1.2222E-07   2.7942E-07   0.43740
FLUX  417   469.00        6.392164E+14   1.2168E-07   2.8482E-07   0.42723
FLUX  418   471.00        6.365021E+14   1.2875E-07   2.9026E-07   0.44358
FLUX  419   473.00        6.338108E+14   1.2423E-07   2.9574E-07   0.42006
FLUX  420   475.00        6.311421E+14   1.3629E-07   3.0128E-07   0.45236
FLUX  421   477.00        6.284958E+14   7.6330E-08   3.0686E-07   0.24874
FLUX  422   479.00        6.258716E+14   9.9269E-08   3.1249E-07   0.31767
FLUX  423   481.00        6.232692E+14   9.5798E-08   3.1816E-07   0.30110
FLUX  424   483.00        6.206884E+14   1.1255E-07   3.2388E-07   0.34749
FLUX  425   485.00        6.181289E+14   1.2387E-07   3.2965E-07   0.37577
FLUX  426   487.00        6.155903E+14   1.3910E-07   3.3546E-07   0.41467
FLUX  427   489.00        6.130726E+14   1.6100E-07   3.4131E-07   0.47170
FLUX  428   491.00        6.105753E+14   1.7256E-07   3.4720E-07   0.49701
FLUX  429   493.00        6.080984E+14   1.8694E-07   3.5314E-07   0.52938
FLUX  430   495.00        6.056414E+14   1.6764E-07   3.5912E-07   0.46682
FLUX  431   497.00        6.032042E+14   9.6332E-08   3.6513E-07   0.26383
FLUX  432   499.00        6.007866E+14   1.1837E-07   3.7119E-07   0.31889
FLUX  433   501.00        5.983882E+14   8.5490E-08   3.7729E-07   0.22659
FLUX  434   503.00        5.960089E+14   1.1093E-07   3.8343E-07   0.28931
FLUX  435   505.00        5.936485E+14   1.1430E-07   3.8961E-07   0.29336
FLUX  436   507.00        5.913067E+14   1.2462E-07   3.9583E-07   0.31483
FLUX  437   509.00        5.889833E+14   1.3049E-07   4.0208E-07   0.32453
FLUX  438   511.00        5.866781E+14   1.4019E-07   4.0837E-07   0.34328
FLUX  439   513.00        5.843908E+14   1.4164E-07   4.1470E-07   0.34156
FLUX  440   515.00        5.821214E+14   1.3674E-07   4.2106E-07   0.32474
FLUX  441   517.00        5.798694E+14   1.0970E-07   4.2746E-07   0.25663
FLUX  442   519.00        5.776349E+14   1.0099E-07   4.3390E-07   0.23276
FLUX  443   521.00        5.754175E+14   1.3328E-07   4.4037E-07   0.30266
FLUX  444   523.00        5.732170E+14   2.2451E-07   4.4687E-07   0.50241
FLUX  445   525.00        5.710333E+14   2.1208E-07   4.5340E-07   0.46775
FLUX  446   527.00        5.688662E+14   2.0122E-07   4.5997E-07   0.43747
FLUX  447   529.00        5.667155E+14   2.5475E-07   4.6657E-07   0.54601
FLUX  448   531.00        5.645810E+14   2.7649E-07   4.7320E-07   0.58430
FLUX  449   533.00        5.624625E+14   2.5198E-07   4.7986E-07   0.52511
FLUX  450   535.00        5.603598E+14   2.8027E-07   4.8655E-07   0.57604
FLUX  451   537.00        5.582728E+14   2.5874E-07   4.9327E-07   0.52454
FLUX  452   539.00        5.562013E+14   2.8092E-07   5.0002E-07   0.56181
FLUX  453   541.00        5.541451E+14   2.8180E-07   5.0680E-07   0.55603
FLUX  454   543.00        5.521040E+14   2.8689E-07   5.1361E-07   0.55858
FLUX  455   545.00        5.500780E+14   2.2738E-07   5.2044E-07   0.43690
FLUX  456   547.00        5.480667E+14   2.0633E-07   5.2730E-07   0.39130
FLUX  457   549.00        5.460701E+14   2.4117E-07   5.3418E-07   0.45148
FLUX  458   551.00        5.440880E+14   2.1126E-07   5.4109E-07   0.39043
FLUX  459   553.00        5.421202E+14   2.5692E-07   5.4803E-07   0.46880
FLUX  460   555.00        5.401667E+14   2.8004E-07   5.5499E-07   0.50459
FLUX  461   557.00        5.382271E+14   2.8969E-07   5.6198E-07   0.51549
FLUX  462   559.00        5.363014E+14   2.6441E-07   5.6898E-07   0.46470
FLUX  463   561.00        5.343895E+14   1.9581E-07   5.7602E-07   0.33995
FLUX  464   563.00        5.324911E+14   2.0566E-07   5.8307E-07   0.35271
FLUX  465   565.00        5.306062E+14   2.3249E-07   5.9015E-07   0.39395
FLUX  466   567.00        5.287346E+14   2.2563E-07   5.9724E-07   0.37778
FLUX  467   569.00        5.268761E+14   2.6614E-07   6.0436E-07   0.44036
FLUX  468   571.00        5.250306E+14   2.7365E-07   6.1150E-07   0.44750
FLUX  469   573.00        5.231981E+14   3.1688E-07   6.1865E-07   0.51221
FLUX  470   575.00        5.213783E+14   3.4837E-07   6.2583E-07   0.55666
FLUX  471   577.00        5.195711E+14   3.0319E-07   6.3301E-07   0.47896
FLUX  472   579.00        5.177763E+14   3.4468E-07   6.4022E-07   0.53838
FLUX  473   581.00        5.159940E+14   3.4594E-07   6.4744E-07   0.53432
FLUX  474   583.00        5.142238E+14   3.5432E-07   6.5468E-07   0.54121
FLUX  475   585.00        5.124658E+14   3.1446E-07   6.6193E-07   0.47506
FLUX  476   587.00        5.107198E+14   2.4710E-07   6.6920E-07   0.36925
FLUX  477   589.00        5.089856E+14   1.1703E-07   6.7649E-07   0.17300
FLUX  478   591.00        5.072631E+14   1.7796E-07   6.8379E-07   0.26026
FLUX  479   593.00        5.055523E+14   2.1348E-07   6.9110E-07   0.30889
FLUX  480   595.00        5.038529E+14   2.3054E-07   6.9843E-07   0.33009
FLUX  481   597.00        5.021650E+14   2.4119E-07   7.0577E-07   0.34175
FLUX  482   599.00        5.004883E+14   2.7872E-07   7.1312E-07   0.39085
FLUX  483   601.00        4.988228E+14   2.9434E-07   7.2048E-07   0.40853
FLUX  484   603.00        4.971683E+14   3.4150E-07   7.2786E-07   0.46919
FLUX  485   605.00        4.955248E+14   3.7022E-07   7.3525E-07   0.50352
FLUX  486   607.00        4.938921E+14   4.0408E-07   7.4265E-07   0.54411
FLUX  487   609.00        4.922701E+14   4.3969E-07   7.5006E-07   0.58621
FLUX  488   611.00        4.906588E+14   4.3558E-07   7.5748E-07   0.57504
FLUX  489   613.00        4.890579E+14   4.4548E-07   7.6490E-07   0.58240
FLUX  490   615.00        4.874675E+14   4.6382E-07   7.7234E-07   0.60053
FLUX  491   617.00        4.858874E+14   2.5311E-07   7.7978E-07   0.32459
FLUX  492   619.00        4.843174E+14   2.5566E-07   7.8723E-07   0.32476
FLUX  493   621.00        4.827576E+14   2.5393E-07   7.9469E-07   0.31953
FLUX  494   623.00        4.812079E+14   1.9965E-07   8.0216E-07   0.24889
FLUX  495   625.00        4.796680E+14   2.3540E-07   8.0963E-07   0.29075
FLUX  496   627.00        4.781380E+14   2.8508E-07   8.1711E-07   0.34888
FLUX  497   629.00        4.766176E+14   3.1222E-07   8.2459E-07   0.37864
FLUX  498   631.00        4.751070E+14   3.6289E-07   8.3208E-07   0.43612
FLUX  499   633.00        4.736058E+14   3.8857E-07   8.3957E-07   0.46283
FLUX  500   635.00        4.721142E+14   4.1923E-07   8.4706E-07   0.49492
FLUX  501   637.00        4.706319E+14   4.1674E-07   8.5456E-07   0.48766
FLUX  502   639.00        4.691588E+14   4.4143E-07   8.6206E-07   0.51207
FLUX  503   641.00        4.676950E+14   4.6664E-07   8.6956E-07   0.53664
FLUX  504   643.00        4.662403E+14   4.2542E-07   8.7706E-07   0.48506
FLUX  505   645.00        4.647946E+14   4.4147E-07   8.8457E-07   0.49908
FLUX  506   647.00        4.633578E+14   4.8457E-07   8.9207E-07   0.54319
FLUX  507   649.00        4.619299E+14   4.4527E-07   8.9958E-07   0.49497
FLUX  508   651.00        4.605107E+14   4.9523E-07   9.0708E-07   0.54596
FLUX  509   653.00        4.591003E+14   5.4152E-07   9.1459E-07   0.59209
FLUX  510   655.00        4.576985E+14   5.2345E-07   9.2221E-07   0.56760
FLUX  511   657.00        4.563052E+14   5.1761E-07   9.2971E-07   0.55674
FLUX  512   659.00        4.549203E+14   5.2553E-07   9.3721E-07   0.56073
FLUX  513   661.00        4.535439E+14   5.2216E-07   9.4471E-07   0.55272
FLUX  514   663.00        4.521757E+14   4.9302E-07   9.5221E-07   0.51777
FLUX  515   665.00        4.508158E+14   4.4376E-07   9.5970E-07   0.46240
FLUX  516   667.00        4.494640E+14   4.2238E-07   9.6719E-07   0.43671
FLUX  517   669.00        4.481203E+14   3.3830E-07   9.7468E-07   0.34709
FLUX  518   671.00        4.467846E+14   3.6187E-07   9.8216E-07   0.36844
FLUX  519   673.00        4.454569E+14   2.9032E-07   9.8964E-07   0.29336
FLUX  520   675.00        4.441370E+14   3.1520E-07   9.9711E-07   0.31612
FLUX  521   677.00        4.428250E+14   3.7425E-07   1.0046E-06   0.37255
FLUX  522   679.00        4.415206E+14   3.2360E-07   1.0120E-06   0.31975
FLUX  523   681.00        4.402239E+14   3.6983E-07   1.0195E-06   0.36276
FLUX  524   683.00        4.389348E+14   4.0975E-07   1.0270E-06   0.39899
FLUX  525   685.00        4.376533E+14   4.3811E-07   1.0344E-06   0.42354
FLUX  526   687.00        4.363792E+14   4.5193E-07   1.0419E-06   0.43378
FLUX  527   689.00        4.351125E+14   5.1590E-07   1.0493E-06   0.49167
FLUX  528   691.00        4.338531E+14   5.8682E-07   1.0567E-06   0.55533
FLUX  529   693.00        4.326010E+14   5.7494E-07   1.0641E-06   0.54028
FLUX  530   695.00        4.313561E+14   6.4744E-07   1.0715E-06   0.60421
FLUX  531   697.00        4.301184E+14   7.2099E-07   1.0790E-06   0.66824
FLUX  532   699.00        4.288877E+14   7.5292E-07   1.0863E-06   0.69307
FLUX  533   701.00        4.276640E+14   7.9085E-07   1.0937E-06   0.72308
FLUX  534   703.00        4.264474E+14   8.3120E-07   1.1011E-06   0.75487
FLUX  535   705.00        4.252376E+14   7.7137E-07   1.1085E-06   0.69588
FLUX  536   707.00        4.240346E+14   5.2281E-07   1.1158E-06   0.46854
FLUX  537   709.00        4.228385E+14   4.6601E-07   1.1232E-06   0.41490
FLUX  538   711.00        4.216491E+14   4.5343E-07   1.1305E-06   0.40108
FLUX  539   713.00        4.204663E+14   3.5906E-07   1.1379E-06   0.31556
FLUX  540   715.00        4.192902E+14   3.5942E-07   1.1452E-06   0.31386
FLUX  541   717.00        4.181206E+14   3.9207E-07   1.1525E-06   0.34020
FLUX  542   719.00        4.169576E+14   4.8599E-07   1.1598E-06   0.41904
FLUX  543   721.00        4.158010E+14   4.4749E-07   1.1670E-06   0.38343
FLUX  544   723.00        4.146508E+14   5.5014E-07   1.1743E-06   0.46847
FLUX  545   725.00        4.135069E+14   6.3159E-07   1.1816E-06   0.53450
FLUX  546   727.00        4.123693E+14   7.0637E-07   1.1889E-06   0.59415
FLUX  547   729.00        4.112380E+14   7.6585E-07   1.1961E-06   0.64028
FLUX  548   731.00        4.101129E+14   8.4015E-07   1.2035E-06   0.69810
FLUX  549   733.00        4.089939E+14   8.9922E-07   1.2107E-06   0.74274
FLUX  550   735.00        4.078809E+14   9.5275E-07   1.2179E-06   0.78231
FLUX  551   737.00        4.067741E+14   1.0181E-06   1.2250E-06   0.83109
FLUX  552   739.00        4.056732E+14   1.0620E-06   1.2322E-06   0.86186
FLUX  553   741.00        4.045783E+14   1.0919E-06   1.2393E-06   0.88104
FLUX  554   743.00        4.034892E+14   1.1211E-06   1.2465E-06   0.89943
FLUX  555   745.00        4.024060E+14   1.1385E-06   1.2536E-06   0.90822
FLUX  556   747.00        4.013286E+14   1.1645E-06   1.2607E-06   0.92370
FLUX  557   749.00        4.002570E+14   1.1770E-06   1.2677E-06   0.92846
FLUX  558   751.00        3.991911E+14   1.1944E-06   1.2748E-06   0.93692
FLUX  559   753.00        3.981308E+14   1.2107E-06   1.2819E-06   0.94446
FLUX  560   755.00        3.970762E+14   1.2190E-06   1.2889E-06   0.94576
FLUX  561   757.00        3.960271E+14   1.2240E-06   1.2959E-06   0.94450
FLUX  562   759.00        3.949835E+14   1.1225E-06   1.3029E-06   0.86151
FLUX  563   761.00        3.939455E+14   1.0730E-06   1.3099E-06   0.81913
FLUX  564   763.00        3.929128E+14   1.0146E-06   1.3169E-06   0.77048
FLUX  565   765.00        3.918856E+14   9.9393E-07   1.3239E-06   0.75078
FLUX  566   767.00        3.908638E+14   8.3215E-07   1.3308E-06   0.62530
FLUX  567   769.00        3.898472E+14   8.4808E-07   1.3377E-06   0.63397
FLUX  568   771.00        3.888359E+14   8.1695E-07   1.3446E-06   0.60756
FLUX  569   773.00        3.878299E+14   9.0441E-07   1.3515E-06   0.66917
FLUX  570   775.00        3.868290E+14   8.6980E-07   1.3584E-06   0.64031
FLUX  571   777.00        3.858333E+14   8.7176E-07   1.3653E-06   0.63853
FLUX  572   779.00        3.848427E+14   8.8850E-07   1.3721E-06   0.64754
FLUX  573   781.00        3.838572E+14   9.6703E-07   1.3789E-06   0.70129
FLUX  574   783.00        3.828768E+14   9.4467E-07   1.3857E-06   0.68171
FLUX  575   785.00        3.819013E+14   9.7365E-07   1.3925E-06   0.69920
FLUX  576   787.00        3.809307E+14   1.0144E-06   1.3993E-06   0.72492
FLUX  577   789.00        3.799651E+14   1.0866E-06   1.4061E-06   0.77282
FLUX  578   791.00        3.790044E+14   1.0763E-06   1.4128E-06   0.76183
FLUX  579   793.00        3.780485E+14   1.1079E-06   1.4195E-06   0.78046
FLUX  580   795.00        3.770975E+14   1.1390E-06   1.4262E-06   0.79861
FLUX  581   797.00        3.761512E+14   1.2086E-06   1.4329E-06   0.84348
FLUX  582   799.00        3.752096E+14   1.2105E-06   1.4395E-06   0.84091
FLUX  583   801.00        3.742728E+14   1.2416E-06   1.4462E-06   0.85856
FLUX  584   803.00        3.733406E+14   1.2759E-06   1.4528E-06   0.87825
FLUX  585   805.00        3.724130E+14   1.3088E-06   1.4594E-06   0.89682
FLUX  586   807.00        3.714901E+14   1.3190E-06   1.4660E-06   0.89975
FLUX  587   809.00        3.705717E+14   1.3484E-06   1.4725E-06   0.91572
FLUX  588   811.00        3.696578E+14   1.3741E-06   1.4790E-06   0.92903
FLUX  589   813.00        3.687485E+14   1.4030E-06   1.4856E-06   0.94446
FLUX  590   815.00        3.678436E+14   1.4180E-06   1.4921E-06   0.95040
FLUX  591   817.00        3.669431E+14   1.4292E-06   1.4985E-06   0.95371
FLUX  592   819.00        3.660470E+14   1.2827E-06   1.5050E-06   0.85228
FLUX  593   821.00        3.651553E+14   1.2962E-06   1.5114E-06   0.85759
FLUX  594   823.00        3.642679E+14   1.3459E-06   1.5178E-06   0.88670
FLUX  595   825.00        3.633848E+14   1.3660E-06   1.5242E-06   0.89618
FLUX  596   827.00        3.625060E+14   1.3483E-06   1.5306E-06   0.88091
FLUX  597   829.00        3.616315E+14   1.3012E-06   1.5370E-06   0.84659
FLUX  598   831.00        3.607611E+14   1.3056E-06   1.5433E-06   0.84598
FLUX  599   833.00        3.598950E+14   1.3266E-06   1.5496E-06   0.85608
FLUX  600   835.00        3.590329E+14   1.3071E-06   1.5559E-06   0.84007
FLUX  601   837.00        3.581750E+14   1.3158E-06   1.5622E-06   0.84230
FLUX  602   839.00        3.573212E+14   1.2792E-06   1.5684E-06   0.81561
FLUX  603   841.00        3.564715E+14   1.3538E-06   1.5747E-06   0.85974
FLUX  604   843.00        3.556257E+14   1.2704E-06   1.5809E-06   0.80362
FLUX  605   845.00        3.547840E+14   1.2409E-06   1.5871E-06   0.78186
FLUX  606   847.00        3.539463E+14   1.2112E-06   1.5933E-06   0.76019
FLUX  607   849.00        3.531125E+14   1.2579E-06   1.5994E-06   0.78647
FLUX  608   851.00        3.522826E+14   1.2255E-06   1.6055E-06   0.76332
FLUX  609   853.00        3.514566E+14   1.2756E-06   1.6116E-06   0.79147
FLUX  610   855.00        3.506345E+14   1.2300E-06   1.6177E-06   0.76031
FLUX  611   857.00        3.498162E+14   1.3613E-06   1.6238E-06   0.83837
FLUX  612   859.00        3.490017E+14   1.3843E-06   1.6298E-06   0.84936
FLUX  613   861.00        3.481911E+14   1.4184E-06   1.6359E-06   0.86707
FLUX  614   863.00        3.473841E+14   1.4623E-06   1.6419E-06   0.89063
FLUX  615   865.00        3.465809E+14   1.4757E-06   1.6479E-06   0.89551
FLUX  616   867.00        3.457814E+14   1.3747E-06   1.6538E-06   0.83120
FLUX  617   869.00        3.449856E+14   1.4674E-06   1.6598E-06   0.88408
FLUX  618   871.00        3.441935E+14   1.5557E-06   1.6657E-06   0.93395
FLUX  619   873.00        3.434049E+14   1.5661E-06   1.6716E-06   0.93691
FLUX  620   875.00        3.426200E+14   1.5818E-06   1.6775E-06   0.94295
FLUX  621   877.00        3.418387E+14   1.5879E-06   1.6833E-06   0.94334
FLUX  622   879.00        3.410609E+14   1.6188E-06   1.6892E-06   0.95833
FLUX  623   881.00        3.402866E+14   1.6037E-06   1.6950E-06   0.94617
FLUX  624   883.00        3.395159E+14   1.6102E-06   1.7008E-06   0.94674
FLUX  625   885.00        3.387486E+14   1.6297E-06   1.7065E-06   0.95497
FLUX  626   887.00        3.379848E+14   1.2808E-06   1.7123E-06   0.74802
FLUX  627   889.00        3.372244E+14   1.3243E-06   1.7180E-06   0.77081
FLUX  628   891.00        3.364674E+14   1.4012E-06   1.7237E-06   0.81292
FLUX  629   893.00        3.357139E+14   1.4263E-06   1.7294E-06   0.82473
FLUX  630   895.00        3.349637E+14   1.3764E-06   1.7351E-06   0.79327
FLUX  631   897.00        3.342168E+14   1.4151E-06   1.7407E-06   0.81292
FLUX  632   899.00        3.334733E+14   1.4807E-06   1.7463E-06   0.84787
FLUX  633   901.00        3.327331E+14   1.4842E-06   1.7519E-06   0.84717
FLUX  634   903.00        3.319961E+14   1.5189E-06   1.7575E-06   0.86424
FLUX  635   905.00        3.312624E+14   1.5630E-06   1.7631E-06   0.88652
FLUX  636   907.00        3.305320E+14   1.6035E-06   1.7686E-06   0.90668
FLUX  637   909.00        3.298047E+14   1.6100E-06   1.7741E-06   0.90752
FLUX  638   911.00        3.290807E+14   1.6307E-06   1.7796E-06   0.91634
FLUX  639   913.00        3.283598E+14   1.6686E-06   1.7850E-06   0.93476
FLUX  640   915.00        3.276421E+14   1.6907E-06   1.7905E-06   0.94428
FLUX  641   917.00        3.269275E+14   1.7100E-06   1.7959E-06   0.95216
FLUX  642   919.00        3.262160E+14   1.7288E-06   1.8013E-06   0.95976
FLUX  643   921.00        3.255076E+14   1.7211E-06   1.8067E-06   0.95265
FLUX  644   923.00        3.248023E+14   1.7059E-06   1.8121E-06   0.94143
FLUX  645   925.00        3.241000E+14   1.7032E-06   1.8174E-06   0.93714
FLUX  646   927.00        3.234008E+14   1.7128E-06   1.8227E-06   0.93968
FLUX  647   929.00        3.227045E+14   1.6881E-06   1.8280E-06   0.92346
FLUX  648   931.00        3.220113E+14   1.7020E-06   1.8333E-06   0.92839
FLUX  649   933.00        3.213210E+14   1.7136E-06   1.8386E-06   0.93202
FLUX  650   935.00        3.206337E+14   1.7309E-06   1.8438E-06   0.93873
FLUX  651   937.00        3.199493E+14   1.7174E-06   1.8491E-06   0.92878
FLUX  652   939.00        3.192678E+14   1.7387E-06   1.8543E-06   0.93770
FLUX  653   941.00        3.185893E+14   1.7483E-06   1.8594E-06   0.94023
FLUX  654   943.00        3.179136E+14   1.7648E-06   1.8646E-06   0.94647
FLUX  655   945.00        3.172407E+14   1.7514E-06   1.8697E-06   0.93669
FLUX  656   947.00        3.165707E+14   1.7798E-06   1.8749E-06   0.94928
FLUX  657   949.00        3.159036E+14   1.7993E-06   1.8800E-06   0.95707
FLUX  658   951.00        3.152392E+14   1.8038E-06   1.8850E-06   0.95690
FLUX  659   953.00        3.145776E+14   1.8058E-06   1.8901E-06   0.95538
FLUX  660   955.00        3.139188E+14   1.7918E-06   1.8951E-06   0.94547
FLUX  661   957.00        3.132628E+14   1.8217E-06   1.9002E-06   0.95871
FLUX  662   959.00        3.126095E+14   1.8424E-06   1.9051E-06   0.96709
FLUX  663   961.00        3.119589E+14   1.8205E-06   1.9101E-06   0.95308
FLUX  664   963.00        3.113110E+14   1.8504E-06   1.9151E-06   0.96622
FLUX  665   965.00        3.106658E+14   1.7855E-06   1.9200E-06   0.92995
FLUX  666   967.00        3.100233E+14   1.8046E-06   1.9249E-06   0.93752
FLUX  667   969.00        3.093834E+14   1.8507E-06   1.9298E-06   0.95899
FLUX  668   971.00        3.087461E+14   1.8432E-06   1.9347E-06   0.95273
FLUX  669   973.00        3.081115E+14   1.7953E-06   1.9395E-06   0.92566
FLUX  670   975.00        3.074795E+14   1.7789E-06   1.9444E-06   0.91491
FLUX  671   977.00        3.068500E+14   1.8133E-06   1.9492E-06   0.93028
FLUX  672   979.00        3.062232E+14   1.7927E-06   1.9539E-06   0.91747
FLUX  673   981.00        3.055989E+14   1.8316E-06   1.9587E-06   0.93511
FLUX  674   983.00        3.049771E+14   1.7978E-06   1.9635E-06   0.91563
FLUX  675   985.00        3.043579E+14   1.8306E-06   1.9682E-06   0.93011
FLUX  676   987.00        3.037411E+14   1.8532E-06   1.9729E-06   0.93935
FLUX  677   989.00        3.031269E+14   1.8661E-06   1.9776E-06   0.94363
FLUX  678   991.00        3.025151E+14   1.8440E-06   1.9823E-06   0.93027
FLUX  679   993.00        3.019058E+14   1.8534E-06   1.9869E-06   0.93280
FLUX  680   995.00        3.012990E+14   1.8751E-06   1.9916E-06   0.94154
FLUX  681   997.00        3.006946E+14   1.8947E-06   1.9962E-06   0.94916
FLUX  682   999.00        3.000926E+14   1.8968E-06   2.0008E-06   0.94802
FLUX  683  1002.50        2.990449E+14   1.8948E-06   2.0088E-06   0.94326
FLUX  684  1007.50        2.975608E+14   1.9196E-06   2.0201E-06   0.95024
FLUX  685  1012.50        2.960914E+14   1.9454E-06   2.0313E-06   0.95770
FLUX  686  1017.50        2.946364E+14   1.9567E-06   2.0425E-06   0.95800
FLUX  687  1022.50        2.931956E+14   1.9800E-06   2.0535E-06   0.96424
FLUX  688  1027.50        2.917689E+14   2.0006E-06   2.0644E-06   0.96913
FLUX  689  1032.50        2.903559E+14   2.0002E-06   2.0752E-06   0.96386
FLUX  690  1037.50        2.889566E+14   2.0251E-06   2.0859E-06   0.97083
FLUX  691  1042.50        2.875707E+14   2.0512E-06   2.0965E-06   0.97839
FLUX  692  1047.50        2.861981E+14   2.0553E-06   2.1070E-06   0.97548
FLUX  693  1052.50        2.848385E+14   2.0795E-06   2.1174E-06   0.98213
FLUX  694  1057.50        2.834917E+14   2.0831E-06   2.1276E-06   0.97907
FLUX  695  1062.50        2.821576E+14   2.1043E-06   2.1377E-06   0.98433
FLUX  696  1067.50        2.808361E+14   2.1028E-06   2.1478E-06   0.97907
FLUX  697  1072.50        2.795268E+14   2.1143E-06   2.1577E-06   0.97989
FLUX  698  1077.50        2.782297E+14   2.1328E-06   2.1676E-06   0.98394
FLUX  699  1082.50        2.769446E+14   2.1207E-06   2.1774E-06   0.97396
FLUX  700  1087.50        2.756713E+14   2.1429E-06   2.1871E-06   0.97977
FLUX  701  1092.50        2.744096E+14   2.1434E-06   2.1968E-06   0.97570
FLUX  702  1097.50        2.731595E+14   2.1343E-06   2.2063E-06   0.96738
FLUX  703  1102.50        2.719206E+14   2.1283E-06   2.2157E-06   0.96054
FLUX  704  1107.50        2.706930E+14   2.1237E-06   2.2251E-06   0.95443
FLUX  705  1112.50        2.694764E+14   2.1268E-06   2.2343E-06   0.95185
FLUX  706  1117.50        2.682707E+14   2.1323E-06   2.2435E-06   0.95043
FLUX  707  1122.50        2.670757E+14   2.1576E-06   2.2526E-06   0.95780
FLUX  708  1127.50        2.658913E+14   2.1486E-06   2.2617E-06   0.95002
FLUX  709  1132.50        2.647174E+14   2.1538E-06   2.2707E-06   0.94852
FLUX  710  1137.50        2.635538E+14   2.1367E-06   2.2796E-06   0.93730
FLUX  711  1142.50        2.624004E+14   2.1323E-06   2.2884E-06   0.93179
FLUX  712  1147.50        2.612571E+14   2.1965E-06   2.2972E-06   0.95617
FLUX  713  1152.50        2.601236E+14   2.2041E-06   2.3058E-06   0.95587
FLUX  714  1157.50        2.590000E+14   2.2117E-06   2.3145E-06   0.95560
FLUX  715  1162.50        2.578860E+14   2.1965E-06   2.3230E-06   0.94556
FLUX  716  1167.50        2.567816E+14   2.2103E-06   2.3315E-06   0.94803
FLUX  717  1172.50        2.556866E+14   2.2444E-06   2.3399E-06   0.95918
FLUX  718  1177.50        2.546008E+14   2.2083E-06   2.3483E-06   0.94037
FLUX  719  1182.50        2.535243E+14   2.2376E-06   2.3567E-06   0.94949
FLUX  720  1187.50        2.524568E+14   2.2268E-06   2.3649E-06   0.94157
FLUX  721  1192.50        2.513983E+14   2.2710E-06   2.3732E-06   0.95694
FLUX  722  1197.50        2.503486E+14   2.2365E-06   2.3814E-06   0.93915
FLUX  723  1202.50        2.493077E+14   2.2902E-06   2.3895E-06   0.95843
FLUX  724  1207.50        2.482754E+14   2.2960E-06   2.3976E-06   0.95760
FLUX  725  1212.50        2.472515E+14   2.3192E-06   2.4057E-06   0.96406
FLUX  726  1217.50        2.462361E+14   2.3331E-06   2.4137E-06   0.96660
FLUX  727  1222.50        2.452290E+14   2.3424E-06   2.4217E-06   0.96728
FLUX  728  1227.50        2.442301E+14   2.3485E-06   2.4297E-06   0.96660
FLUX  729  1232.50        2.432393E+14   2.3549E-06   2.4376E-06   0.96607
FLUX  730  1237.50        2.422566E+14   2.3690E-06   2.4455E-06   0.96870
FLUX  731  1242.50        2.412817E+14   2.3668E-06   2.4534E-06   0.96467
FLUX  732  1247.50        2.403146E+14   2.3836E-06   2.4613E-06   0.96843
FLUX  733  1252.50        2.393553E+14   2.3866E-06   2.4692E-06   0.96654
FLUX  734  1257.50        2.384036E+14   2.3978E-06   2.4771E-06   0.96800
FLUX  735  1262.50        2.374594E+14   2.4057E-06   2.4850E-06   0.96810
FLUX  736  1267.50        2.365227E+14   2.4061E-06   2.4929E-06   0.96518
FLUX  737  1272.50        2.355933E+14   2.4271E-06   2.5008E-06   0.97053
FLUX  738  1277.50        2.346712E+14   2.4401E-06   2.5087E-06   0.97263
FLUX  739  1282.50        2.337563E+14   2.4093E-06   2.5167E-06   0.95733
FLUX  740  1287.50        2.328485E+14   2.4484E-06   2.5246E-06   0.96982
FLUX  741  1292.50        2.319478E+14   2.4437E-06   2.5326E-06   0.96488
FLUX  742  1297.50        2.310539E+14   2.4746E-06   2.5406E-06   0.97401
FLUX  743  1302.50        2.301670E+14   2.4781E-06   2.5486E-06   0.97235
FLUX  744  1307.50        2.292868E+14   2.4761E-06   2.5566E-06   0.96850
FLUX  745  1312.50        2.284133E+14   2.4333E-06   2.5646E-06   0.94879
FLUX  746  1317.50        2.275465E+14   2.4544E-06   2.5727E-06   0.95403
FLUX  747  1322.50        2.266862E+14   2.4857E-06   2.5808E-06   0.96314
FLUX  748  1327.50        2.258324E+14   2.4475E-06   2.5889E-06   0.94535
FLUX  749  1332.50        2.249850E+14   2.2978E-06   2.5971E-06   0.88474
FLUX  750  1337.50        2.241439E+14   2.1379E-06   2.6054E-06   0.82057
FLUX  751  1342.50        2.233091E+14   2.0989E-06   2.6137E-06   0.80307
FLUX  752  1347.50        2.224805E+14   2.1915E-06   2.6220E-06   0.83581
FLUX  753  1352.50        2.216580E+14   2.1145E-06   2.6304E-06   0.80384
FLUX  754  1357.50        2.208416E+14   2.1428E-06   2.6390E-06   0.81199
FLUX  755  1362.50        2.200312E+14   2.1240E-06   2.6476E-06   0.80223
FLUX  756  1367.50        2.192267E+14   2.1872E-06   2.6563E-06   0.82340
FLUX  757  1372.50        2.184280E+14   2.1962E-06   2.6651E-06   0.82405
FLUX  758  1377.50        2.176352E+14   2.2276E-06   2.6740E-06   0.83303
FLUX  759  1382.50        2.168481E+14   2.2241E-06   2.6831E-06   0.82892
FLUX  760  1387.50        2.160667E+14   2.1757E-06   2.6921E-06   0.80819
FLUX  761  1392.50        2.152908E+14   2.0433E-06   2.7013E-06   0.75640
FLUX  762  1397.50        2.145206E+14   2.0609E-06   2.7106E-06   0.76032
FLUX  763  1402.50        2.137558E+14   2.1098E-06   2.7200E-06   0.77564
FLUX  764  1407.50        2.129964E+14   2.1002E-06   2.7296E-06   0.76940
FLUX  765  1412.50        2.122425E+14   2.0307E-06   2.7394E-06   0.74130
FLUX  766  1417.50        2.114938E+14   2.0356E-06   2.7493E-06   0.74038
FLUX  767  1422.50        2.107504E+14   2.0551E-06   2.7594E-06   0.74476
FLUX  768  1427.50        2.100123E+14   2.0170E-06   2.7697E-06   0.72826
FLUX  769  1432.50        2.092792E+14   2.0714E-06   2.7801E-06   0.74511
FLUX  770  1437.50        2.085513E+14   2.0699E-06   2.7906E-06   0.74174
FLUX  771  1442.50        2.078284E+14   2.0893E-06   2.8013E-06   0.74585
FLUX  772  1447.50        2.071105E+14   2.0908E-06   2.8122E-06   0.74349
FLUX  773  1452.50        2.063976E+14   2.0844E-06   2.8233E-06   0.73831
FLUX  774  1457.00        2.057601E+14   2.1046E-06   2.8335E-06   0.74275
FLUX  775  1462.00        2.050564E+14   2.0384E-06   2.8450E-06   0.71649
FLUX  776  1467.50        2.042879E+14   2.0360E-06   2.8581E-06   0.71237
FLUX  777  1472.50        2.035942E+14   2.0878E-06   2.8703E-06   0.72740
FLUX  778  1477.50        2.029052E+14   2.0681E-06   2.8827E-06   0.71742
FLUX  779  1482.50        2.022209E+14   2.0790E-06   2.8953E-06   0.71809
FLUX  780  1487.50        2.015412E+14   2.0979E-06   2.9081E-06   0.72142
FLUX  781  1492.50        2.008660E+14   2.1380E-06   2.9212E-06   0.73189
FLUX  782  1497.50        2.001953E+14   2.1718E-06   2.9346E-06   0.74007
FLUX  783  1502.50        1.995291E+14   2.1158E-06   2.9483E-06   0.71762
FLUX  784  1507.50        1.988673E+14   2.1798E-06   2.9623E-06   0.73583
FLUX  785  1512.50        1.982099E+14   2.2059E-06   2.9766E-06   0.74107
FLUX  786  1517.50        1.975568E+14   2.2106E-06   2.9911E-06   0.73904
FLUX  787  1522.50        1.969080E+14   2.2763E-06   3.0060E-06   0.75724
FLUX  788  1527.50        1.962635E+14   2.2379E-06   3.0213E-06   0.74072
FLUX  789  1532.50        1.956232E+14   2.2850E-06   3.0368E-06   0.75244
FLUX  790  1537.50        1.949870E+14   2.2678E-06   3.0526E-06   0.74289
FLUX  791  1542.50        1.943549E+14   2.2374E-06   3.0687E-06   0.72913
FLUX  792  1547.50        1.937270E+14   2.3415E-06   3.0850E-06   0.75898
FLUX  793  1552.50        1.931031E+14   2.3148E-06   3.1016E-06   0.74633
FLUX  794  1557.50        1.924831E+14   2.3310E-06   3.1185E-06   0.74747
FLUX  795  1562.50        1.918672E+14   2.3912E-06   3.1354E-06   0.76265
FLUX  796  1567.50        1.912552E+14   2.3904E-06   3.1526E-06   0.75824
FLUX  797  1572.50        1.906471E+14   2.4015E-06   3.1698E-06   0.75761
FLUX  798  1577.50        1.900428E+14   2.4115E-06   3.1871E-06   0.75664
FLUX  799  1582.50        1.894423E+14   2.4784E-06   3.2043E-06   0.77346
FLUX  800  1587.50        1.888457E+14   2.4781E-06   3.2213E-06   0.76929
FLUX  801  1592.50        1.882527E+14   2.5158E-06   3.2381E-06   0.77693
FLUX  802  1597.50        1.876635E+14   2.5668E-06   3.2546E-06   0.78867
FLUX  803  1605.00        1.867866E+14   2.5709E-06   3.2782E-06   0.78423
FLUX  804  1615.00        1.856300E+14   2.5999E-06   3.3062E-06   0.78635
FLUX  805  1625.00        1.844877E+14   2.6233E-06   3.3283E-06   0.78820
FLUX  806  1635.00        1.833593E+14   2.7017E-06   3.3388E-06   0.80918
FLUX  807  1645.00        1.822447E+14   2.7430E-06   3.3320E-06   0.82322
FLUX  808  1655.00        1.811435E+14   2.7984E-06   3.3128E-06   0.84471
FLUX  809  1665.00        1.800556E+14   2.8016E-06   3.2938E-06   0.85057
FLUX  810  1675.00        1.789806E+14   2.7676E-06   3.2748E-06   0.84513
FLUX  811  1685.00        1.779184E+14   2.8013E-06   3.2559E-06   0.86040
FLUX  812  1695.00        1.768687E+14   2.7700E-06   3.2370E-06   0.85573
FLUX  813  1705.00        1.758314E+14   2.7112E-06   3.2183E-06   0.84243
FLUX  814  1715.00        1.748061E+14   2.5664E-06   3.1996E-06   0.80210
FLUX  815  1725.00        1.737928E+14   2.5460E-06   3.1811E-06   0.80034
FLUX  816  1735.00        1.727911E+14   2.4659E-06   3.1627E-06   0.77968
FLUX  817  1745.00        1.718009E+14   2.4057E-06   3.1443E-06   0.76508
FLUX  818  1755.00        1.708219E+14   2.2760E-06   3.1261E-06   0.72807
FLUX  819  1765.00        1.698541E+14   2.2218E-06   3.1080E-06   0.71486
FLUX  820  1775.00        1.688972E+14   2.1096E-06   3.0899E-06   0.68275
FLUX  821  1785.00        1.679510E+14   2.0472E-06   3.0720E-06   0.66640
FLUX  822  1795.00        1.670153E+14   2.0146E-06   3.0541E-06   0.65964
FLUX  823  1805.00        1.660900E+14   1.9348E-06   3.0364E-06   0.63722
FLUX  824  1815.00        1.651749E+14   1.9141E-06   3.0188E-06   0.63407
FLUX  825  1825.00        1.642699E+14   1.9182E-06   3.0012E-06   0.63916
FLUX  826  1835.00        1.633747E+14   1.8880E-06   2.9837E-06   0.63279
FLUX  827  1845.00        1.624892E+14   1.7836E-06   2.9663E-06   0.60130
FLUX  828  1855.00        1.616132E+14   1.7276E-06   2.9490E-06   0.58584
FLUX  829  1865.00        1.607466E+14   1.7301E-06   2.9318E-06   0.59013
FLUX  830  1875.00        1.598893E+14   1.7184E-06   2.9147E-06   0.58957
FLUX  831  1885.00        1.590411E+14   1.8174E-06   2.8977E-06   0.62718
FLUX  832  1895.00        1.582018E+14   1.7792E-06   2.8809E-06   0.61760
FLUX  833  1905.00        1.573714E+14   1.8309E-06   2.8641E-06   0.63925
FLUX  834  1915.00        1.565496E+14   1.8197E-06   2.8474E-06   0.63908
FLUX  835  1925.00        1.557364E+14   1.8228E-06   2.8309E-06   0.64390
FLUX  836  1935.00        1.549315E+14   1.7964E-06   2.8144E-06   0.63828
FLUX  837  1945.00        1.541350E+14   1.8006E-06   2.7981E-06   0.64350
FLUX  838  1955.00        1.533465E+14   1.8385E-06   2.7818E-06   0.66089
FLUX  839  1965.00        1.525662E+14   1.8226E-06   2.7657E-06   0.65903
FLUX  840  1975.00        1.517937E+14   1.7774E-06   2.7496E-06   0.64641
FLUX  841  1985.00        1.510290E+14   1.7266E-06   2.7337E-06   0.63159
FLUX  842  1995.00        1.502719E+14   1.7159E-06   2.7179E-06   0.63134
FLUX  843  2005.00        1.495224E+14   1.7219E-06   2.7022E-06   0.63723
FLUX  844  2015.00        1.487804E+14   1.6948E-06   2.6866E-06   0.63082
FLUX  845  2025.00        1.480457E+14   1.6883E-06   2.6711E-06   0.63208
FLUX  846  2035.00        1.473182E+14   1.7008E-06   2.6557E-06   0.64043
FLUX  847  2045.00        1.465978E+14   1.6879E-06   2.6404E-06   0.63924
FLUX  848  2055.00        1.458844E+14   1.7110E-06   2.6252E-06   0.65173
FLUX  849  2065.00        1.451780E+14   1.6726E-06   2.6102E-06   0.64079
FLUX  850  2075.00        1.444783E+14   1.7002E-06   2.5952E-06   0.65513
FLUX  851  2085.00        1.437854E+14   1.6792E-06   2.5803E-06   0.65079
FLUX  852  2095.00        1.430990E+14   1.7144E-06   2.5655E-06   0.66823
FLUX  853  2105.00        1.424192E+14   1.7260E-06   2.5508E-06   0.67663
FLUX  854  2115.00        1.417459E+14   1.7396E-06   2.5363E-06   0.68587
FLUX  855  2125.00        1.410788E+14   1.7495E-06   2.5218E-06   0.69375
FLUX  856  2135.00        1.404180E+14   1.7780E-06   2.5074E-06   0.70910
FLUX  857  2145.00        1.397634E+14   1.7953E-06   2.4932E-06   0.72009
FLUX  858  2155.00        1.391148E+14   1.8208E-06   2.4790E-06   0.73450
FLUX  859  2165.00        1.384723E+14   1.8618E-06   2.4649E-06   0.75534
FLUX  860  2175.00        1.378356E+14   1.8535E-06   2.4509E-06   0.75624
FLUX  861  2185.00        1.372048E+14   1.8867E-06   2.4371E-06   0.77417
FLUX  862  2195.00        1.365797E+14   1.9084E-06   2.4233E-06   0.78751
FLUX  863  2205.00        1.359603E+14   1.8840E-06   2.4096E-06   0.78186
FLUX  864  2215.00        1.353465E+14   1.9542E-06   2.3960E-06   0.81562
FLUX  865  2225.00        1.347382E+14   1.9458E-06   2.3825E-06   0.81671
FLUX  866  2235.00        1.341353E+14   1.9764E-06   2.3691E-06   0.83422
FLUX  867  2245.00        1.335379E+14   1.9942E-06   2.3558E-06   0.84649
FLUX  868  2255.00        1.329457E+14   1.9934E-06   2.3426E-06   0.85094
FLUX  869  2265.00        1.323587E+14   1.9783E-06   2.3295E-06   0.84924
FLUX  870  2275.00        1.317769E+14   2.0007E-06   2.3165E-06   0.86366
FLUX  871  2285.00        1.312002E+14   1.9982E-06   2.3036E-06   0.86742
FLUX  872  2295.00        1.306285E+14   1.8626E-06   2.2908E-06   0.81306
FLUX  873  2305.00        1.300618E+14   1.9012E-06   2.2781E-06   0.83455
FLUX  874  2315.00        1.295000E+14   1.8811E-06   2.2655E-06   0.83033
FLUX  875  2325.00        1.289430E+14   1.7687E-06   2.2530E-06   0.78504
FLUX  876  2335.00        1.283908E+14   1.7688E-06   2.2405E-06   0.78947
FLUX  877  2345.00        1.278433E+14   1.7850E-06   2.2282E-06   0.80111
FLUX  878  2355.00        1.273004E+14   1.6604E-06   2.2159E-06   0.74932
FLUX  879  2365.00        1.267622E+14   1.7108E-06   2.2038E-06   0.77632
FLUX  880  2375.00        1.262284E+14   1.7258E-06   2.1917E-06   0.78744
FLUX  881  2385.00        1.256992E+14   1.5716E-06   2.1797E-06   0.72100
FLUX  882  2395.00        1.251743E+14   1.5941E-06   2.1678E-06   0.73536
FLUX  883  2405.00        1.246538E+14   1.4907E-06   2.1560E-06   0.69143
FLUX  884  2415.00        1.241377E+14   1.4404E-06   2.1443E-06   0.67177
FLUX  885  2425.00        1.236258E+14   1.4124E-06   2.1326E-06   0.66229
FLUX  886  2435.00        1.231181E+14   1.3551E-06   2.1211E-06   0.63887
FLUX  887  2445.00        1.226145E+14   1.3053E-06   2.1096E-06   0.61874
FLUX  888  2455.00        1.221151E+14   1.2653E-06   2.0982E-06   0.60303
FLUX  889  2465.00        1.216197E+14   1.2267E-06   2.0868E-06   0.58785
FLUX  890  2475.00        1.211283E+14   1.1962E-06   2.0756E-06   0.57629
FLUX  891  2485.00        1.206408E+14   1.1584E-06   2.0644E-06   0.56113
FLUX  892  2495.00        1.201573E+14   1.1522E-06   2.0534E-06   0.56115
FLUX  893  2505.00        1.196776E+14   1.1266E-06   2.0424E-06   0.55163
FLUX  894  2515.00        1.192018E+14   1.0938E-06   2.0314E-06   0.53844
FLUX  895  2525.00        1.187297E+14   1.0633E-06   2.0206E-06   0.52622
FLUX  896  2535.00        1.182613E+14   1.0726E-06   2.0098E-06   0.53368
FLUX  897  2545.00        1.177967E+14   1.0621E-06   1.9991E-06   0.53127
FLUX  898  2555.00        1.173356E+14   1.0713E-06   1.9885E-06   0.53875
FLUX  899  2565.00        1.168782E+14   1.0256E-06   1.9779E-06   0.51850
FLUX  900  2575.00        1.164243E+14   1.0595E-06   1.9675E-06   0.53850
FLUX  901  2585.00        1.159739E+14   1.0663E-06   1.9571E-06   0.54487
FLUX  902  2595.00        1.155270E+14   1.0597E-06   1.9468E-06   0.54434
FLUX  903  2605.00        1.150835E+14   1.0712E-06   1.9365E-06   0.55315
FLUX  904  2615.00        1.146434E+14   1.1001E-06   1.9264E-06   0.57106
FLUX  905  2625.00        1.142067E+14   1.0969E-06   1.9163E-06   0.57242
FLUX  906  2635.00        1.137732E+14   1.1055E-06   1.9062E-06   0.57995
FLUX  907  2645.00        1.133431E+14   1.0778E-06   1.8963E-06   0.56840
FLUX  908  2655.00        1.129162E+14   1.1403E-06   1.8864E-06   0.60451
FLUX  909  2665.00        1.124925E+14   1.1165E-06   1.8766E-06   0.59498
FLUX  910  2675.00        1.120720E+14   1.0903E-06   1.8668E-06   0.58402
FLUX  911  2685.00        1.116546E+14   1.0931E-06   1.8572E-06   0.58861
FLUX  912  2695.00        1.112403E+14   1.0467E-06   1.8476E-06   0.56656
FLUX  913  2705.00        1.108290E+14   1.0645E-06   1.8380E-06   0.57914
FLUX  914  2715.00        1.104208E+14   1.0277E-06   1.8285E-06   0.56201
FLUX  915  2725.00        1.100156E+14   9.9515E-07   1.8191E-06   0.54705
FLUX  916  2735.00        1.096133E+14   1.0022E-06   1.8098E-06   0.55374
FLUX  917  2745.00        1.092140E+14   1.0039E-06   1.8005E-06   0.55759
FLUX  918  2755.00        1.088176E+14   9.7754E-07   1.7913E-06   0.54572
FLUX  919  2765.00        1.084240E+14   9.6775E-07   1.7821E-06   0.54302
FLUX  920  2775.00        1.080333E+14   9.7445E-07   1.7731E-06   0.54959
FLUX  921  2785.00        1.076454E+14   9.4538E-07   1.7640E-06   0.53592
FLUX  922  2795.00        1.072603E+14   9.7523E-07   1.7551E-06   0.55566
FLUX  923  2805.00        1.068779E+14   9.1046E-07   1.7462E-06   0.52140
FLUX  924  2815.00        1.064982E+14   9.3140E-07   1.7373E-06   0.53611
FLUX  925  2825.00        1.061212E+14   9.2120E-07   1.7286E-06   0.53293
FLUX  926  2835.00        1.057469E+14   9.1969E-07   1.7198E-06   0.53475
FLUX  927  2845.00        1.053752E+14   9.2629E-07   1.7112E-06   0.54131
FLUX  928  2855.00        1.050061E+14   9.0534E-07   1.7026E-06   0.53174
FLUX  929  2865.00        1.046396E+14   9.1878E-07   1.6941E-06   0.54235
FLUX  930  2875.00        1.042757E+14   9.1625E-07   1.6856E-06   0.54358
FLUX  931  2885.00        1.039142E+14   9.0215E-07   1.6772E-06   0.53790
FLUX  932  2895.00        1.035553E+14   9.2344E-07   1.6688E-06   0.55335
FLUX  933  2905.00        1.031988E+14   8.7919E-07   1.6605E-06   0.52947
FLUX  934  2915.00        1.028448E+14   9.1672E-07   1.6523E-06   0.55483
FLUX  935  2925.00        1.024932E+14   8.4732E-07   1.6441E-06   0.51538
FLUX  936  2935.00        1.021440E+14   9.2144E-07   1.6359E-06   0.56324
FLUX  937  2945.00        1.017971E+14   8.4377E-07   1.6279E-06   0.51833
FLUX  938  2955.00        1.014526E+14   8.8792E-07   1.6198E-06   0.54815
FLUX  939  2965.00        1.011105E+14   8.5686E-07   1.6119E-06   0.53159
FLUX  940  2975.00        1.007706E+14   8.8443E-07   1.6040E-06   0.55140
FLUX  941  2985.00        1.004330E+14   8.4401E-07   1.5961E-06   0.52879
FLUX  942  2995.00        1.000977E+14   8.8290E-07   1.5883E-06   0.55587
FLUX  943  3005.00        9.976456E+13   8.3343E-07   1.5805E-06   0.52731
FLUX  944  3015.00        9.943366E+13   8.8804E-07   1.5728E-06   0.56460
FLUX  945  3025.00        9.910496E+13   8.3367E-07   1.5652E-06   0.53263
FLUX  946  3035.00        9.877842E+13   8.6683E-07   1.5576E-06   0.55652
FLUX  947  3045.00        9.845402E+13   8.3983E-07   1.5500E-06   0.54181
FLUX  948  3055.00        9.813175E+13   8.6057E-07   1.5425E-06   0.55790
FLUX  949  3065.00        9.781158E+13   8.5815E-07   1.5351E-06   0.55903
FLUX  950  3075.00        9.749349E+13   8.5134E-07   1.5277E-06   0.55729
FLUX  951  3085.00        9.717747E+13   8.4265E-07   1.5203E-06   0.55427
FLUX  952  3095.00        9.686349E+13   8.3146E-07   1.5130E-06   0.54956
FLUX  953  3105.00        9.655153E+13   8.5498E-07   1.5057E-06   0.56783
FLUX  954  3115.00        9.624157E+13   8.3575E-07   1.4985E-06   0.55773
FLUX  955  3125.00        9.593360E+13   8.5475E-07   1.4913E-06   0.57315
FLUX  956  3135.00        9.562759E+13   8.3685E-07   1.4842E-06   0.56384
FLUX  957  3145.00        9.532353E+13   8.4591E-07   1.4771E-06   0.57267
FLUX  958  3155.00        9.502139E+13   8.3645E-07   1.4701E-06   0.56897
FLUX  959  3165.00        9.472117E+13   8.5475E-07   1.4631E-06   0.58419
FLUX  960  3175.00        9.442283E+13   8.3556E-07   1.4562E-06   0.57379
FLUX  961  3185.00        9.412637E+13   8.5706E-07   1.4493E-06   0.59136
FLUX  962  3195.00        9.383177E+13   8.3813E-07   1.4425E-06   0.58103
FLUX  963  3210.00        9.339330E+13   8.5378E-07   1.4323E-06   0.59609
FLUX  964  3230.00        9.281501E+13   8.5162E-07   1.4189E-06   0.60019
FLUX  965  3250.00        9.224385E+13   8.5681E-07   1.4057E-06   0.60953
FLUX  966  3270.00        9.167966E+13   8.5703E-07   1.3926E-06   0.61541
FLUX  967  3290.00        9.112234E+13   8.6361E-07   1.3797E-06   0.62593
FLUX  968  3310.00        9.057175E+13   8.6980E-07   1.3670E-06   0.63628
FLUX  969  3330.00        9.002778E+13   8.7156E-07   1.3544E-06   0.64348
FLUX  970  3350.00        8.949030E+13   8.7129E-07   1.3420E-06   0.64922
FLUX  971  3370.00        8.895920E+13   8.8025E-07   1.3298E-06   0.66194
FLUX  972  3390.00        8.843436E+13   8.8335E-07   1.3177E-06   0.67036
FLUX  973  3410.00        8.791569E+13   8.8339E-07   1.3058E-06   0.67651
FLUX  974  3430.00        8.740306E+13   9.0005E-07   1.2940E-06   0.69554
FLUX  975  3450.00        8.689638E+13   8.8586E-07   1.2824E-06   0.69077
FLUX  976  3470.00        8.639553E+13   9.0998E-07   1.2710E-06   0.71598
FLUX  977  3490.00        8.590043E+13   8.9589E-07   1.2596E-06   0.71124
FLUX  978  3510.00        8.541097E+13   9.0921E-07   1.2485E-06   0.72827
FLUX  979  3530.00        8.492705E+13   9.0206E-07   1.2374E-06   0.72899
FLUX  980  3550.00        8.444859E+13   9.1343E-07   1.2265E-06   0.74474
FLUX  981  3570.00        8.397549E+13   9.0948E-07   1.2158E-06   0.74808
FLUX  982  3590.00        8.350766E+13   9.1561E-07   1.2051E-06   0.75976
FLUX  983  3610.00        8.304501E+13   9.1981E-07   1.1946E-06   0.76996
FLUX  984  3630.00        8.258746E+13   9.1677E-07   1.1843E-06   0.77412
FLUX  985  3650.00        8.213493E+13   9.1689E-07   1.1740E-06   0.78097
FLUX  986  3670.00        8.168733E+13   9.1955E-07   1.1639E-06   0.79004
FLUX  987  3690.00        8.124458E+13   9.2088E-07   1.1539E-06   0.79803
FLUX  988  3710.00        8.080660E+13   9.2222E-07   1.1441E-06   0.80608
FLUX  989  3730.00        8.037332E+13   9.2300E-07   1.1343E-06   0.81369
FLUX  990  3750.00        7.994467E+13   9.3145E-07   1.1247E-06   0.82817
FLUX  991  3770.00        7.952056E+13   9.2071E-07   1.1152E-06   0.82559
FLUX  992  3790.00        7.910092E+13   9.3491E-07   1.1058E-06   0.84545
FLUX  993  3810.00        7.868569E+13   9.2681E-07   1.0965E-06   0.84522
FLUX  994  3830.00        7.827480E+13   9.1624E-07   1.0874E-06   0.84262
FLUX  995  3850.00        7.786818E+13   9.2328E-07   1.0783E-06   0.85623
FLUX  996  3870.00        7.746576E+13   9.2185E-07   1.0694E-06   0.86206
FLUX  997  3890.00        7.706748E+13   9.0986E-07   1.0605E-06   0.85795
FLUX  998  3910.00        7.667327E+13   9.0720E-07   1.0518E-06   0.86255
FLUX  999  3930.00        7.628308E+13   9.0394E-07   1.0431E-06   0.86656
FLUX 1000  3950.00        7.589683E+13   8.9515E-07   1.0346E-06   0.86522
FLUX 1001  3970.00        7.551448E+13   8.8219E-07   1.0262E-06   0.85969
FLUX 1002  3990.00        7.513596E+13   8.5632E-07   1.0178E-06   0.84132
FLUX 1003  4010.00        7.476122E+13   8.5697E-07   1.0096E-06   0.84883
FLUX 1004  4030.00        7.439020E+13   8.4937E-07   1.0015E-06   0.84814
FLUX 1005  4050.00        7.402284E+13   8.2122E-07   9.9341E-07   0.82667
FLUX 1006  4070.00        7.365909E+13   8.0736E-07   9.8545E-07   0.81927
FLUX 1007  4090.00        7.329890E+13   7.8842E-07   9.7759E-07   0.80649
FLUX 1008  4110.00        7.294221E+13   7.9209E-07   9.6982E-07   0.81674
FLUX 1009  4130.00        7.258898E+13   7.7983E-07   9.6213E-07   0.81052
FLUX 1010  4150.00        7.223916E+13   7.7994E-07   9.5454E-07   0.81708
FLUX 1011  4170.00        7.189269E+13   7.5695E-07   9.4703E-07   0.79929
FLUX 1012  4190.00        7.154952E+13   7.6180E-07   9.3960E-07   0.81076
FLUX 1013  4210.00        7.120962E+13   7.4835E-07   9.3226E-07   0.80272
FLUX 1014  4230.00        7.087293E+13   7.5528E-07   9.2500E-07   0.81651
FLUX 1015  4250.00        7.053941E+13   7.2630E-07   9.1783E-07   0.79132
FLUX 1016  4270.00        7.020902E+13   7.2796E-07   9.1073E-07   0.79932
FLUX 1017  4290.00        6.988170E+13   7.1873E-07   9.0371E-07   0.79531
FLUX 1018  4310.00        6.955742E+13   6.9526E-07   8.9678E-07   0.77529
FLUX 1019  4330.00        6.923614E+13   6.9898E-07   8.8992E-07   0.78544
FLUX 1020  4350.00        6.891782E+13   6.7826E-07   8.8314E-07   0.76802
FLUX 1021  4370.00        6.860240E+13   6.6472E-07   8.7643E-07   0.75845
FLUX 1022  4390.00        6.828986E+13   6.6233E-07   8.6979E-07   0.76148
FLUX 1023  4410.00        6.798016E+13   6.4845E-07   8.6323E-07   0.75119
FLUX 1024  4430.00        6.767325E+13   6.2963E-07   8.5674E-07   0.73492
FLUX 1025  4450.00        6.736910E+13   6.3448E-07   8.5032E-07   0.74617
FLUX 1026  4470.00        6.706767E+13   6.2114E-07   8.4397E-07   0.73598
FLUX 1027  4490.00        6.676893E+13   6.1959E-07   8.3768E-07   0.73964
FLUX 1028  4510.00        6.647284E+13   6.1239E-07   8.3147E-07   0.73652
FLUX 1029  4530.00        6.617936E+13   6.0358E-07   8.2532E-07   0.73133
FLUX 1030  4550.00        6.588846E+13   6.0207E-07   8.1924E-07   0.73491
FLUX 1031  4570.00        6.560011E+13   5.9561E-07   8.1322E-07   0.73241
FLUX 1032  4590.00        6.531427E+13   5.9125E-07   8.0726E-07   0.73241
FLUX 1033  4610.00        6.503091E+13   5.8778E-07   8.0137E-07   0.73347
FLUX 1034  4630.00        6.475000E+13   5.7899E-07   7.9555E-07   0.72779
FLUX 1035  4650.00        6.447150E+13   5.8061E-07   7.8978E-07   0.73516
FLUX 1036  4670.00        6.419540E+13   5.7111E-07   7.8408E-07   0.72839
FLUX 1037  4690.00        6.392164E+13   5.7217E-07   7.7843E-07   0.73503
FLUX 1038  4710.00        6.365021E+13   5.6912E-07   7.7285E-07   0.73640
FLUX 1039  4730.00        6.338108E+13   5.6345E-07   7.6732E-07   0.73431
FLUX 1040  4750.00        6.311421E+13   5.6211E-07   7.6185E-07   0.73783
FLUX 1041  4770.00        6.284958E+13   5.4662E-07   7.5644E-07   0.72263
FLUX 1042  4790.00        6.258716E+13   5.5087E-07   7.5108E-07   0.73344
FLUX 1043  4810.00        6.232692E+13   5.3790E-07   7.4578E-07   0.72126
FLUX 1044  4830.00        6.206884E+13   5.4622E-07   7.4053E-07   0.73760
FLUX 1045  4850.00        6.181289E+13   5.3286E-07   7.3533E-07   0.72464
FLUX 1046  4870.00        6.155903E+13   5.2564E-07   7.3019E-07   0.71986
FLUX 1047  4890.00        6.130726E+13   5.2200E-07   7.2511E-07   0.71990
FLUX 1048  4910.00        6.105753E+13   5.3071E-07   7.2007E-07   0.73703
FLUX 1049  4930.00        6.080984E+13   5.1315E-07   7.1509E-07   0.71761
FLUX 1050  4950.00        6.056414E+13   5.1438E-07   7.1015E-07   0.72432
FLUX 1051  4970.00        6.032042E+13   5.0492E-07   7.0527E-07   0.71593
FLUX 1052  4990.00        6.007866E+13   5.0641E-07   7.0043E-07   0.72300
FLUX 1053  5010.00        5.983882E+13   4.9594E-07   6.9564E-07   0.71293
FLUX 1054  5030.00        5.960089E+13   4.8861E-07   6.9090E-07   0.70722
FLUX 1055  5050.00        5.936485E+13   4.8918E-07   6.8620E-07   0.71288
FLUX 1056  5070.00        5.913067E+13   4.8408E-07   6.8155E-07   0.71025
FLUX 1057  5090.00        5.889833E+13   4.7962E-07   6.7695E-07   0.70850
FLUX 1058  5110.00        5.866781E+13   4.7803E-07   6.7239E-07   0.71093
FLUX 1059  5130.00        5.843908E+13   4.7191E-07   6.6788E-07   0.70659
FLUX 1060  5150.00        5.821214E+13   4.7295E-07   6.6341E-07   0.71290
FLUX 1061  5170.00        5.798694E+13   4.5933E-07   6.5898E-07   0.69703
FLUX 1062  5190.00        5.776349E+13   4.6125E-07   6.5460E-07   0.70463
FLUX 1063  5210.00        5.754175E+13   4.6314E-07   6.5026E-07   0.71224
FLUX 1064  5230.00        5.732170E+13   4.5552E-07   6.4596E-07   0.70517
FLUX 1065  5250.00        5.710333E+13   4.4874E-07   6.4171E-07   0.69929
FLUX 1066  5270.00        5.688662E+13   4.5009E-07   6.3749E-07   0.70604
FLUX 1067  5290.00        5.667155E+13   4.4250E-07   6.3331E-07   0.69871
FLUX 1068  5310.00        5.645810E+13   4.4901E-07   6.2918E-07   0.71365
FLUX 1069  5330.00        5.624625E+13   4.4083E-07   6.2508E-07   0.70524
FLUX 1070  5350.00        5.603598E+13   4.3439E-07   6.2103E-07   0.69947
FLUX 1071  5370.00        5.582728E+13   4.3304E-07   6.1701E-07   0.70184
FLUX 1072  5390.00        5.562013E+13   4.3619E-07   6.1303E-07   0.71154
FLUX 1073  5410.00        5.541451E+13   4.2437E-07   6.0909E-07   0.69673
FLUX 1074  5430.00        5.521040E+13   4.1457E-07   6.0518E-07   0.68503
FLUX 1075  5450.00        5.500780E+13   4.2507E-07   6.0131E-07   0.70691
FLUX 1076  5470.00        5.480667E+13   4.2091E-07   5.9748E-07   0.70447
FLUX 1077  5490.00        5.460701E+13   4.2137E-07   5.9368E-07   0.70975
FLUX 1078  5510.00        5.440880E+13   4.1769E-07   5.8992E-07   0.70804
FLUX 1079  5530.00        5.421202E+13   4.0947E-07   5.8620E-07   0.69853
FLUX 1080  5550.00        5.401667E+13   4.0461E-07   5.8251E-07   0.69460
FLUX 1081  5570.00        5.382271E+13   4.0647E-07   5.7885E-07   0.70221
FLUX 1082  5590.00        5.363014E+13   4.1141E-07   5.7522E-07   0.71522
FLUX 1083  5610.00        5.343895E+13   4.0469E-07   5.7163E-07   0.70795
FLUX 1084  5630.00        5.324911E+13   4.0387E-07   5.6807E-07   0.71095
FLUX 1085  5650.00        5.306062E+13   4.0128E-07   5.6455E-07   0.71080
FLUX 1086  5670.00        5.287346E+13   3.9513E-07   5.6105E-07   0.70427
FLUX 1087  5690.00        5.268761E+13   3.9109E-07   5.5759E-07   0.70140
FLUX 1088  5710.00        5.250306E+13   3.9711E-07   5.5416E-07   0.71661
FLUX 1089  5730.00        5.231981E+13   3.8337E-07   5.5076E-07   0.69607
FLUX 1090  5750.00        5.213783E+13   4.0276E-07   5.4739E-07   0.73579
FLUX 1091  5770.00        5.195711E+13   3.8947E-07   5.4405E-07   0.71587
FLUX 1092  5790.00        5.177763E+13   3.8228E-07   5.4074E-07   0.70696
FLUX 1093  5810.00        5.159940E+13   3.9126E-07   5.3746E-07   0.72798
FLUX 1094  5830.00        5.142238E+13   3.8110E-07   5.3421E-07   0.71339
FLUX 1095  5850.00        5.124658E+13   3.8098E-07   5.3099E-07   0.71750
FLUX 1096  5870.00        5.107198E+13   3.8230E-07   5.2780E-07   0.72434
FLUX 1097  5890.00        5.089856E+13   3.8391E-07   5.2463E-07   0.73178
FLUX 1098  5910.00        5.072631E+13   3.7768E-07   5.2149E-07   0.72423
FLUX 1099  5930.00        5.055523E+13   3.8077E-07   5.1838E-07   0.73453
FLUX 1100  5950.00        5.038529E+13   3.7843E-07   5.1530E-07   0.73438
FLUX 1101  5970.00        5.021650E+13   3.7346E-07   5.1225E-07   0.72907
FLUX 1102  5990.00        5.004883E+13   3.7526E-07   5.0922E-07   0.73693
FLUX 1103  6010.00        4.988228E+13   3.8196E-07   5.0622E-07   0.75453
FLUX 1104  6030.00        4.971683E+13   3.6787E-07   5.0324E-07   0.73101
FLUX 1105  6050.00        4.955248E+13   3.6186E-07   5.0029E-07   0.72331
FLUX 1106  6070.00        4.938921E+13   3.7645E-07   4.9736E-07   0.75689
FLUX 1107  6090.00        4.922701E+13   3.7541E-07   4.9446E-07   0.75922
FLUX 1108  6110.00        4.906588E+13   3.6245E-07   4.9158E-07   0.73731
FLUX 1109  6130.00        4.890579E+13   3.8018E-07   4.8873E-07   0.77789
FLUX 1110  6150.00        4.874675E+13   3.6599E-07   4.8590E-07   0.75322
FLUX 1111  6170.00        4.858874E+13   3.6677E-07   4.8310E-07   0.75921
FLUX 1112  6190.00        4.843174E+13   3.6592E-07   4.8032E-07   0.76182
FLUX 1113  6210.00        4.827576E+13   3.6574E-07   4.7756E-07   0.76585
FLUX 1114  6230.00        4.812079E+13   3.6859E-07   4.7483E-07   0.77625
FLUX 1115  6250.00        4.796680E+13   3.5914E-07   4.7212E-07   0.76069
FLUX 1116  6270.00        4.781380E+13   3.5492E-07   4.6943E-07   0.75606
FLUX 1117  6290.00        4.766176E+13   3.5967E-07   4.6677E-07   0.77056
FLUX 1118  6310.00        4.751070E+13   3.5495E-07   4.6412E-07   0.76477
FLUX 1119  6330.00        4.736058E+13   3.5488E-07   4.6150E-07   0.76897
FLUX 1120  6350.00        4.721142E+13   3.4433E-07   4.5890E-07   0.75035
FLUX 1121  6370.00        4.706319E+13   3.5147E-07   4.5632E-07   0.77022
FLUX 1122  6390.00        4.691588E+13   3.4410E-07   4.5377E-07   0.75831
FLUX 1123  6420.00        4.669665E+13   3.3468E-07   4.4997E-07   0.74378
FLUX 1124  6460.00        4.640751E+13   3.1760E-07   4.4498E-07   0.71374
FLUX 1125  6500.00        4.612192E+13   3.0916E-07   4.4007E-07   0.70252
FLUX 1126  6540.00        4.583983E+13   3.0128E-07   4.3525E-07   0.69221
FLUX 1127  6580.00        4.556117E+13   2.8971E-07   4.3050E-07   0.67296
FLUX 1128  6620.00        4.528588E+13   2.8498E-07   4.2582E-07   0.66925
FLUX 1129  6660.00        4.501389E+13   2.8321E-07   4.2122E-07   0.67236
FLUX 1130  6700.00        4.474515E+13   2.7886E-07   4.1670E-07   0.66921
FLUX 1131  6740.00        4.447960E+13   2.7934E-07   4.1224E-07   0.67762
FLUX 1132  6780.00        4.421718E+13   2.7116E-07   4.0786E-07   0.66484
FLUX 1133  6820.00        4.395784E+13   2.6960E-07   4.0354E-07   0.66809
FLUX 1134  6860.00        4.370153E+13   2.7174E-07   3.9929E-07   0.68055
FLUX 1135  6900.00        4.344819E+13   2.6629E-07   3.9511E-07   0.67397
FLUX 1136  6940.00        4.319777E+13   2.6343E-07   3.9099E-07   0.67375
FLUX 1137  6980.00        4.295021E+13   2.6719E-07   3.8693E-07   0.69053
FLUX 1138  7020.00        4.270548E+13   2.6035E-07   3.8294E-07   0.67987
FLUX 1139  7060.00        4.246353E+13   2.5843E-07   3.7900E-07   0.68188
FLUX 1140  7100.00        4.222430E+13   2.5494E-07   3.7513E-07   0.67961
FLUX 1141  7140.00        4.198774E+13   2.5448E-07   3.7131E-07   0.68537
FLUX 1142  7180.00        4.175383E+13   2.5579E-07   3.6755E-07   0.69594
FLUX 1143  7220.00        4.152251E+13   2.4905E-07   3.6384E-07   0.68449
FLUX 1144  7260.00        4.129373E+13   2.4839E-07   3.6019E-07   0.68961
FLUX 1145  7300.00        4.106747E+13   2.4774E-07   3.5660E-07   0.69474
FLUX 1146  7340.00        4.084366E+13   2.4468E-07   3.5305E-07   0.69304
FLUX 1147  7380.00        4.062229E+13   2.4481E-07   3.4956E-07   0.70034
FLUX 1148  7420.00        4.040330E+13   2.3967E-07   3.4612E-07   0.69246
FLUX 1149  7460.00        4.018666E+13   2.4160E-07   3.4273E-07   0.70494
FLUX 1150  7500.00        3.997233E+13   2.3730E-07   3.3938E-07   0.69921
FLUX 1151  7540.00        3.976028E+13   2.3653E-07   3.3609E-07   0.70378
FLUX 1152  7580.00        3.955046E+13   2.3192E-07   3.3284E-07   0.69680
FLUX 1153  7620.00        3.934285E+13   2.2803E-07   3.2964E-07   0.69176
FLUX 1154  7660.00        3.913740E+13   2.2714E-07   3.2648E-07   0.69570
FLUX 1155  7700.00        3.893409E+13   2.2771E-07   3.2337E-07   0.70419
FLUX 1156  7740.00        3.873288E+13   2.2176E-07   3.2030E-07   0.69234
FLUX 1157  7780.00        3.853374E+13   2.2327E-07   3.1728E-07   0.70369
FLUX 1158  7820.00        3.833664E+13   2.2017E-07   3.1430E-07   0.70053
FLUX 1159  7860.00        3.814154E+13   2.1798E-07   3.1135E-07   0.70010
FLUX 1160  7900.00        3.794842E+13   2.1292E-07   3.0845E-07   0.69028
FLUX 1161  7940.00        3.775724E+13   2.1485E-07   3.0559E-07   0.70305
FLUX 1162  7980.00        3.756798E+13   2.0919E-07   3.0277E-07   0.69092
FLUX 1163  8020.00        3.738061E+13   2.1121E-07   2.9999E-07   0.70407
FLUX 1164  8060.00        3.719510E+13   2.0663E-07   2.9724E-07   0.69516
FLUX 1165  8100.00        3.701142E+13   2.0392E-07   2.9453E-07   0.69234
FLUX 1166  8140.00        3.682955E+13   2.0427E-07   2.9186E-07   0.69990
FLUX 1167  8180.00        3.664945E+13   2.0326E-07   2.8923E-07   0.70276
FLUX 1168  8220.00        3.647111E+13   1.9929E-07   2.8662E-07   0.69532
FLUX 1169  8260.00        3.629449E+13   2.0043E-07   2.8406E-07   0.70559
FLUX 1170  8300.00        3.611958E+13   1.9707E-07   2.8152E-07   0.70002
FLUX 1171  8340.00        3.594634E+13   1.9404E-07   2.7902E-07   0.69545
FLUX 1172  8380.00        3.577476E+13   1.9106E-07   2.7655E-07   0.69085
FLUX 1173  8420.00        3.560481E+13   1.9461E-07   2.7412E-07   0.70997
FLUX 1174  8460.00        3.543647E+13   1.9160E-07   2.7171E-07   0.70517
FLUX 1175  8500.00        3.526971E+13   1.8885E-07   2.6934E-07   0.70117
FLUX 1176  8540.00        3.510451E+13   1.8930E-07   2.6700E-07   0.70901
FLUX 1177  8580.00        3.494085E+13   1.8717E-07   2.6468E-07   0.70713
FLUX 1178  8620.00        3.477871E+13   1.8674E-07   2.6240E-07   0.71167
FLUX 1179  8660.00        3.461807E+13   1.8513E-07   2.6014E-07   0.71165
FLUX 1180  8700.00        3.445891E+13   1.8633E-07   2.5792E-07   0.72245
FLUX 1181  8740.00        3.430120E+13   1.8049E-07   2.5572E-07   0.70581
FLUX 1182  8780.00        3.414493E+13   1.8122E-07   2.5355E-07   0.71472
FLUX 1183  8820.00        3.399008E+13   1.8001E-07   2.5141E-07   0.71603
FLUX 1184  8860.00        3.383662E+13   1.7942E-07   2.4929E-07   0.71973
FLUX 1185  8900.00        3.368455E+13   1.7895E-07   2.4720E-07   0.72392
FLUX 1186  8940.00        3.353384E+13   1.7748E-07   2.4513E-07   0.72403
FLUX 1187  8980.00        3.338447E+13   1.7549E-07   2.4310E-07   0.72189
FLUX 1188  9020.00        3.323642E+13   1.7676E-07   2.4108E-07   0.73321
FLUX 1189  9060.00        3.308968E+13   1.7483E-07   2.3909E-07   0.73123
FLUX 1190  9100.00        3.294423E+13   1.7430E-07   2.3713E-07   0.73506
FLUX 1191  9140.00        3.280005E+13   1.7285E-07   2.3519E-07   0.73496
FLUX 1192  9180.00        3.265713E+13   1.7212E-07   2.3327E-07   0.73788
FLUX 1193  9220.00        3.251546E+13   1.7061E-07   2.3137E-07   0.73736
FLUX 1194  9260.00        3.237500E+13   1.6788E-07   2.2950E-07   0.73151
FLUX 1195  9300.00        3.223575E+13   1.6896E-07   2.2765E-07   0.74216
FLUX 1196  9340.00        3.209770E+13   1.6764E-07   2.2583E-07   0.74232
FLUX 1197  9380.00        3.196082E+13   1.6613E-07   2.2402E-07   0.74159
FLUX 1198  9420.00        3.182511E+13   1.6437E-07   2.2224E-07   0.73962
FLUX 1199  9460.00        3.169054E+13   1.6376E-07   2.2047E-07   0.74276
FLUX 1200  9500.00        3.155710E+13   1.6249E-07   2.1873E-07   0.74287
FLUX 1201  9540.00        3.142479E+13   1.6450E-07   2.1701E-07   0.75803
FLUX 1202  9580.00        3.129358E+13   1.6029E-07   2.1530E-07   0.74446
FLUX 1203  9620.00        3.116346E+13   1.5848E-07   2.1362E-07   0.74189
FLUX 1204  9660.00        3.103442E+13   1.5776E-07   2.1196E-07   0.74431
FLUX 1205  9700.00        3.090644E+13   1.5689E-07   2.1031E-07   0.74596
FLUX 1206  9740.00        3.077952E+13   1.5707E-07   2.0869E-07   0.75267
FLUX 1207  9780.00        3.065363E+13   1.5590E-07   2.0708E-07   0.75287
FLUX 1208  9820.00        3.052877E+13   1.5485E-07   2.0549E-07   0.75358
FLUX 1209  9860.00        3.040492E+13   1.5394E-07   2.0392E-07   0.75492
FLUX 1210  9900.00        3.028207E+13   1.4848E-07   2.0236E-07   0.73370
FLUX 1211  9940.00        3.016021E+13   1.5124E-07   2.0083E-07   0.75308
FLUX 1212  9980.00        3.003933E+13   1.4944E-07   1.9931E-07   0.74977
FLUX 1213 10020.00        2.991941E+13   1.4841E-07   1.9781E-07   0.75027
FLUX 1214 20000.00        1.498962E+13   4.2594E-08   5.1777E-08   0.82265
FLUX 1215 40000.00        7.494812E+12   1.1339E-08   1.2938E-08   0.87643
FLUX 1216 60000.00        4.996542E+12   5.1316E-09   5.6869E-09   0.90235
FLUX 1217 80000.00        3.747406E+12   2.9069E-09   3.1643E-09   0.91865
FLUX 1218100000.00        2.997925E+12   1.8655E-09   2.0057E-09   0.93010
FLUX 1219120000.00        2.498271E+12   1.2964E-09   1.3811E-09   0.93868
FLUX 1220140000.00        2.141375E+12   9.5212E-10   1.0071E-09   0.94536
FLUX 1221160000.00        1.873703E+12   7.2825E-10   7.6598E-10   0.95075
FLUX
