TEFF  15000.  GRAVITY 4.00000 LTE 
TITLE  [ 0.0] VTURB=0  L/H=1.25 NOVER NEW ODF                                   
FLUX    1     9.09        3.298047E+16   2.5000E-39   2.5000E-39   1.00000
FLUX    2     9.35        3.206337E+16   2.5000E-39   2.5000E-39   1.00000
FLUX    3     9.61        3.119589E+16   2.5000E-39   2.5000E-39   1.00000
FLUX    4     9.77        3.068500E+16   2.5000E-39   2.5000E-39   1.00000
FLUX    5     9.96        3.009965E+16   2.5000E-39   2.5000E-39   1.00000
FLUX    6    10.20        2.939142E+16   2.5000E-39   2.5000E-39   1.00000
FLUX    7    10.38        2.888174E+16   2.5000E-39   2.5000E-39   1.00000
FLUX    8    10.56        2.838944E+16   2.5000E-39   2.5000E-39   1.00000
FLUX    9    10.77        2.783589E+16   2.5000E-39   2.5000E-39   1.00000
FLUX   10    11.04        2.715512E+16   2.5000E-39   2.5000E-39   1.00000
FLUX   11    11.40        2.629759E+16   2.5000E-39   2.5000E-39   1.00000
FLUX   12    11.78        2.544928E+16   2.5000E-39   2.5000E-39   1.00000
FLUX   13    12.13        2.471496E+16   2.5000E-39   2.5000E-39   1.00000
FLUX   14    12.48        2.402184E+16   2.5000E-39   2.5000E-39   1.00000
FLUX   15    12.71        2.358714E+16   2.5000E-39   2.5000E-39   1.00000
FLUX   16    12.84        2.334833E+16   2.5000E-39   2.5000E-39   1.00000
FLUX   17    13.05        2.297260E+16   2.5000E-39   2.5000E-39   1.00000
FLUX   18    13.24        2.264294E+16   2.5000E-39   2.5000E-39   1.00000
FLUX   19    13.39        2.238928E+16   2.5000E-39   2.5000E-39   1.00000
FLUX   20    13.66        2.194674E+16   2.5000E-39   2.5000E-39   1.00000
FLUX   21    13.98        2.144439E+16   2.5000E-39   2.5000E-39   1.00000
FLUX   22    14.33        2.092062E+16   2.5000E-39   2.5000E-39   1.00000
FLUX   23    14.72        2.036634E+16   2.5000E-39   2.5000E-39   1.00000
FLUX   24    15.10        1.985381E+16   2.5000E-39   2.5000E-39   1.00000
FLUX   25    15.52        1.931653E+16   2.5000E-39   2.5000E-39   1.00000
FLUX   26    15.88        1.887862E+16   2.5000E-39   2.5000E-39   1.00000
FLUX   27    16.20        1.850571E+16   2.5001E-39   2.5001E-39   1.00000
FLUX   28    16.60        1.805979E+16   2.5061E-39   2.5061E-39   1.00000
FLUX   29    17.03        1.760379E+16   2.6629E-39   2.6633E-39   0.99988
FLUX   30    17.34        1.728907E+16   3.7483E-39   3.7484E-39   0.99998
FLUX   31    17.68        1.695659E+16   1.2361E-38   1.2378E-38   0.99858
FLUX   32    18.02        1.663665E+16   5.7920E-38   5.7922E-38   0.99997
FLUX   33    18.17        1.649931E+16   1.1297E-37   1.1300E-37   0.99978
FLUX   34    18.61        1.610921E+16   7.6019E-37   7.6038E-37   0.99975
FLUX   35    19.10        1.569594E+16   5.7819E-36   5.7821E-36   0.99998
FLUX   36    19.39        1.546119E+16   1.8309E-35   1.8309E-35   0.99998
FLUX   37    19.84        1.511051E+16   1.0320E-34   1.0321E-34   0.99998
FLUX   38    20.18        1.485592E+16   3.6498E-34   3.6499E-34   0.99998
FLUX   39    20.50        1.462402E+16   1.1589E-33   1.1589E-33   0.99998
FLUX   40    21.05        1.424192E+16   7.7548E-33   7.7550E-33   0.99998
FLUX   41    21.62        1.386644E+16   5.0518E-32   5.0519E-32   0.99998
FLUX   42    21.98        1.363933E+16   1.5732E-31   1.5732E-31   0.99999
FLUX   43    22.30        1.344361E+16   4.1811E-31   4.1811E-31   0.99999
FLUX   44    22.68        1.321836E+16   1.2918E-30   1.2918E-30   0.99999
FLUX   45    23.00        1.303446E+16   3.2295E-30   3.2655E-30   0.98898
FLUX   46    23.40        1.281165E+16   9.9689E-30   9.9736E-30   0.99953
FLUX   47    24.00        1.249135E+16   4.9742E-29   4.9745E-29   0.99994
FLUX   48    24.65        1.216197E+16   2.6024E-28   2.6025E-28   0.99994
FLUX   49    25.24        1.187767E+16   1.0868E-27   1.0869E-27   0.99999
FLUX   50    25.68        1.167416E+16   3.0244E-27   3.0255E-27   0.99964
FLUX   51    26.00        1.153048E+16   6.2345E-27   6.2346E-27   0.99999
FLUX   52    26.40        1.135578E+16   1.5019E-26   1.5019E-26   0.99998
FLUX   53    26.85        1.116546E+16   3.9096E-26   3.9097E-26   0.99999
FLUX   54    27.35        1.096133E+16   1.0907E-25   1.0907E-25   0.99993
FLUX   55    27.85        1.076454E+16   2.9368E-25   2.9368E-25   0.99999
FLUX   56    28.40        1.055607E+16   8.3817E-25   8.3817E-25   0.99999
FLUX   57    29.00        1.033767E+16   2.5131E-24   2.5132E-24   0.99998
FLUX   58    29.60        1.012812E+16   7.1967E-24   7.1968E-24   0.99998
FLUX   59    30.10        9.959883E+15   1.6763E-23   1.6764E-23   0.99990
FLUX   60    30.80        9.733523E+15   5.2234E-23   5.2265E-23   0.99942
FLUX   61    31.80        9.427437E+15   2.4278E-22   2.4278E-22   0.99999
FLUX   62    32.80        9.140015E+15   1.0251E-21   1.0258E-21   0.99929
FLUX   63    33.80        8.869601E+15   3.9726E-21   3.9726E-21   0.99999
FLUX   64    34.80        8.614727E+15   1.4219E-20   1.4219E-20   0.99997
FLUX   65    35.70        8.397549E+15   4.2173E-20   4.2209E-20   0.99914
FLUX   66    36.60        8.191052E+15   1.1833E-19   1.1834E-19   0.99989
FLUX   67    37.50        7.994467E+15   3.1514E-19   3.1532E-19   0.99943
FLUX   68    38.50        7.786818E+15   8.8635E-19   8.8665E-19   0.99966
FLUX   69    39.50        7.589683E+15   2.3607E-18   2.3620E-18   0.99943
FLUX   70    40.50        7.402284E+15   5.9856E-18   5.9876E-18   0.99968
FLUX   71    41.40        7.241364E+15   1.3294E-17   1.3296E-17   0.99980
FLUX   72    42.20        7.104087E+15   2.6224E-17   2.6239E-17   0.99940
FLUX   73    43.00        6.971919E+15   5.0368E-17   5.0443E-17   0.99850
FLUX   74    44.10        6.798016E+15   1.1900E-16   1.1906E-16   0.99956
FLUX   75    45.10        6.647284E+15   2.5024E-16   2.5031E-16   0.99975
FLUX   76    46.00        6.517228E+15   4.7467E-16   4.7485E-16   0.99962
FLUX   77    47.00        6.378564E+15   9.3860E-16   9.3886E-16   0.99973
FLUX   78    48.00        6.245677E+15   1.8015E-15   1.8019E-15   0.99978
FLUX   79    49.00        6.118214E+15   3.3645E-15   3.3648E-15   0.99992
FLUX   80    50.00        5.995850E+15   6.1198E-15   6.1199E-15   0.99998
FLUX   81    50.60        5.924753E+15   6.4524E-14   1.1952E-13   0.53985
FLUX   82    51.20        5.855322E+15   1.8226E-13   2.0100E-13   0.90677
FLUX   83    52.00        5.765240E+15   2.6165E-13   2.8543E-13   0.91669
FLUX   84    53.00        5.656462E+15   4.1483E-13   4.3608E-13   0.95127
FLUX   85    54.00        5.551713E+15   5.8894E-13   6.5621E-13   0.89749
FLUX   86    55.00        5.450773E+15   9.5313E-13   9.7374E-13   0.97884
FLUX   87    56.00        5.353437E+15   1.3945E-12   1.4253E-12   0.97838
FLUX   88    57.00        5.259517E+15   2.0468E-12   2.0594E-12   0.99387
FLUX   89    58.00        5.168836E+15   2.7433E-12   3.1305E-12   0.87630
FLUX   90    59.00        5.081229E+15   4.2212E-12   4.3911E-12   0.96131
FLUX   91    60.00        4.996542E+15   5.9518E-12   6.0932E-12   0.97679
FLUX   92    61.00        4.914631E+15   8.3540E-12   8.3690E-12   0.99821
FLUX   93    62.00        4.835363E+15   1.1232E-11   1.1383E-11   0.98673
FLUX   94    63.00        4.758611E+15   1.5263E-11   1.5339E-11   0.99503
FLUX   95    64.00        4.684258E+15   2.0017E-11   2.0496E-11   0.97661
FLUX   96    65.00        4.612192E+15   2.6721E-11   2.7155E-11   0.98402
FLUX   97    65.80        4.556117E+15   3.3717E-11   3.3807E-11   0.99732
FLUX   98    66.50        4.508158E+15   4.0106E-11   4.0784E-11   0.98339
FLUX   99    67.50        4.441370E+15   5.1837E-11   5.2978E-11   0.97848
FLUX  100    68.50        4.376533E+15   6.7134E-11   6.8317E-11   0.98268
FLUX  101    69.50        4.313561E+15   8.6922E-11   8.7479E-11   0.99364
FLUX  102    70.50        4.252376E+15   1.1018E-10   1.1126E-10   0.99029
FLUX  103    71.60        4.187046E+15   1.4175E-10   1.4386E-10   0.98529
FLUX  104    72.60        4.129373E+15   1.7857E-10   1.8055E-10   0.98905
FLUX  105    73.50        4.078809E+15   2.1633E-10   2.2040E-10   0.98153
FLUX  106    74.50        4.024060E+15   2.7046E-10   2.7360E-10   0.98852
FLUX  107    75.50        3.970762E+15   3.3522E-10   3.3776E-10   0.99248
FLUX  108    76.50        3.918856E+15   4.1089E-10   4.1507E-10   0.98994
FLUX  109    77.50        3.868290E+15   5.0462E-10   5.0701E-10   0.99529
FLUX  110    78.50        3.819013E+15   6.1518E-10   6.1623E-10   0.99829
FLUX  111    79.50        3.770975E+15   7.3870E-10   7.4538E-10   0.99104
FLUX  112    80.50        3.724130E+15   8.9117E-10   8.9740E-10   0.99305
FLUX  113    81.50        3.678436E+15   1.0630E-09   1.0756E-09   0.98831
FLUX  114    82.50        3.633848E+15   1.2726E-09   1.2837E-09   0.99140
FLUX  115    83.50        3.590329E+15   1.4950E-09   1.5256E-09   0.97991
FLUX  116    84.50        3.547840E+15   1.7801E-09   1.8058E-09   0.98572
FLUX  117    85.50        3.506345E+15   2.1000E-09   2.1293E-09   0.98624
FLUX  118    86.50        3.465809E+15   2.4752E-09   2.5009E-09   0.98970
FLUX  119    87.50        3.426200E+15   2.8975E-09   2.9266E-09   0.99004
FLUX  120    88.50        3.387486E+15   3.4042E-09   3.4127E-09   0.99751
FLUX  121    89.50        3.349637E+15   3.9523E-09   3.9657E-09   0.99661
FLUX  122    90.50        3.312624E+15   4.4983E-09   4.5929E-09   0.97940
FLUX  123    91.50        3.276421E+15   2.0350E-08   6.2411E-05   0.00033
FLUX  124    92.50        3.241000E+15   1.0254E-07   6.5039E-05   0.00158
FLUX  125    93.50        3.206337E+15   1.9853E-07   6.6163E-05   0.00300
FLUX  126    94.50        3.172407E+15   9.4564E-07   6.6659E-05   0.01419
FLUX  127    95.50        3.139188E+15   4.4508E-06   6.6888E-05   0.06654
FLUX  128    96.50        3.106658E+15   7.1908E-06   6.6750E-05   0.10773
FLUX  129    97.50        3.074795E+15   1.4779E-06   6.6291E-05   0.02229
FLUX  130    98.50        3.043579E+15   1.5393E-05   6.6341E-05   0.23203
FLUX  131    99.50        3.012990E+15   1.7443E-05   6.5760E-05   0.26526
FLUX  132   100.50        2.983010E+15   2.0728E-05   6.4855E-05   0.31960
FLUX  133   101.50        2.953621E+15   1.4794E-05   6.3463E-05   0.23311
FLUX  134   102.50        2.924805E+15   1.0736E-06   6.5806E-05   0.01631
FLUX  135   103.50        2.896546E+15   7.9233E-06   6.6521E-05   0.11911
FLUX  136   104.50        2.868828E+15   2.8387E-05   6.7064E-05   0.42327
FLUX  137   105.50        2.841635E+15   3.3287E-05   6.7687E-05   0.49178
FLUX  138   106.50        2.814953E+15   2.9125E-05   6.8787E-05   0.42341
FLUX  139   107.50        2.788767E+15   3.6741E-05   7.0323E-05   0.52245
FLUX  140   108.50        2.763064E+15   3.3561E-05   7.2019E-05   0.46600
FLUX  141   109.50        2.737831E+15   3.9384E-05   7.3593E-05   0.53516
FLUX  142   110.50        2.713054E+15   3.8116E-05   1.0424E-04   0.36567
FLUX  143   111.50        2.688722E+15   4.4388E-05   1.0571E-04   0.41990
FLUX  144   112.50        2.664822E+15   4.6393E-05   1.0678E-04   0.43446
FLUX  145   113.50        2.641344E+15   5.5781E-05   1.0841E-04   0.51454
FLUX  146   114.50        2.618275E+15   5.1174E-05   1.0893E-04   0.46980
FLUX  147   115.50        2.595606E+15   5.7158E-05   1.0923E-04   0.52327
FLUX  148   116.50        2.573326E+15   6.2887E-05   1.0933E-04   0.57520
FLUX  149   117.50        2.551426E+15   5.6257E-05   1.0953E-04   0.51360
FLUX  150   118.50        2.529894E+15   6.0308E-05   1.1071E-04   0.54473
FLUX  151   119.50        2.508724E+15   2.0916E-05   1.1084E-04   0.18870
FLUX  152   120.50        2.487905E+15   1.5707E-05   1.1093E-04   0.14160
FLUX  153   121.50        2.467428E+15   1.9097E-06   1.1099E-04   0.01721
FLUX  154   122.50        2.447286E+15   1.4327E-05   1.1184E-04   0.12810
FLUX  155   123.50        2.427470E+15   5.6949E-05   1.1187E-04   0.50906
FLUX  156   124.50        2.407972E+15   7.3780E-05   1.1470E-04   0.64326
FLUX  157   125.50        2.388785E+15   7.7568E-05   1.1592E-04   0.66916
FLUX  158   126.50        2.369901E+15   6.1860E-05   1.1647E-04   0.53114
FLUX  159   127.50        2.351314E+15   7.8536E-05   1.1669E-04   0.67301
FLUX  160   128.50        2.333016E+15   8.9073E-05   1.1685E-04   0.76226
FLUX  161   129.50        2.315000E+15   6.3597E-05   1.1693E-04   0.54390
FLUX  162   130.50        2.297261E+15   4.5420E-05   1.1697E-04   0.38829
FLUX  163   131.50        2.279791E+15   8.2791E-05   1.1700E-04   0.70764
FLUX  164   132.50        2.262585E+15   8.5316E-05   1.1702E-04   0.72910
FLUX  165   133.50        2.245637E+15   7.2004E-05   1.1702E-04   0.61530
FLUX  166   134.50        2.228940E+15   9.2209E-05   1.1701E-04   0.78802
FLUX  167   135.50        2.212491E+15   8.9104E-05   1.1699E-04   0.76161
FLUX  168   136.50        2.196282E+15   8.1136E-05   1.1697E-04   0.69366
FLUX  169   137.50        2.180309E+15   8.7888E-05   1.1694E-04   0.75158
FLUX  170   138.50        2.164567E+15   9.0167E-05   1.1690E-04   0.77131
FLUX  171   139.50        2.149050E+15   8.8182E-05   1.1686E-04   0.75457
FLUX  172   140.50        2.133754E+15   9.0372E-05   1.1682E-04   0.77359
FLUX  173   141.50        2.118675E+15   8.6292E-05   1.1678E-04   0.73894
FLUX  174   142.50        2.103807E+15   9.1366E-05   1.1676E-04   0.78251
FLUX  175   143.50        2.089146E+15   8.8952E-05   1.1671E-04   0.76217
FLUX  176   144.20        2.079005E+15   9.6384E-05   1.1667E-04   0.82614
FLUX  177   144.70        2.071821E+15   9.8194E-05   1.1694E-04   0.83973
FLUX  178   145.50        2.060430E+15   9.7010E-05   1.1688E-04   0.82996
FLUX  179   146.50        2.046365E+15   9.3057E-05   1.1682E-04   0.79659
FLUX  180   147.50        2.032492E+15   9.0699E-05   1.1675E-04   0.77686
FLUX  181   148.50        2.018805E+15   9.2144E-05   1.1668E-04   0.78973
FLUX  182   149.50        2.005301E+15   9.6040E-05   1.1660E-04   0.82366
FLUX  183   150.50        1.991977E+15   9.3360E-05   1.1652E-04   0.80121
FLUX  184   151.20        1.982755E+15   8.6925E-05   1.1647E-04   0.74634
FLUX  185   151.70        1.976220E+15   9.3319E-05   1.1647E-04   0.80122
FLUX  186   152.50        1.965852E+15   9.0876E-05   1.1650E-04   0.78004
FLUX  187   153.50        1.953046E+15   8.5181E-05   1.1645E-04   0.73150
FLUX  188   154.50        1.940405E+15   9.2561E-05   1.1636E-04   0.79545
FLUX  189   155.50        1.927926E+15   8.7506E-05   1.1628E-04   0.75256
FLUX  190   156.50        1.915607E+15   8.5808E-05   1.1619E-04   0.73851
FLUX  191   157.50        1.903444E+15   9.0251E-05   1.1610E-04   0.77735
FLUX  192   158.50        1.891435E+15   9.4615E-05   1.1601E-04   0.81559
FLUX  193   159.50        1.879577E+15   9.7145E-05   1.1592E-04   0.83807
FLUX  194   160.50        1.867866E+15   9.3495E-05   1.1582E-04   0.80725
FLUX  195   161.50        1.856300E+15   9.5425E-05   1.1572E-04   0.82460
FLUX  196   162.50        1.844877E+15   9.1557E-05   1.1563E-04   0.79184
FLUX  197   163.50        1.833593E+15   9.5396E-05   1.1553E-04   0.82575
FLUX  198   164.50        1.822447E+15   9.7031E-05   1.1543E-04   0.84063
FLUX  199   165.50        1.811435E+15   8.9183E-05   1.1533E-04   0.77331
FLUX  200   166.50        1.800556E+15   9.7459E-05   1.1523E-04   0.84578
FLUX  201   167.20        1.793017E+15   8.7658E-05   1.1516E-04   0.76118
FLUX  202   167.70        1.787671E+15   9.6350E-05   1.1512E-04   0.83694
FLUX  203   168.50        1.779184E+15   1.0106E-04   1.1505E-04   0.87840
FLUX  204   169.50        1.768687E+15   9.7603E-05   1.1495E-04   0.84912
FLUX  205   170.50        1.758314E+15   9.3566E-05   1.1484E-04   0.81474
FLUX  206   171.50        1.748061E+15   8.8850E-05   1.1474E-04   0.77437
FLUX  207   172.50        1.737928E+15   8.8657E-05   1.1463E-04   0.77339
FLUX  208   173.50        1.727911E+15   9.3539E-05   1.1453E-04   0.81673
FLUX  209   174.50        1.718009E+15   9.2634E-05   1.1442E-04   0.80958
FLUX  210   175.50        1.708219E+15   9.8520E-05   1.1431E-04   0.86183
FLUX  211   176.50        1.698541E+15   8.9967E-05   1.1421E-04   0.78775
FLUX  212   177.50        1.688972E+15   9.4551E-05   1.1410E-04   0.82868
FLUX  213   178.50        1.679510E+15   9.7026E-05   1.1399E-04   0.85118
FLUX  214   179.50        1.670153E+15   1.0172E-04   1.1388E-04   0.89320
FLUX  215   180.50        1.660900E+15   1.0105E-04   1.1377E-04   0.88822
FLUX  216   181.50        1.651749E+15   9.6639E-05   1.1366E-04   0.85024
FLUX  217   182.50        1.642699E+15   9.7845E-05   1.1355E-04   0.86168
FLUX  218   183.50        1.633747E+15   9.5640E-05   1.1345E-04   0.84301
FLUX  219   184.50        1.624892E+15   9.1192E-05   1.1335E-04   0.80452
FLUX  220   185.50        1.616132E+15   8.8028E-05   1.1325E-04   0.77729
FLUX  221   186.50        1.607466E+15   9.0919E-05   1.1315E-04   0.80354
FLUX  222   187.50        1.598893E+15   9.9757E-05   1.1305E-04   0.88244
FLUX  223   188.50        1.590411E+15   9.4527E-05   1.1294E-04   0.83694
FLUX  224   189.50        1.582018E+15   9.1287E-05   1.1284E-04   0.80900
FLUX  225   190.50        1.573714E+15   9.6305E-05   1.1274E-04   0.85425
FLUX  226   191.50        1.565496E+15   9.4086E-05   1.1270E-04   0.83483
FLUX  227   192.50        1.557364E+15   9.3728E-05   1.1260E-04   0.83242
FLUX  228   193.50        1.549315E+15   9.6576E-05   1.1249E-04   0.85851
FLUX  229   194.50        1.541350E+15   9.8183E-05   1.1239E-04   0.87360
FLUX  230   195.50        1.533465E+15   9.4329E-05   1.1228E-04   0.84008
FLUX  231   196.70        1.524110E+15   1.0121E-04   1.1217E-04   0.90231
FLUX  232   197.60        1.517168E+15   1.0422E-04   1.1208E-04   0.92988
FLUX  233   198.40        1.511051E+15   9.9907E-05   1.1201E-04   0.89191
FLUX  234   199.50        1.502719E+15   9.7442E-05   1.1191E-04   0.87075
FLUX  235   200.50        1.495224E+15   1.0053E-04   1.1181E-04   0.89915
FLUX  236   201.50        1.487804E+15   9.6380E-05   1.1170E-04   0.86282
FLUX  237   202.50        1.480457E+15   1.0267E-04   1.1160E-04   0.91998
FLUX  238   203.50        1.473182E+15   9.8464E-05   1.1150E-04   0.88307
FLUX  239   204.50        1.465978E+15   1.0078E-04   1.1140E-04   0.90463
FLUX  240   205.50        1.458844E+15   9.7108E-05   1.1130E-04   0.87250
FLUX  241   206.50        1.451780E+15   9.9277E-05   1.1120E-04   0.89281
FLUX  242   207.40        1.445480E+15   1.0238E-04   1.1110E-04   0.92151
FLUX  243   207.80        1.442697E+15   9.9693E-05   1.1107E-04   0.89761
FLUX  244   208.50        1.437854E+15   1.0252E-04   1.1099E-04   0.92363
FLUX  245   209.50        1.430990E+15   9.8389E-05   1.1089E-04   0.88726
FLUX  246   210.50        1.424192E+15   9.9788E-05   1.1079E-04   0.90071
FLUX  247   211.50        1.417459E+15   1.0041E-04   1.1068E-04   0.90716
FLUX  248   212.50        1.410788E+15   1.0182E-04   1.1058E-04   0.92081
FLUX  249   213.50        1.404180E+15   9.6560E-05   1.1048E-04   0.87403
FLUX  250   214.50        1.397634E+15   9.9548E-05   1.1037E-04   0.90192
FLUX  251   215.50        1.391148E+15   1.0243E-04   1.1027E-04   0.92891
FLUX  252   216.50        1.384723E+15   9.9765E-05   1.1016E-04   0.90560
FLUX  253   217.50        1.378356E+15   9.9442E-05   1.1006E-04   0.90353
FLUX  254   218.50        1.372048E+15   9.7762E-05   1.0995E-04   0.88912
FLUX  255   219.50        1.365797E+15   1.0117E-04   1.0985E-04   0.92097
FLUX  256   220.50        1.359603E+15   9.9431E-05   1.0974E-04   0.90602
FLUX  257   221.50        1.353465E+15   9.6690E-05   1.0964E-04   0.88189
FLUX  258   222.50        1.347382E+15   9.3679E-05   1.0953E-04   0.85525
FLUX  259   223.50        1.341353E+15   9.9580E-05   1.0943E-04   0.91000
FLUX  260   224.50        1.335379E+15   9.5285E-05   1.0932E-04   0.87159
FLUX  261   225.50        1.329457E+15   9.3489E-05   1.0922E-04   0.85599
FLUX  262   226.50        1.323587E+15   9.5963E-05   1.0911E-04   0.87948
FLUX  263   227.50        1.317769E+15   9.8516E-05   1.0901E-04   0.90376
FLUX  264   228.50        1.312002E+15   1.0005E-04   1.0890E-04   0.91870
FLUX  265   229.50        1.306285E+15   9.7485E-05   1.0880E-04   0.89603
FLUX  266   230.50        1.300618E+15   9.5173E-05   1.0869E-04   0.87564
FLUX  267   231.50        1.295000E+15   9.2469E-05   1.0858E-04   0.85159
FLUX  268   232.50        1.289430E+15   9.2698E-05   1.0848E-04   0.85454
FLUX  269   233.50        1.283908E+15   8.9563E-05   1.0837E-04   0.82644
FLUX  270   234.50        1.278433E+15   8.8313E-05   1.0827E-04   0.81570
FLUX  271   235.50        1.273004E+15   9.1667E-05   1.0816E-04   0.84751
FLUX  272   236.50        1.267622E+15   8.7836E-05   1.0805E-04   0.81289
FLUX  273   237.50        1.262284E+15   8.9719E-05   1.0795E-04   0.83112
FLUX  274   238.50        1.256992E+15   8.5715E-05   1.0784E-04   0.79481
FLUX  275   239.50        1.251743E+15   9.1392E-05   1.0774E-04   0.84829
FLUX  276   240.50        1.246538E+15   8.8205E-05   1.0763E-04   0.81952
FLUX  277   241.50        1.241377E+15   8.9783E-05   1.0752E-04   0.83500
FLUX  278   242.50        1.236258E+15   9.2588E-05   1.0742E-04   0.86194
FLUX  279   243.50        1.231181E+15   8.9345E-05   1.0731E-04   0.83258
FLUX  280   244.50        1.226145E+15   9.3897E-05   1.0720E-04   0.87587
FLUX  281   245.50        1.221151E+15   9.2109E-05   1.0710E-04   0.86005
FLUX  282   246.50        1.216197E+15   9.3060E-05   1.0699E-04   0.86979
FLUX  283   247.50        1.211283E+15   9.0939E-05   1.0688E-04   0.85081
FLUX  284   248.50        1.206408E+15   9.5035E-05   1.0678E-04   0.89002
FLUX  285   249.50        1.201573E+15   9.3095E-05   1.0667E-04   0.87273
FLUX  286   250.50        1.196776E+15   9.6757E-05   1.0656E-04   0.90797
FLUX  287   251.30        1.192967E+15   9.2416E-05   1.0648E-04   0.86792
FLUX  288   251.80        1.190598E+15   9.4692E-05   1.0643E-04   0.88974
FLUX  289   252.50        1.187297E+15   9.1206E-05   1.0635E-04   0.85759
FLUX  290   253.50        1.182613E+15   9.2091E-05   1.0625E-04   0.86674
FLUX  291   254.50        1.177967E+15   9.0711E-05   1.0615E-04   0.85456
FLUX  292   255.50        1.173356E+15   9.3646E-05   1.0605E-04   0.88305
FLUX  293   256.50        1.168782E+15   9.3350E-05   1.0595E-04   0.88110
FLUX  294   257.50        1.164243E+15   9.7318E-05   1.0584E-04   0.91944
FLUX  295   258.50        1.159739E+15   9.7045E-05   1.0574E-04   0.91774
FLUX  296   259.50        1.155270E+15   9.7723E-05   1.0564E-04   0.92505
FLUX  297   260.50        1.150835E+15   9.5231E-05   1.0577E-04   0.90039
FLUX  298   261.50        1.146434E+15   9.5438E-05   1.0566E-04   0.90327
FLUX  299   262.50        1.142067E+15   9.6463E-05   1.0555E-04   0.91389
FLUX  300   263.50        1.137732E+15   9.7189E-05   1.0544E-04   0.92171
FLUX  301   264.50        1.133431E+15   1.0072E-04   1.0534E-04   0.95616
FLUX  302   265.50        1.129162E+15   1.0008E-04   1.0523E-04   0.95108
FLUX  303   266.50        1.124925E+15   9.6589E-05   1.0512E-04   0.91882
FLUX  304   267.50        1.120720E+15   9.9368E-05   1.0502E-04   0.94622
FLUX  305   268.50        1.116546E+15   9.8757E-05   1.0491E-04   0.94136
FLUX  306   269.50        1.112403E+15   9.7597E-05   1.0480E-04   0.93127
FLUX  307   270.50        1.108290E+15   9.8890E-05   1.0469E-04   0.94457
FLUX  308   271.50        1.104208E+15   9.6959E-05   1.0459E-04   0.92708
FLUX  309   272.50        1.100156E+15   9.7312E-05   1.0448E-04   0.93141
FLUX  310   273.50        1.096133E+15   1.0021E-04   1.0437E-04   0.96012
FLUX  311   274.50        1.092140E+15   9.4241E-05   1.0426E-04   0.90388
FLUX  312   275.50        1.088176E+15   9.4236E-05   1.0415E-04   0.90477
FLUX  313   276.50        1.084240E+15   9.6112E-05   1.0405E-04   0.92374
FLUX  314   277.50        1.080333E+15   9.8664E-05   1.0394E-04   0.94925
FLUX  315   278.50        1.076454E+15   9.9130E-05   1.0383E-04   0.95473
FLUX  316   279.50        1.072603E+15   9.3011E-05   1.0372E-04   0.89673
FLUX  317   280.50        1.068779E+15   9.6999E-05   1.0361E-04   0.93615
FLUX  318   281.50        1.064982E+15   9.9916E-05   1.0351E-04   0.96531
FLUX  319   282.50        1.061212E+15   9.9520E-05   1.0340E-04   0.96249
FLUX  320   283.50        1.057469E+15   9.6804E-05   1.0329E-04   0.93719
FLUX  321   284.50        1.053752E+15   9.5684E-05   1.0318E-04   0.92733
FLUX  322   285.50        1.050061E+15   9.6437E-05   1.0308E-04   0.93560
FLUX  323   286.50        1.046396E+15   9.8623E-05   1.0297E-04   0.95781
FLUX  324   287.50        1.042757E+15   9.7504E-05   1.0286E-04   0.94793
FLUX  325   288.50        1.039142E+15   9.8359E-05   1.0275E-04   0.95725
FLUX  326   289.50        1.035553E+15   9.7924E-05   1.0264E-04   0.95401
FLUX  327   291.00        1.030215E+15   1.0044E-04   1.0248E-04   0.98011
FLUX  328   293.00        1.023183E+15   9.9094E-05   1.0227E-04   0.96899
FLUX  329   295.00        1.016246E+15   9.9051E-05   1.0205E-04   0.97063
FLUX  330   297.00        1.009402E+15   9.9332E-05   1.0183E-04   0.97546
FLUX  331   299.00        1.002650E+15   9.9188E-05   1.0161E-04   0.97613
FLUX  332   301.00        9.959884E+14   1.0034E-04   1.0140E-04   0.98961
FLUX  333   303.00        9.894142E+14   1.0032E-04   1.0118E-04   0.99156
FLUX  334   305.00        9.829262E+14   9.9710E-05   1.0096E-04   0.98762
FLUX  335   307.00        9.765228E+14   9.9394E-05   1.0074E-04   0.98663
FLUX  336   309.00        9.702023E+14   9.9811E-05   1.0052E-04   0.99293
FLUX  337   311.00        9.639630E+14   9.8869E-05   1.0030E-04   0.98572
FLUX  338   313.00        9.578035E+14   9.8837E-05   1.0010E-04   0.98743
FLUX  339   315.00        9.517222E+14   9.8942E-05   9.9875E-05   0.99066
FLUX  340   317.00        9.457177E+14   9.8582E-05   9.9657E-05   0.98922
FLUX  341   319.00        9.397884E+14   9.7107E-05   9.9439E-05   0.97656
FLUX  342   321.00        9.339330E+14   9.8028E-05   9.9220E-05   0.98799
FLUX  343   323.00        9.281501E+14   9.7849E-05   9.9001E-05   0.98836
FLUX  344   325.00        9.224385E+14   9.7751E-05   9.8782E-05   0.98957
FLUX  345   327.00        9.167966E+14   9.7846E-05   9.8562E-05   0.99273
FLUX  346   329.00        9.112234E+14   9.7747E-05   9.8342E-05   0.99395
FLUX  347   331.00        9.057175E+14   9.7845E-05   9.8121E-05   0.99718
FLUX  348   333.00        9.002778E+14   9.7383E-05   9.7900E-05   0.99472
FLUX  349   335.00        8.949030E+14   9.6854E-05   9.7678E-05   0.99157
FLUX  350   337.00        8.895920E+14   9.6714E-05   9.7456E-05   0.99239
FLUX  351   339.00        8.843436E+14   9.6438E-05   9.7234E-05   0.99181
FLUX  352   341.00        8.791569E+14   9.6559E-05   9.7011E-05   0.99535
FLUX  353   343.00        8.740306E+14   9.6335E-05   9.6837E-05   0.99482
FLUX  354   345.00        8.689638E+14   9.6163E-05   9.6611E-05   0.99536
FLUX  355   347.00        8.639553E+14   9.5775E-05   9.6385E-05   0.99367
FLUX  356   349.00        8.590043E+14   9.5652E-05   9.6159E-05   0.99473
FLUX  357   351.00        8.541097E+14   9.5656E-05   9.5932E-05   0.99712
FLUX  358   353.00        8.492705E+14   9.5553E-05   9.5705E-05   0.99841
FLUX  359   355.00        8.444859E+14   9.5360E-05   9.5478E-05   0.99876
FLUX  360   357.00        8.397549E+14   9.5131E-05   9.5251E-05   0.99874
FLUX  361   359.00        8.350766E+14   9.4677E-05   9.5024E-05   0.99635
FLUX  362   361.00        8.304501E+14   9.4616E-05   9.4798E-05   0.99808
FLUX  363   363.00        8.258746E+14   9.4329E-05   9.4569E-05   0.99746
FLUX  364   364.00        8.236058E+14   9.4413E-05   9.4457E-05   0.99954
FLUX  365   365.00        8.213493E+14   9.4447E-05   1.7875E-04   0.52839
FLUX  366   367.00        8.168733E+14   9.4443E-05   1.7764E-04   0.53166
FLUX  367   369.00        8.124458E+14   9.2763E-05   1.7791E-04   0.52140
FLUX  368   371.00        8.080660E+14   9.2441E-05   1.7680E-04   0.52285
FLUX  369   373.00        8.037332E+14   9.1988E-05   1.7570E-04   0.52355
FLUX  370   375.00        7.994467E+14   1.0734E-04   1.7461E-04   0.61476
FLUX  371   377.00        7.952056E+14   1.1191E-04   1.7353E-04   0.64493
FLUX  372   379.00        7.910092E+14   1.2641E-04   1.7246E-04   0.73301
FLUX  373   381.00        7.868569E+14   1.3887E-04   1.7139E-04   0.81023
FLUX  374   383.00        7.827480E+14   1.1786E-04   1.7034E-04   0.69192
FLUX  375   385.00        7.786818E+14   1.4786E-04   1.6930E-04   0.87338
FLUX  376   387.00        7.746576E+14   1.5713E-04   1.6827E-04   0.93385
FLUX  377   389.00        7.706748E+14   1.1149E-04   1.6724E-04   0.66667
FLUX  378   391.00        7.667327E+14   1.5816E-04   1.6623E-04   0.95149
FLUX  379   393.00        7.628308E+14   1.5934E-04   1.6522E-04   0.96444
FLUX  380   395.00        7.589683E+14   1.5730E-04   1.6422E-04   0.95785
FLUX  381   397.00        7.551448E+14   1.0927E-04   1.6323E-04   0.66939
FLUX  382   399.00        7.513596E+14   1.5337E-04   1.6225E-04   0.94528
FLUX  383   401.00        7.476122E+14   1.5818E-04   1.6128E-04   0.98080
FLUX  384   403.00        7.439020E+14   1.5275E-04   1.6032E-04   0.95276
FLUX  385   405.00        7.402284E+14   1.5814E-04   1.5936E-04   0.99233
FLUX  386   407.00        7.365909E+14   1.5534E-04   1.5842E-04   0.98058
FLUX  387   409.00        7.329890E+14   1.3780E-04   1.5748E-04   0.87503
FLUX  388   411.00        7.294221E+14   1.1517E-04   1.5656E-04   0.73566
FLUX  389   413.00        7.258898E+14   1.4963E-04   1.5564E-04   0.96140
FLUX  390   415.00        7.223916E+14   1.5221E-04   1.5473E-04   0.98371
FLUX  391   417.00        7.189269E+14   1.5241E-04   1.5383E-04   0.99078
FLUX  392   419.00        7.154952E+14   1.5216E-04   1.5294E-04   0.99489
FLUX  393   421.00        7.120962E+14   1.5156E-04   1.5205E-04   0.99677
FLUX  394   423.00        7.087293E+14   1.5060E-04   1.5118E-04   0.99619
FLUX  395   425.00        7.053941E+14   1.4956E-04   1.5030E-04   0.99506
FLUX  396   427.00        7.020902E+14   1.4746E-04   1.4944E-04   0.98676
FLUX  397   429.00        6.988170E+14   1.4756E-04   1.4858E-04   0.99310
FLUX  398   431.00        6.955742E+14   1.4515E-04   1.4774E-04   0.98250
FLUX  399   433.00        6.923614E+14   1.2492E-04   1.4689E-04   0.85041
FLUX  400   435.00        6.891782E+14   1.1170E-04   1.4606E-04   0.76479
FLUX  401   437.00        6.860240E+14   1.4197E-04   1.4523E-04   0.97752
FLUX  402   439.00        6.828986E+14   1.4050E-04   1.4441E-04   0.97290
FLUX  403   441.00        6.798016E+14   1.4290E-04   1.4360E-04   0.99512
FLUX  404   443.00        6.767325E+14   1.4144E-04   1.4279E-04   0.99053
FLUX  405   445.00        6.736910E+14   1.4166E-04   1.4199E-04   0.99770
FLUX  406   447.00        6.706767E+14   1.3678E-04   1.4120E-04   0.96870
FLUX  407   449.00        6.676893E+14   1.3849E-04   1.4041E-04   0.98634
FLUX  408   451.00        6.647284E+14   1.3924E-04   1.3963E-04   0.99721
FLUX  409   453.00        6.617936E+14   1.3813E-04   1.3886E-04   0.99474
FLUX  410   455.00        6.588846E+14   1.3713E-04   1.3809E-04   0.99308
FLUX  411   457.00        6.560011E+14   1.3711E-04   1.3733E-04   0.99840
FLUX  412   459.00        6.531427E+14   1.3598E-04   1.3657E-04   0.99569
FLUX  413   461.00        6.503091E+14   1.3561E-04   1.3582E-04   0.99845
FLUX  414   463.00        6.475000E+14   1.3417E-04   1.3508E-04   0.99325
FLUX  415   465.00        6.447150E+14   1.3401E-04   1.3434E-04   0.99753
FLUX  416   467.00        6.419540E+14   1.3319E-04   1.3361E-04   0.99683
FLUX  417   469.00        6.392164E+14   1.3257E-04   1.3289E-04   0.99757
FLUX  418   471.00        6.365021E+14   1.3009E-04   1.3217E-04   0.98425
FLUX  419   473.00        6.338108E+14   1.3075E-04   1.3146E-04   0.99462
FLUX  420   475.00        6.311421E+14   1.2985E-04   1.3075E-04   0.99313
FLUX  421   477.00        6.284958E+14   1.2997E-04   1.3005E-04   0.99939
FLUX  422   479.00        6.258716E+14   1.2900E-04   1.2936E-04   0.99726
FLUX  423   481.00        6.232692E+14   1.2761E-04   1.2867E-04   0.99183
FLUX  424   483.00        6.206884E+14   1.2562E-04   1.2798E-04   0.98157
FLUX  425   485.00        6.181289E+14   1.1116E-04   1.2730E-04   0.87316
FLUX  426   487.00        6.155903E+14   9.6451E-05   1.2663E-04   0.76167
FLUX  427   489.00        6.130726E+14   1.2291E-04   1.2596E-04   0.97574
FLUX  428   491.00        6.105753E+14   1.2417E-04   1.2530E-04   0.99093
FLUX  429   493.00        6.080984E+14   1.2210E-04   1.2465E-04   0.97956
FLUX  430   495.00        6.056414E+14   1.2363E-04   1.2399E-04   0.99704
FLUX  431   497.00        6.032042E+14   1.2319E-04   1.2335E-04   0.99871
FLUX  432   499.00        6.007866E+14   1.2234E-04   1.2270E-04   0.99704
FLUX  433   501.00        5.983882E+14   1.1989E-04   1.2207E-04   0.98215
FLUX  434   503.00        5.960089E+14   1.2053E-04   1.2143E-04   0.99257
FLUX  435   505.00        5.936485E+14   1.1860E-04   1.2081E-04   0.98172
FLUX  436   507.00        5.913067E+14   1.1963E-04   1.2018E-04   0.99540
FLUX  437   509.00        5.889833E+14   1.1895E-04   1.1957E-04   0.99487
FLUX  438   511.00        5.866781E+14   1.1806E-04   1.1895E-04   0.99246
FLUX  439   513.00        5.843908E+14   1.1775E-04   1.1835E-04   0.99496
FLUX  440   515.00        5.821214E+14   1.1671E-04   1.1774E-04   0.99123
FLUX  441   517.00        5.798694E+14   1.1632E-04   1.1714E-04   0.99299
FLUX  442   519.00        5.776349E+14   1.1586E-04   1.1655E-04   0.99407
FLUX  443   521.00        5.754175E+14   1.1452E-04   1.1596E-04   0.98762
FLUX  444   523.00        5.732170E+14   1.1450E-04   1.1537E-04   0.99245
FLUX  445   525.00        5.710333E+14   1.1421E-04   1.1479E-04   0.99496
FLUX  446   527.00        5.688662E+14   1.1324E-04   1.1422E-04   0.99147
FLUX  447   529.00        5.667155E+14   1.1335E-04   1.1365E-04   0.99742
FLUX  448   531.00        5.645810E+14   1.1243E-04   1.1308E-04   0.99426
FLUX  449   533.00        5.624625E+14   1.1206E-04   1.1252E-04   0.99593
FLUX  450   535.00        5.603598E+14   1.1140E-04   1.1196E-04   0.99505
FLUX  451   537.00        5.582728E+14   1.1108E-04   1.1140E-04   0.99713
FLUX  452   539.00        5.562013E+14   1.1050E-04   1.1085E-04   0.99685
FLUX  453   541.00        5.541451E+14   1.0980E-04   1.1031E-04   0.99543
FLUX  454   543.00        5.521040E+14   1.0917E-04   1.0976E-04   0.99461
FLUX  455   545.00        5.500780E+14   1.0880E-04   1.0922E-04   0.99607
FLUX  456   547.00        5.480667E+14   1.0810E-04   1.0869E-04   0.99456
FLUX  457   549.00        5.460701E+14   1.0784E-04   1.0816E-04   0.99704
FLUX  458   551.00        5.440880E+14   1.0722E-04   1.0763E-04   0.99610
FLUX  459   553.00        5.421202E+14   1.0685E-04   1.0711E-04   0.99755
FLUX  460   555.00        5.401667E+14   1.0635E-04   1.0659E-04   0.99768
FLUX  461   557.00        5.382271E+14   1.0580E-04   1.0608E-04   0.99740
FLUX  462   559.00        5.363014E+14   1.0533E-04   1.0557E-04   0.99769
FLUX  463   561.00        5.343895E+14   1.0487E-04   1.0506E-04   0.99821
FLUX  464   563.00        5.324911E+14   1.0450E-04   1.0456E-04   0.99943
FLUX  465   565.00        5.306062E+14   1.0340E-04   1.0406E-04   0.99368
FLUX  466   567.00        5.287346E+14   1.0306E-04   1.0356E-04   0.99513
FLUX  467   569.00        5.268761E+14   1.0287E-04   1.0307E-04   0.99802
FLUX  468   571.00        5.250306E+14   1.0248E-04   1.0258E-04   0.99900
FLUX  469   573.00        5.231981E+14   1.0201E-04   1.0210E-04   0.99915
FLUX  470   575.00        5.213783E+14   1.0153E-04   1.0161E-04   0.99912
FLUX  471   577.00        5.195711E+14   1.0105E-04   1.0114E-04   0.99920
FLUX  472   579.00        5.177763E+14   1.0050E-04   1.0066E-04   0.99842
FLUX  473   581.00        5.159940E+14   1.0004E-04   1.0019E-04   0.99852
FLUX  474   583.00        5.142238E+14   9.9609E-05   9.9718E-05   0.99890
FLUX  475   585.00        5.124658E+14   9.9144E-05   9.9253E-05   0.99890
FLUX  476   587.00        5.107198E+14   9.7022E-05   9.8790E-05   0.98210
FLUX  477   589.00        5.089856E+14   9.7974E-05   9.8331E-05   0.99637
FLUX  478   591.00        5.072631E+14   9.7749E-05   9.7876E-05   0.99870
FLUX  479   593.00        5.055523E+14   9.7388E-05   9.7423E-05   0.99964
FLUX  480   595.00        5.038529E+14   9.6522E-05   9.6974E-05   0.99534
FLUX  481   597.00        5.021650E+14   9.6374E-05   9.6528E-05   0.99841
FLUX  482   599.00        5.004883E+14   9.5782E-05   9.6085E-05   0.99685
FLUX  483   601.00        4.988228E+14   9.5594E-05   9.5645E-05   0.99948
FLUX  484   603.00        4.971683E+14   9.5135E-05   9.5208E-05   0.99923
FLUX  485   605.00        4.955248E+14   9.4701E-05   9.4774E-05   0.99923
FLUX  486   607.00        4.938921E+14   9.4257E-05   9.4344E-05   0.99908
FLUX  487   609.00        4.922701E+14   9.3806E-05   9.3917E-05   0.99882
FLUX  488   611.00        4.906588E+14   9.3464E-05   9.3493E-05   0.99969
FLUX  489   613.00        4.890579E+14   9.3027E-05   9.3071E-05   0.99953
FLUX  490   615.00        4.874675E+14   9.2210E-05   9.2653E-05   0.99522
FLUX  491   617.00        4.858874E+14   9.2151E-05   9.2237E-05   0.99907
FLUX  492   619.00        4.843174E+14   9.1786E-05   9.1824E-05   0.99958
FLUX  493   621.00        4.827576E+14   9.1370E-05   9.1414E-05   0.99952
FLUX  494   623.00        4.812079E+14   9.0864E-05   9.1007E-05   0.99844
FLUX  495   625.00        4.796680E+14   9.0181E-05   9.0602E-05   0.99535
FLUX  496   627.00        4.781380E+14   9.0140E-05   9.0200E-05   0.99933
FLUX  497   629.00        4.766176E+14   8.9719E-05   8.9801E-05   0.99908
FLUX  498   631.00        4.751070E+14   8.9229E-05   8.9405E-05   0.99803
FLUX  499   633.00        4.736058E+14   8.8913E-05   8.9011E-05   0.99889
FLUX  500   635.00        4.721142E+14   8.7813E-05   8.8620E-05   0.99089
FLUX  501   637.00        4.706319E+14   8.7679E-05   8.8232E-05   0.99374
FLUX  502   639.00        4.691588E+14   8.7710E-05   8.7846E-05   0.99845
FLUX  503   641.00        4.676950E+14   8.7260E-05   8.7462E-05   0.99769
FLUX  504   643.00        4.662403E+14   8.7024E-05   8.7082E-05   0.99934
FLUX  505   645.00        4.647946E+14   8.6500E-05   8.6703E-05   0.99765
FLUX  506   647.00        4.633578E+14   8.6244E-05   8.6328E-05   0.99903
FLUX  507   649.00        4.619299E+14   8.5721E-05   8.5954E-05   0.99729
FLUX  508   651.00        4.605107E+14   8.5066E-05   8.5583E-05   0.99395
FLUX  509   653.00        4.591003E+14   8.4122E-05   8.5215E-05   0.98717
FLUX  510   655.00        4.576985E+14   7.8503E-05   8.4849E-05   0.92520
FLUX  511   657.00        4.563052E+14   6.7698E-05   8.4485E-05   0.80130
FLUX  512   659.00        4.549203E+14   8.2010E-05   8.4124E-05   0.97487
FLUX  513   661.00        4.535439E+14   8.3227E-05   8.3765E-05   0.99357
FLUX  514   663.00        4.521757E+14   8.3159E-05   8.3408E-05   0.99701
FLUX  515   665.00        4.508158E+14   8.2984E-05   8.3062E-05   0.99906
FLUX  516   667.00        4.494640E+14   8.2246E-05   8.2709E-05   0.99440
FLUX  517   669.00        4.481203E+14   8.1943E-05   8.2359E-05   0.99495
FLUX  518   671.00        4.467846E+14   8.1929E-05   8.2011E-05   0.99900
FLUX  519   673.00        4.454569E+14   8.1593E-05   8.1665E-05   0.99912
FLUX  520   675.00        4.441370E+14   8.1260E-05   8.1322E-05   0.99925
FLUX  521   677.00        4.428250E+14   8.0945E-05   8.0980E-05   0.99956
FLUX  522   679.00        4.415206E+14   8.0534E-05   8.0641E-05   0.99868
FLUX  523   681.00        4.402239E+14   8.0228E-05   8.0304E-05   0.99906
FLUX  524   683.00        4.389348E+14   7.9821E-05   7.9969E-05   0.99815
FLUX  525   685.00        4.376533E+14   7.9563E-05   7.9636E-05   0.99908
FLUX  526   687.00        4.363792E+14   7.9247E-05   7.9306E-05   0.99926
FLUX  527   689.00        4.351125E+14   7.8927E-05   7.8977E-05   0.99937
FLUX  528   691.00        4.338531E+14   7.8588E-05   7.8650E-05   0.99920
FLUX  529   693.00        4.326010E+14   7.8151E-05   7.8326E-05   0.99777
FLUX  530   695.00        4.313561E+14   7.7952E-05   7.8004E-05   0.99933
FLUX  531   697.00        4.301184E+14   7.7646E-05   7.7684E-05   0.99952
FLUX  532   699.00        4.288877E+14   7.7333E-05   7.7366E-05   0.99958
FLUX  533   701.00        4.276640E+14   7.6971E-05   7.7049E-05   0.99898
FLUX  534   703.00        4.264474E+14   7.6684E-05   7.6735E-05   0.99933
FLUX  535   705.00        4.252376E+14   7.6201E-05   7.6423E-05   0.99710
FLUX  536   707.00        4.240346E+14   7.5554E-05   7.6112E-05   0.99266
FLUX  537   709.00        4.228385E+14   7.5779E-05   7.5804E-05   0.99967
FLUX  538   711.00        4.216491E+14   7.5398E-05   7.5497E-05   0.99869
FLUX  539   713.00        4.204663E+14   7.5118E-05   7.5192E-05   0.99901
FLUX  540   715.00        4.192902E+14   7.4830E-05   7.4890E-05   0.99920
FLUX  541   717.00        4.181206E+14   7.4541E-05   7.4588E-05   0.99937
FLUX  542   719.00        4.169576E+14   7.4264E-05   7.4289E-05   0.99965
FLUX  543   721.00        4.158010E+14   7.3969E-05   7.3992E-05   0.99969
FLUX  544   723.00        4.146508E+14   7.3433E-05   7.3696E-05   0.99643
FLUX  545   725.00        4.135069E+14   7.3326E-05   7.3402E-05   0.99896
FLUX  546   727.00        4.123693E+14   7.3090E-05   7.3110E-05   0.99972
FLUX  547   729.00        4.112380E+14   7.2636E-05   7.2820E-05   0.99747
FLUX  548   731.00        4.101129E+14   7.2508E-05   7.2532E-05   0.99967
FLUX  549   733.00        4.089939E+14   7.2221E-05   7.2245E-05   0.99967
FLUX  550   735.00        4.078809E+14   7.1955E-05   7.1960E-05   0.99993
FLUX  551   737.00        4.067741E+14   7.1669E-05   7.1677E-05   0.99989
FLUX  552   739.00        4.056732E+14   7.1387E-05   7.1395E-05   0.99989
FLUX  553   741.00        4.045783E+14   7.1101E-05   7.1115E-05   0.99980
FLUX  554   743.00        4.034892E+14   7.0731E-05   7.0837E-05   0.99851
FLUX  555   745.00        4.024060E+14   7.0508E-05   7.0561E-05   0.99924
FLUX  556   747.00        4.013286E+14   7.0152E-05   7.0286E-05   0.99809
FLUX  557   749.00        4.002570E+14   6.9935E-05   7.0013E-05   0.99889
FLUX  558   751.00        3.991911E+14   6.9676E-05   6.9741E-05   0.99907
FLUX  559   753.00        3.981308E+14   6.9441E-05   6.9471E-05   0.99957
FLUX  560   755.00        3.970762E+14   6.9174E-05   6.9202E-05   0.99959
FLUX  561   757.00        3.960271E+14   6.8915E-05   6.8935E-05   0.99971
FLUX  562   759.00        3.949835E+14   6.8629E-05   6.8670E-05   0.99941
FLUX  563   761.00        3.939455E+14   6.8401E-05   6.8406E-05   0.99993
FLUX  564   763.00        3.929128E+14   6.8130E-05   6.8143E-05   0.99980
FLUX  565   765.00        3.918856E+14   6.7853E-05   6.7882E-05   0.99957
FLUX  566   767.00        3.908638E+14   6.7602E-05   6.7623E-05   0.99968
FLUX  567   769.00        3.898472E+14   6.7336E-05   6.7365E-05   0.99957
FLUX  568   771.00        3.888359E+14   6.7086E-05   6.7109E-05   0.99966
FLUX  569   773.00        3.878299E+14   6.6827E-05   6.6854E-05   0.99961
FLUX  570   775.00        3.868290E+14   6.6572E-05   6.6600E-05   0.99959
FLUX  571   777.00        3.858333E+14   6.5689E-05   6.6348E-05   0.99007
FLUX  572   779.00        3.848427E+14   6.6070E-05   6.6097E-05   0.99959
FLUX  573   781.00        3.838572E+14   6.5840E-05   6.5848E-05   0.99987
FLUX  574   783.00        3.828768E+14   6.5587E-05   6.5600E-05   0.99979
FLUX  575   785.00        3.819013E+14   6.5153E-05   6.5359E-05   0.99684
FLUX  576   787.00        3.809307E+14   6.4919E-05   6.5114E-05   0.99699
FLUX  577   789.00        3.799651E+14   6.4559E-05   6.4871E-05   0.99519
FLUX  578   791.00        3.790044E+14   6.4585E-05   6.4628E-05   0.99933
FLUX  579   793.00        3.780485E+14   6.4375E-05   6.4388E-05   0.99980
FLUX  580   795.00        3.770975E+14   6.3959E-05   6.4148E-05   0.99705
FLUX  581   797.00        3.761512E+14   6.3889E-05   6.3910E-05   0.99967
FLUX  582   799.00        3.752096E+14   6.3349E-05   6.3673E-05   0.99490
FLUX  583   801.00        3.742728E+14   6.3422E-05   6.3438E-05   0.99975
FLUX  584   803.00        3.733406E+14   6.3176E-05   6.3203E-05   0.99956
FLUX  585   805.00        3.724130E+14   6.2934E-05   6.2971E-05   0.99942
FLUX  586   807.00        3.714901E+14   6.2720E-05   6.2739E-05   0.99970
FLUX  587   809.00        3.705717E+14   6.2476E-05   6.2509E-05   0.99947
FLUX  588   811.00        3.696578E+14   6.2236E-05   6.2280E-05   0.99930
FLUX  589   813.00        3.687485E+14   6.2012E-05   6.2052E-05   0.99936
FLUX  590   815.00        3.678436E+14   6.1799E-05   6.1826E-05   0.99958
FLUX  591   817.00        3.669431E+14   6.1586E-05   6.1600E-05   0.99977
FLUX  592   819.00        3.660470E+14   6.1312E-05   6.1377E-05   0.99896
FLUX  593   821.00        3.651553E+14   6.0982E-05   6.8069E-05   0.89588
FLUX  594   823.00        3.642679E+14   6.0685E-05   6.7805E-05   0.89500
FLUX  595   825.00        3.633848E+14   6.0729E-05   6.7542E-05   0.89912
FLUX  596   827.00        3.625060E+14   6.0539E-05   6.7288E-05   0.89970
FLUX  597   829.00        3.616315E+14   6.0276E-05   6.7029E-05   0.89925
FLUX  598   831.00        3.607611E+14   6.0141E-05   6.6771E-05   0.90071
FLUX  599   833.00        3.598950E+14   5.9925E-05   6.6514E-05   0.90093
FLUX  600   835.00        3.590329E+14   5.9697E-05   6.6259E-05   0.90096
FLUX  601   837.00        3.581750E+14   5.9485E-05   6.6006E-05   0.90120
FLUX  602   839.00        3.573212E+14   5.9303E-05   6.5754E-05   0.90190
FLUX  603   841.00        3.564715E+14   5.8989E-05   6.5503E-05   0.90056
FLUX  604   843.00        3.556257E+14   5.8697E-05   6.5254E-05   0.89952
FLUX  605   845.00        3.547840E+14   5.8140E-05   6.5006E-05   0.89438
FLUX  606   847.00        3.539463E+14   5.7777E-05   6.4760E-05   0.89217
FLUX  607   849.00        3.531125E+14   5.8163E-05   6.4515E-05   0.90155
FLUX  608   851.00        3.522826E+14   5.6830E-05   6.4271E-05   0.88422
FLUX  609   853.00        3.514566E+14   5.8199E-05   6.4029E-05   0.90894
FLUX  610   855.00        3.506345E+14   5.5109E-05   6.3788E-05   0.86393
FLUX  611   857.00        3.498162E+14   5.8615E-05   6.3549E-05   0.92236
FLUX  612   859.00        3.490017E+14   5.5746E-05   6.3311E-05   0.88050
FLUX  613   861.00        3.481911E+14   5.5006E-05   6.3075E-05   0.87208
FLUX  614   863.00        3.473841E+14   5.9046E-05   6.2839E-05   0.93964
FLUX  615   865.00        3.465809E+14   5.7241E-05   6.2606E-05   0.91431
FLUX  616   867.00        3.457814E+14   5.1070E-05   6.2373E-05   0.81878
FLUX  617   869.00        3.449856E+14   5.8387E-05   6.2142E-05   0.93958
FLUX  618   871.00        3.441935E+14   5.9786E-05   6.1912E-05   0.96567
FLUX  619   873.00        3.434049E+14   5.8059E-05   6.1683E-05   0.94125
FLUX  620   875.00        3.426200E+14   4.9396E-05   6.1456E-05   0.80376
FLUX  621   877.00        3.418387E+14   5.6094E-05   6.1229E-05   0.91613
FLUX  622   879.00        3.410609E+14   5.9549E-05   6.1004E-05   0.97615
FLUX  623   881.00        3.402866E+14   5.9872E-05   6.0781E-05   0.98505
FLUX  624   883.00        3.395159E+14   5.8901E-05   6.0558E-05   0.97263
FLUX  625   885.00        3.387486E+14   5.4322E-05   6.0337E-05   0.90030
FLUX  626   887.00        3.379848E+14   4.8441E-05   6.0117E-05   0.80578
FLUX  627   889.00        3.372244E+14   5.7140E-05   5.9898E-05   0.95395
FLUX  628   891.00        3.364674E+14   5.8781E-05   5.9681E-05   0.98491
FLUX  629   893.00        3.357139E+14   5.8835E-05   5.9465E-05   0.98941
FLUX  630   895.00        3.349637E+14   5.8823E-05   5.9250E-05   0.99280
FLUX  631   897.00        3.342168E+14   5.8304E-05   5.9036E-05   0.98761
FLUX  632   899.00        3.334733E+14   5.6516E-05   5.8823E-05   0.96079
FLUX  633   901.00        3.327331E+14   4.8141E-05   5.8611E-05   0.82135
FLUX  634   903.00        3.319961E+14   5.1384E-05   5.8401E-05   0.87986
FLUX  635   905.00        3.312624E+14   5.6650E-05   5.8191E-05   0.97351
FLUX  636   907.00        3.305320E+14   5.7091E-05   5.7983E-05   0.98461
FLUX  637   909.00        3.298047E+14   5.7147E-05   5.7776E-05   0.98912
FLUX  638   911.00        3.290807E+14   5.7249E-05   5.7570E-05   0.99443
FLUX  639   913.00        3.283598E+14   5.7070E-05   5.7365E-05   0.99487
FLUX  640   915.00        3.276421E+14   5.6921E-05   5.7161E-05   0.99581
FLUX  641   917.00        3.269275E+14   5.6480E-05   5.6958E-05   0.99161
FLUX  642   919.00        3.262160E+14   5.5701E-05   5.6756E-05   0.98140
FLUX  643   921.00        3.255076E+14   5.3044E-05   5.6556E-05   0.93791
FLUX  644   923.00        3.248023E+14   4.4575E-05   5.6356E-05   0.79095
FLUX  645   925.00        3.241000E+14   5.1818E-05   5.6158E-05   0.92273
FLUX  646   927.00        3.234008E+14   5.4263E-05   5.5960E-05   0.96967
FLUX  647   929.00        3.227045E+14   5.5269E-05   5.5764E-05   0.99113
FLUX  648   931.00        3.220113E+14   5.5297E-05   5.5568E-05   0.99511
FLUX  649   933.00        3.213210E+14   5.5191E-05   5.5374E-05   0.99669
FLUX  650   935.00        3.206337E+14   5.5111E-05   5.5181E-05   0.99873
FLUX  651   937.00        3.199493E+14   5.4936E-05   5.4988E-05   0.99904
FLUX  652   939.00        3.192678E+14   5.4701E-05   5.4797E-05   0.99825
FLUX  653   941.00        3.185893E+14   5.4128E-05   5.4607E-05   0.99123
FLUX  654   943.00        3.179136E+14   5.4354E-05   5.4418E-05   0.99883
FLUX  655   945.00        3.172407E+14   5.4130E-05   5.4229E-05   0.99817
FLUX  656   947.00        3.165707E+14   5.3760E-05   5.4042E-05   0.99479
FLUX  657   949.00        3.159036E+14   5.3449E-05   5.3856E-05   0.99245
FLUX  658   951.00        3.152392E+14   5.2566E-05   5.3670E-05   0.97943
FLUX  659   953.00        3.145776E+14   4.9516E-05   5.3486E-05   0.92577
FLUX  660   955.00        3.139188E+14   4.2532E-05   5.3303E-05   0.79793
FLUX  661   957.00        3.132628E+14   5.0035E-05   5.3120E-05   0.94192
FLUX  662   959.00        3.126095E+14   5.2119E-05   5.2939E-05   0.98451
FLUX  663   961.00        3.119589E+14   5.2383E-05   5.2758E-05   0.99290
FLUX  664   963.00        3.113110E+14   5.2014E-05   5.2578E-05   0.98928
FLUX  665   965.00        3.106658E+14   5.2353E-05   5.2399E-05   0.99912
FLUX  666   967.00        3.100233E+14   5.2117E-05   5.2222E-05   0.99801
FLUX  667   969.00        3.093834E+14   5.2005E-05   5.2045E-05   0.99924
FLUX  668   971.00        3.087461E+14   5.1838E-05   5.1869E-05   0.99941
FLUX  669   973.00        3.081115E+14   5.1685E-05   5.1693E-05   0.99983
FLUX  670   975.00        3.074795E+14   5.1487E-05   5.1519E-05   0.99938
FLUX  671   977.00        3.068500E+14   5.1344E-05   5.1346E-05   0.99997
FLUX  672   979.00        3.062232E+14   5.1162E-05   5.1173E-05   0.99977
FLUX  673   981.00        3.055989E+14   5.0985E-05   5.1002E-05   0.99968
FLUX  674   983.00        3.049771E+14   5.0778E-05   5.0831E-05   0.99896
FLUX  675   985.00        3.043579E+14   5.0633E-05   5.0661E-05   0.99944
FLUX  676   987.00        3.037411E+14   5.0459E-05   5.0492E-05   0.99935
FLUX  677   989.00        3.031269E+14   5.0244E-05   5.0324E-05   0.99842
FLUX  678   991.00        3.025151E+14   5.0087E-05   5.0156E-05   0.99862
FLUX  679   993.00        3.019058E+14   4.9957E-05   4.9990E-05   0.99934
FLUX  680   995.00        3.012990E+14   4.9742E-05   4.9824E-05   0.99835
FLUX  681   997.00        3.006946E+14   4.9478E-05   4.9659E-05   0.99635
FLUX  682   999.00        3.000926E+14   4.9176E-05   4.9495E-05   0.99354
FLUX  683  1002.50        2.990449E+14   4.6192E-05   4.9210E-05   0.93866
FLUX  684  1007.50        2.975608E+14   4.4626E-05   4.8808E-05   0.91432
FLUX  685  1012.50        2.960914E+14   4.7978E-05   4.8410E-05   0.99108
FLUX  686  1017.50        2.946364E+14   4.7940E-05   4.8017E-05   0.99840
FLUX  687  1022.50        2.931956E+14   4.7606E-05   4.7629E-05   0.99953
FLUX  688  1027.50        2.917689E+14   4.7231E-05   4.7245E-05   0.99969
FLUX  689  1032.50        2.903559E+14   4.6800E-05   4.6866E-05   0.99859
FLUX  690  1037.50        2.889566E+14   4.6477E-05   4.6492E-05   0.99967
FLUX  691  1042.50        2.875707E+14   4.6115E-05   4.6123E-05   0.99985
FLUX  692  1047.50        2.861981E+14   4.5730E-05   4.5757E-05   0.99942
FLUX  693  1052.50        2.848385E+14   4.5355E-05   4.5396E-05   0.99910
FLUX  694  1057.50        2.834917E+14   4.5019E-05   4.5039E-05   0.99956
FLUX  695  1062.50        2.821576E+14   4.4677E-05   4.4687E-05   0.99979
FLUX  696  1067.50        2.808361E+14   4.4187E-05   4.4338E-05   0.99661
FLUX  697  1072.50        2.795268E+14   4.3954E-05   4.3993E-05   0.99909
FLUX  698  1077.50        2.782297E+14   4.3630E-05   4.3653E-05   0.99946
FLUX  699  1082.50        2.769446E+14   4.3014E-05   4.3317E-05   0.99302
FLUX  700  1087.50        2.756713E+14   4.2651E-05   4.2984E-05   0.99226
FLUX  701  1092.50        2.744096E+14   3.8164E-05   4.2655E-05   0.89471
FLUX  702  1097.50        2.731595E+14   4.0676E-05   4.2330E-05   0.96092
FLUX  703  1102.50        2.719206E+14   4.1789E-05   4.2009E-05   0.99477
FLUX  704  1107.50        2.706930E+14   4.1671E-05   4.1692E-05   0.99949
FLUX  705  1112.50        2.694764E+14   4.1368E-05   4.1378E-05   0.99976
FLUX  706  1117.50        2.682707E+14   4.1053E-05   4.1067E-05   0.99965
FLUX  707  1122.50        2.670757E+14   4.0751E-05   4.0761E-05   0.99977
FLUX  708  1127.50        2.658913E+14   4.0292E-05   4.0457E-05   0.99592
FLUX  709  1132.50        2.647174E+14   4.0042E-05   4.0157E-05   0.99714
FLUX  710  1137.50        2.635538E+14   3.9848E-05   3.9861E-05   0.99969
FLUX  711  1142.50        2.624004E+14   3.9554E-05   3.9567E-05   0.99966
FLUX  712  1147.50        2.612571E+14   3.9273E-05   3.9277E-05   0.99989
FLUX  713  1152.50        2.601236E+14   3.8986E-05   3.8990E-05   0.99988
FLUX  714  1157.50        2.590000E+14   3.8702E-05   3.8707E-05   0.99989
FLUX  715  1162.50        2.578860E+14   3.8371E-05   3.8426E-05   0.99858
FLUX  716  1167.50        2.567816E+14   3.8098E-05   3.8148E-05   0.99869
FLUX  717  1172.50        2.556866E+14   3.7859E-05   3.7874E-05   0.99962
FLUX  718  1177.50        2.546008E+14   3.7491E-05   3.7602E-05   0.99705
FLUX  719  1182.50        2.535243E+14   3.7321E-05   3.7334E-05   0.99966
FLUX  720  1187.50        2.524568E+14   3.7037E-05   3.7068E-05   0.99918
FLUX  721  1192.50        2.513983E+14   3.6803E-05   3.6805E-05   0.99995
FLUX  722  1197.50        2.503486E+14   3.6476E-05   3.6545E-05   0.99813
FLUX  723  1202.50        2.493077E+14   3.6285E-05   3.6287E-05   0.99992
FLUX  724  1207.50        2.482754E+14   3.6029E-05   3.6033E-05   0.99989
FLUX  725  1212.50        2.472515E+14   3.5774E-05   3.5781E-05   0.99980
FLUX  726  1217.50        2.462361E+14   3.5527E-05   3.5532E-05   0.99987
FLUX  727  1222.50        2.452290E+14   3.5277E-05   3.5285E-05   0.99979
FLUX  728  1227.50        2.442301E+14   3.5030E-05   3.5041E-05   0.99969
FLUX  729  1232.50        2.432393E+14   3.4789E-05   3.4799E-05   0.99972
FLUX  730  1237.50        2.422566E+14   3.4553E-05   3.4560E-05   0.99981
FLUX  731  1242.50        2.412817E+14   3.4322E-05   3.4323E-05   0.99997
FLUX  732  1247.50        2.403146E+14   3.4049E-05   3.4089E-05   0.99884
FLUX  733  1252.50        2.393553E+14   3.3844E-05   3.3857E-05   0.99962
FLUX  734  1257.50        2.384036E+14   3.3600E-05   3.3628E-05   0.99917
FLUX  735  1262.50        2.374594E+14   3.3387E-05   3.3400E-05   0.99960
FLUX  736  1267.50        2.365227E+14   3.3168E-05   3.3176E-05   0.99978
FLUX  737  1272.50        2.355933E+14   3.2856E-05   3.2953E-05   0.99706
FLUX  738  1277.50        2.346712E+14   3.2084E-05   3.2733E-05   0.98019
FLUX  739  1282.50        2.337563E+14   2.9107E-05   3.2515E-05   0.89521
FLUX  740  1287.50        2.328485E+14   3.1875E-05   3.2299E-05   0.98688
FLUX  741  1292.50        2.319478E+14   3.2018E-05   3.2085E-05   0.99792
FLUX  742  1297.50        2.310539E+14   3.1839E-05   3.1873E-05   0.99891
FLUX  743  1302.50        2.301670E+14   3.1663E-05   3.1664E-05   0.99998
FLUX  744  1307.50        2.292868E+14   3.1456E-05   3.1456E-05   0.99997
FLUX  745  1312.50        2.284133E+14   3.1251E-05   3.1251E-05   0.99998
FLUX  746  1317.50        2.275465E+14   3.1021E-05   3.1048E-05   0.99915
FLUX  747  1322.50        2.266862E+14   3.0846E-05   3.0846E-05   0.99998
FLUX  748  1327.50        2.258324E+14   3.0646E-05   3.0647E-05   0.99999
FLUX  749  1332.50        2.249850E+14   3.0449E-05   3.0449E-05   0.99999
FLUX  750  1337.50        2.241439E+14   3.0253E-05   3.0254E-05   0.99999
FLUX  751  1342.50        2.233091E+14   3.0054E-05   3.0060E-05   0.99981
FLUX  752  1347.50        2.224805E+14   2.9864E-05   2.9868E-05   0.99984
FLUX  753  1352.50        2.216580E+14   2.9670E-05   2.9678E-05   0.99971
FLUX  754  1357.50        2.208416E+14   2.9485E-05   2.9490E-05   0.99984
FLUX  755  1362.50        2.200312E+14   2.9298E-05   2.9304E-05   0.99982
FLUX  756  1367.50        2.192267E+14   2.9106E-05   2.9119E-05   0.99953
FLUX  757  1372.50        2.184280E+14   2.8923E-05   2.8936E-05   0.99955
FLUX  758  1377.50        2.176352E+14   2.8753E-05   2.8755E-05   0.99994
FLUX  759  1382.50        2.168481E+14   2.8574E-05   2.8576E-05   0.99994
FLUX  760  1387.50        2.160667E+14   2.8398E-05   2.8398E-05   0.99998
FLUX  761  1392.50        2.152908E+14   2.8219E-05   2.8222E-05   0.99987
FLUX  762  1397.50        2.145206E+14   2.8045E-05   2.8048E-05   0.99990
FLUX  763  1402.50        2.137558E+14   2.7874E-05   2.7875E-05   0.99997
FLUX  764  1407.50        2.129964E+14   2.7701E-05   2.7704E-05   0.99990
FLUX  765  1412.50        2.122425E+14   2.7531E-05   2.7534E-05   0.99987
FLUX  766  1417.50        2.114938E+14   2.7366E-05   2.7366E-05   0.99998
FLUX  767  1422.50        2.107504E+14   2.7199E-05   2.7200E-05   0.99998
FLUX  768  1427.50        2.100123E+14   2.7034E-05   2.7035E-05   0.99999
FLUX  769  1432.50        2.092792E+14   2.6870E-05   2.6871E-05   0.99997
FLUX  770  1437.50        2.085513E+14   2.6707E-05   2.6709E-05   0.99992
FLUX  771  1442.50        2.078284E+14   2.6520E-05   2.6549E-05   0.99893
FLUX  772  1447.50        2.071105E+14   2.6382E-05   2.6390E-05   0.99973
FLUX  773  1452.50        2.063976E+14   2.6221E-05   2.6232E-05   0.99958
FLUX  774  1457.00        2.057601E+14   2.6091E-05   2.6091E-05   0.99999
FLUX  775  1462.00        2.050564E+14   2.5938E-05   2.6695E-05   0.97166
FLUX  776  1467.50        2.042879E+14   2.5779E-05   2.6518E-05   0.97213
FLUX  777  1472.50        2.035942E+14   2.5629E-05   2.6359E-05   0.97231
FLUX  778  1477.50        2.029052E+14   2.5474E-05   2.6201E-05   0.97223
FLUX  779  1482.50        2.022209E+14   2.5338E-05   2.6045E-05   0.97286
FLUX  780  1487.50        2.015412E+14   2.5192E-05   2.5890E-05   0.97303
FLUX  781  1492.50        2.008660E+14   2.5053E-05   2.5736E-05   0.97343
FLUX  782  1497.50        2.001953E+14   2.4905E-05   2.5584E-05   0.97347
FLUX  783  1502.50        1.995291E+14   2.4767E-05   2.5434E-05   0.97380
FLUX  784  1507.50        1.988673E+14   2.4613E-05   2.5284E-05   0.97347
FLUX  785  1512.50        1.982099E+14   2.4476E-05   2.5136E-05   0.97376
FLUX  786  1517.50        1.975568E+14   2.4333E-05   2.4989E-05   0.97374
FLUX  787  1522.50        1.969080E+14   2.4194E-05   2.4844E-05   0.97386
FLUX  788  1527.50        1.962635E+14   2.4031E-05   2.4699E-05   0.97296
FLUX  789  1532.50        1.956232E+14   2.3877E-05   2.4556E-05   0.97234
FLUX  790  1537.50        1.949870E+14   2.3775E-05   2.4414E-05   0.97381
FLUX  791  1542.50        1.943549E+14   2.3538E-05   2.4274E-05   0.96967
FLUX  792  1547.50        1.937270E+14   2.3502E-05   2.4135E-05   0.97380
FLUX  793  1552.50        1.931031E+14   2.3356E-05   2.3996E-05   0.97330
FLUX  794  1557.50        1.924831E+14   2.3001E-05   2.3860E-05   0.96403
FLUX  795  1562.50        1.918672E+14   2.3250E-05   2.3724E-05   0.98001
FLUX  796  1567.50        1.912552E+14   2.2831E-05   2.3589E-05   0.96786
FLUX  797  1572.50        1.906471E+14   2.2502E-05   2.3456E-05   0.95932
FLUX  798  1577.50        1.900428E+14   2.2934E-05   2.3323E-05   0.98329
FLUX  799  1582.50        1.894423E+14   2.2769E-05   2.3192E-05   0.98173
FLUX  800  1587.50        1.888457E+14   2.1693E-05   2.3062E-05   0.94062
FLUX  801  1592.50        1.882527E+14   2.2321E-05   2.2933E-05   0.97329
FLUX  802  1597.50        1.876635E+14   2.2548E-05   2.2805E-05   0.98870
FLUX  803  1605.00        1.867866E+14   2.2142E-05   2.2616E-05   0.97907
FLUX  804  1615.00        1.856300E+14   2.1386E-05   2.2366E-05   0.95617
FLUX  805  1625.00        1.844877E+14   2.2009E-05   2.2121E-05   0.99496
FLUX  806  1635.00        1.833593E+14   2.1396E-05   2.1880E-05   0.97788
FLUX  807  1645.00        1.822447E+14   2.0615E-05   2.1642E-05   0.95253
FLUX  808  1655.00        1.811435E+14   2.1362E-05   2.1409E-05   0.99782
FLUX  809  1665.00        1.800556E+14   2.1153E-05   2.1179E-05   0.99876
FLUX  810  1675.00        1.789806E+14   2.0468E-05   2.0953E-05   0.97685
FLUX  811  1685.00        1.779184E+14   1.9700E-05   2.0731E-05   0.95029
FLUX  812  1695.00        1.768687E+14   2.0465E-05   2.0512E-05   0.99772
FLUX  813  1705.00        1.758314E+14   2.0268E-05   2.0296E-05   0.99861
FLUX  814  1715.00        1.748061E+14   2.0077E-05   2.0084E-05   0.99967
FLUX  815  1725.00        1.737928E+14   1.9799E-05   1.9875E-05   0.99616
FLUX  816  1735.00        1.727911E+14   1.8434E-05   1.9670E-05   0.93717
FLUX  817  1745.00        1.718009E+14   1.9260E-05   1.9468E-05   0.98934
FLUX  818  1755.00        1.708219E+14   1.9255E-05   1.9268E-05   0.99931
FLUX  819  1765.00        1.698541E+14   1.9066E-05   1.9072E-05   0.99966
FLUX  820  1775.00        1.688972E+14   1.8869E-05   1.8879E-05   0.99946
FLUX  821  1785.00        1.679510E+14   1.8683E-05   1.8689E-05   0.99969
FLUX  822  1795.00        1.670153E+14   1.8500E-05   1.8502E-05   0.99992
FLUX  823  1805.00        1.660900E+14   1.8246E-05   1.8317E-05   0.99613
FLUX  824  1815.00        1.651749E+14   1.7090E-05   1.8135E-05   0.94234
FLUX  825  1825.00        1.642699E+14   1.7658E-05   1.7956E-05   0.98336
FLUX  826  1835.00        1.633747E+14   1.7765E-05   1.7780E-05   0.99916
FLUX  827  1845.00        1.624892E+14   1.7604E-05   1.7606E-05   0.99987
FLUX  828  1855.00        1.616132E+14   1.7421E-05   1.7435E-05   0.99920
FLUX  829  1865.00        1.607466E+14   1.7173E-05   1.7266E-05   0.99458
FLUX  830  1875.00        1.598893E+14   1.6115E-05   1.7100E-05   0.94241
FLUX  831  1885.00        1.590411E+14   1.6850E-05   1.6936E-05   0.99494
FLUX  832  1895.00        1.582018E+14   1.6769E-05   1.6774E-05   0.99969
FLUX  833  1905.00        1.573714E+14   1.6606E-05   1.6615E-05   0.99946
FLUX  834  1915.00        1.565496E+14   1.6457E-05   1.6458E-05   0.99991
FLUX  835  1925.00        1.557364E+14   1.6299E-05   1.6304E-05   0.99975
FLUX  836  1935.00        1.549315E+14   1.6051E-05   1.6151E-05   0.99380
FLUX  837  1945.00        1.541350E+14   1.4995E-05   1.6000E-05   0.93717
FLUX  838  1955.00        1.533465E+14   1.5749E-05   1.5852E-05   0.99353
FLUX  839  1965.00        1.525662E+14   1.5705E-05   1.5706E-05   0.99997
FLUX  840  1975.00        1.517937E+14   1.5560E-05   1.5561E-05   0.99993
FLUX  841  1985.00        1.510290E+14   1.5419E-05   1.5419E-05   0.99998
FLUX  842  1995.00        1.502719E+14   1.5279E-05   1.5279E-05   0.99998
FLUX  843  2005.00        1.495224E+14   1.5140E-05   1.5140E-05   0.99999
FLUX  844  2015.00        1.487804E+14   1.5004E-05   1.5004E-05   0.99999
FLUX  845  2025.00        1.480457E+14   1.4869E-05   1.4869E-05   0.99999
FLUX  846  2035.00        1.473182E+14   1.4736E-05   1.4736E-05   0.99998
FLUX  847  2045.00        1.465978E+14   1.4605E-05   1.4605E-05   0.99997
FLUX  848  2055.00        1.458844E+14   1.4469E-05   1.4476E-05   0.99955
FLUX  849  2065.00        1.451780E+14   1.4348E-05   1.4348E-05   0.99998
FLUX  850  2075.00        1.444783E+14   1.4222E-05   1.4222E-05   0.99999
FLUX  851  2085.00        1.437854E+14   1.4098E-05   1.4098E-05   0.99999
FLUX  852  2095.00        1.430990E+14   1.3974E-05   1.3975E-05   0.99993
FLUX  853  2105.00        1.424192E+14   1.3854E-05   1.3854E-05   0.99997
FLUX  854  2115.00        1.417459E+14   1.3727E-05   1.3735E-05   0.99944
FLUX  855  2125.00        1.410788E+14   1.3614E-05   1.3617E-05   0.99983
FLUX  856  2135.00        1.404180E+14   1.3496E-05   1.3500E-05   0.99971
FLUX  857  2145.00        1.397634E+14   1.3381E-05   1.3385E-05   0.99969
FLUX  858  2155.00        1.391148E+14   1.3203E-05   1.3272E-05   0.99479
FLUX  859  2165.00        1.384723E+14   1.2371E-05   1.3160E-05   0.94007
FLUX  860  2175.00        1.378356E+14   1.2930E-05   1.3049E-05   0.99084
FLUX  861  2185.00        1.372048E+14   1.2934E-05   1.2940E-05   0.99955
FLUX  862  2195.00        1.365797E+14   1.2830E-05   1.2832E-05   0.99984
FLUX  863  2205.00        1.359603E+14   1.2725E-05   1.2726E-05   0.99999
FLUX  864  2215.00        1.353465E+14   1.2620E-05   1.2620E-05   0.99994
FLUX  865  2225.00        1.347382E+14   1.2516E-05   1.2516E-05   0.99998
FLUX  866  2235.00        1.341353E+14   1.2414E-05   1.2414E-05   0.99999
FLUX  867  2245.00        1.335379E+14   1.2312E-05   1.2312E-05   0.99999
FLUX  868  2255.00        1.329457E+14   1.2212E-05   1.2212E-05   0.99998
FLUX  869  2265.00        1.323587E+14   1.2113E-05   1.2113E-05   1.00000
FLUX  870  2275.00        1.317769E+14   1.2016E-05   1.2016E-05   0.99999
FLUX  871  2285.00        1.312002E+14   1.1921E-05   1.2040E-05   0.99009
FLUX  872  2295.00        1.306285E+14   1.1826E-05   1.1943E-05   0.99020
FLUX  873  2305.00        1.300618E+14   1.1733E-05   1.1847E-05   0.99033
FLUX  874  2315.00        1.295000E+14   1.1641E-05   1.1753E-05   0.99045
FLUX  875  2325.00        1.289430E+14   1.1550E-05   1.1659E-05   0.99058
FLUX  876  2335.00        1.283908E+14   1.1459E-05   1.1567E-05   0.99068
FLUX  877  2345.00        1.278433E+14   1.1370E-05   1.1476E-05   0.99080
FLUX  878  2355.00        1.273004E+14   1.1282E-05   1.1386E-05   0.99091
FLUX  879  2365.00        1.267622E+14   1.1195E-05   1.1297E-05   0.99099
FLUX  880  2375.00        1.262284E+14   1.1109E-05   1.1209E-05   0.99109
FLUX  881  2385.00        1.256992E+14   1.1024E-05   1.1122E-05   0.99119
FLUX  882  2395.00        1.251743E+14   1.0938E-05   1.1036E-05   0.99119
FLUX  883  2405.00        1.246538E+14   1.0853E-05   1.0951E-05   0.99103
FLUX  884  2415.00        1.241377E+14   1.0769E-05   1.0867E-05   0.99097
FLUX  885  2425.00        1.236258E+14   1.0690E-05   1.0784E-05   0.99129
FLUX  886  2435.00        1.231181E+14   1.0606E-05   1.0701E-05   0.99110
FLUX  887  2445.00        1.226145E+14   1.0522E-05   1.0620E-05   0.99073
FLUX  888  2455.00        1.221151E+14   1.0449E-05   1.0540E-05   0.99134
FLUX  889  2465.00        1.216197E+14   1.0361E-05   1.0461E-05   0.99046
FLUX  890  2475.00        1.211283E+14   1.0283E-05   1.0382E-05   0.99047
FLUX  891  2485.00        1.206408E+14   1.0225E-05   1.0305E-05   0.99222
FLUX  892  2495.00        1.201573E+14   1.0097E-05   1.0228E-05   0.98719
FLUX  893  2505.00        1.196776E+14   1.0077E-05   1.0152E-05   0.99256
FLUX  894  2515.00        1.192018E+14   1.0005E-05   1.0077E-05   0.99282
FLUX  895  2525.00        1.187297E+14   9.8409E-06   1.0003E-05   0.98380
FLUX  896  2535.00        1.182613E+14   9.8503E-06   9.9295E-06   0.99202
FLUX  897  2545.00        1.177967E+14   9.8046E-06   9.8570E-06   0.99469
FLUX  898  2555.00        1.173356E+14   9.7037E-06   9.7852E-06   0.99168
FLUX  899  2565.00        1.168782E+14   9.4987E-06   9.7142E-06   0.97781
FLUX  900  2575.00        1.164243E+14   9.5762E-06   9.6440E-06   0.99297
FLUX  901  2585.00        1.159739E+14   9.5340E-06   9.5746E-06   0.99577
FLUX  902  2595.00        1.155270E+14   9.4619E-06   9.5059E-06   0.99538
FLUX  903  2605.00        1.150835E+14   9.3189E-06   9.4379E-06   0.98739
FLUX  904  2615.00        1.146434E+14   9.0622E-06   9.3707E-06   0.96708
FLUX  905  2625.00        1.142067E+14   8.7238E-06   9.3041E-06   0.93763
FLUX  906  2635.00        1.137732E+14   9.1228E-06   9.2383E-06   0.98749
FLUX  907  2645.00        1.133431E+14   9.1382E-06   9.1732E-06   0.99619
FLUX  908  2655.00        1.129162E+14   9.0795E-06   9.1088E-06   0.99679
FLUX  909  2665.00        1.124925E+14   8.9684E-06   9.0451E-06   0.99153
FLUX  910  2675.00        1.120720E+14   8.6117E-06   8.9820E-06   0.95878
FLUX  911  2685.00        1.116546E+14   8.8417E-06   8.9196E-06   0.99127
FLUX  912  2695.00        1.112403E+14   8.8467E-06   8.8578E-06   0.99875
FLUX  913  2705.00        1.108290E+14   8.7964E-06   8.7967E-06   0.99997
FLUX  914  2715.00        1.104208E+14   8.7360E-06   8.7362E-06   0.99998
FLUX  915  2725.00        1.100156E+14   8.6761E-06   8.6763E-06   0.99998
FLUX  916  2735.00        1.096133E+14   8.6161E-06   8.6170E-06   0.99990
FLUX  917  2745.00        1.092140E+14   8.5160E-06   8.5584E-06   0.99505
FLUX  918  2755.00        1.088176E+14   8.1434E-06   8.5003E-06   0.95801
FLUX  919  2765.00        1.084240E+14   8.2736E-06   8.4429E-06   0.97995
FLUX  920  2775.00        1.080333E+14   8.3671E-06   8.3860E-06   0.99775
FLUX  921  2785.00        1.076454E+14   8.3295E-06   8.3297E-06   0.99998
FLUX  922  2795.00        1.072603E+14   8.2738E-06   8.2739E-06   0.99999
FLUX  923  2805.00        1.068779E+14   8.2186E-06   8.2187E-06   0.99999
FLUX  924  2815.00        1.064982E+14   8.1639E-06   8.1641E-06   0.99998
FLUX  925  2825.00        1.061212E+14   8.1095E-06   8.1100E-06   0.99994
FLUX  926  2835.00        1.057469E+14   8.0554E-06   8.0564E-06   0.99988
FLUX  927  2845.00        1.053752E+14   8.0027E-06   8.0034E-06   0.99992
FLUX  928  2855.00        1.050061E+14   7.9351E-06   7.9508E-06   0.99802
FLUX  929  2865.00        1.046396E+14   7.7779E-06   7.8988E-06   0.98469
FLUX  930  2875.00        1.042757E+14   7.4546E-06   7.8473E-06   0.94995
FLUX  931  2885.00        1.039142E+14   7.7465E-06   7.7963E-06   0.99361
FLUX  932  2895.00        1.035553E+14   7.7394E-06   7.7458E-06   0.99917
FLUX  933  2905.00        1.031988E+14   7.6957E-06   7.6958E-06   0.99999
FLUX  934  2915.00        1.028448E+14   7.6456E-06   7.6463E-06   0.99991
FLUX  935  2925.00        1.024932E+14   7.5971E-06   7.5972E-06   0.99998
FLUX  936  2935.00        1.021440E+14   7.5483E-06   7.5487E-06   0.99994
FLUX  937  2945.00        1.017971E+14   7.5003E-06   7.5006E-06   0.99997
FLUX  938  2955.00        1.014526E+14   7.4529E-06   7.4529E-06   1.00000
FLUX  939  2965.00        1.011105E+14   7.4056E-06   7.4057E-06   0.99999
FLUX  940  2975.00        1.007706E+14   7.3589E-06   7.3589E-06   0.99999
FLUX  941  2985.00        1.004330E+14   7.3126E-06   7.3126E-06   1.00000
FLUX  942  2995.00        1.000977E+14   7.2667E-06   7.2668E-06   0.99999
FLUX  943  3005.00        9.976456E+13   7.2212E-06   7.2213E-06   0.99998
FLUX  944  3015.00        9.943366E+13   7.1756E-06   7.1763E-06   0.99990
FLUX  945  3025.00        9.910496E+13   7.1000E-06   7.1317E-06   0.99555
FLUX  946  3035.00        9.877842E+13   6.7874E-06   7.0875E-06   0.95765
FLUX  947  3045.00        9.845402E+13   6.8537E-06   7.0437E-06   0.97302
FLUX  948  3055.00        9.813175E+13   6.9769E-06   7.0004E-06   0.99665
FLUX  949  3065.00        9.781158E+13   6.9572E-06   6.9574E-06   0.99997
FLUX  950  3075.00        9.749349E+13   6.9147E-06   6.9148E-06   0.99998
FLUX  951  3085.00        9.717747E+13   6.8693E-06   6.8726E-06   0.99952
FLUX  952  3095.00        9.686349E+13   6.8307E-06   6.8308E-06   0.99998
FLUX  953  3105.00        9.655153E+13   6.7893E-06   6.7894E-06   0.99999
FLUX  954  3115.00        9.624157E+13   6.7483E-06   6.7484E-06   0.99999
FLUX  955  3125.00        9.593360E+13   6.7075E-06   6.7077E-06   0.99997
FLUX  956  3135.00        9.562759E+13   6.6673E-06   6.6674E-06   0.99999
FLUX  957  3145.00        9.532353E+13   6.6273E-06   6.6275E-06   0.99997
FLUX  958  3155.00        9.502139E+13   6.5878E-06   6.5879E-06   0.99999
FLUX  959  3165.00        9.472117E+13   6.5484E-06   6.5487E-06   0.99995
FLUX  960  3175.00        9.442283E+13   6.5096E-06   6.5098E-06   0.99998
FLUX  961  3185.00        9.412637E+13   6.4712E-06   6.4712E-06   0.99999
FLUX  962  3195.00        9.383177E+13   6.4330E-06   6.4330E-06   0.99999
FLUX  963  3210.00        9.339330E+13   6.3763E-06   6.3764E-06   0.99999
FLUX  964  3230.00        9.281501E+13   6.3020E-06   6.3020E-06   1.00000
FLUX  965  3250.00        9.224385E+13   6.2288E-06   6.2289E-06   0.99999
FLUX  966  3270.00        9.167966E+13   6.1525E-06   6.1571E-06   0.99926
FLUX  967  3290.00        9.112234E+13   5.8764E-06   6.1124E-06   0.96138
FLUX  968  3310.00        9.057175E+13   5.9555E-06   6.0426E-06   0.98559
FLUX  969  3330.00        9.002778E+13   5.9378E-06   5.9740E-06   0.99394
FLUX  970  3350.00        8.949030E+13   5.8740E-06   5.9065E-06   0.99450
FLUX  971  3370.00        8.895920E+13   5.8087E-06   5.8401E-06   0.99462
FLUX  972  3390.00        8.843436E+13   5.7448E-06   5.7749E-06   0.99479
FLUX  973  3410.00        8.791569E+13   5.6816E-06   5.7108E-06   0.99489
FLUX  974  3430.00        8.740306E+13   5.6193E-06   5.6477E-06   0.99498
FLUX  975  3450.00        8.689638E+13   5.5582E-06   5.5856E-06   0.99510
FLUX  976  3470.00        8.639553E+13   5.4978E-06   5.5246E-06   0.99515
FLUX  977  3490.00        8.590043E+13   5.4383E-06   5.4645E-06   0.99520
FLUX  978  3510.00        8.541097E+13   5.3801E-06   5.4054E-06   0.99531
FLUX  979  3530.00        8.492705E+13   5.3225E-06   5.3473E-06   0.99536
FLUX  980  3550.00        8.444859E+13   5.2657E-06   5.2901E-06   0.99539
FLUX  981  3570.00        8.397549E+13   5.2095E-06   5.2338E-06   0.99536
FLUX  982  3590.00        8.350766E+13   5.1558E-06   5.1784E-06   0.99563
FLUX  983  3610.00        8.304501E+13   5.0997E-06   5.1239E-06   0.99527
FLUX  984  3630.00        8.258746E+13   5.0489E-06   5.0702E-06   0.99579
FLUX  985  3650.00        8.213493E+13   4.9925E-06   5.0174E-06   0.99503
FLUX  986  3670.00        8.168733E+13   4.9460E-06   4.9654E-06   0.99608
FLUX  987  3690.00        8.124458E+13   4.8855E-06   4.9142E-06   0.99416
FLUX  988  3710.00        8.080660E+13   4.8408E-06   4.8638E-06   0.99527
FLUX  989  3730.00        8.037332E+13   4.7183E-06   4.8142E-06   0.98008
FLUX  990  3750.00        7.994467E+13   4.6262E-06   4.7653E-06   0.97081
FLUX  991  3770.00        7.952056E+13   4.6972E-06   4.7172E-06   0.99576
FLUX  992  3790.00        7.910092E+13   4.6555E-06   4.6697E-06   0.99696
FLUX  993  3810.00        7.868569E+13   4.5920E-06   4.6230E-06   0.99328
FLUX  994  3830.00        7.827480E+13   4.5494E-06   4.5770E-06   0.99397
FLUX  995  3850.00        7.786818E+13   4.5209E-06   4.5317E-06   0.99762
FLUX  996  3870.00        7.746576E+13   4.4773E-06   4.4870E-06   0.99784
FLUX  997  3890.00        7.706748E+13   4.4254E-06   4.4430E-06   0.99603
FLUX  998  3910.00        7.667327E+13   4.3464E-06   4.3997E-06   0.98790
FLUX  999  3930.00        7.628308E+13   4.3461E-06   4.3569E-06   0.99751
FLUX 1000  3950.00        7.589683E+13   4.3133E-06   4.3148E-06   0.99965
FLUX 1001  3970.00        7.551448E+13   4.2732E-06   4.2733E-06   0.99997
FLUX 1002  3990.00        7.513596E+13   4.2286E-06   4.2324E-06   0.99909
FLUX 1003  4010.00        7.476122E+13   4.1515E-06   4.1921E-06   0.99031
FLUX 1004  4030.00        7.439020E+13   4.0960E-06   4.1523E-06   0.98645
FLUX 1005  4050.00        7.402284E+13   3.9841E-06   4.1131E-06   0.96864
FLUX 1006  4070.00        7.365909E+13   4.0633E-06   4.0745E-06   0.99726
FLUX 1007  4090.00        7.329890E+13   4.0362E-06   4.0363E-06   0.99997
FLUX 1008  4110.00        7.294221E+13   3.9986E-06   3.9988E-06   0.99997
FLUX 1009  4130.00        7.258898E+13   3.9613E-06   3.9617E-06   0.99990
FLUX 1010  4150.00        7.223916E+13   3.9145E-06   3.9251E-06   0.99728
FLUX 1011  4170.00        7.189269E+13   3.7944E-06   3.8891E-06   0.97565
FLUX 1012  4190.00        7.154952E+13   3.8401E-06   3.8535E-06   0.99652
FLUX 1013  4210.00        7.120962E+13   3.8183E-06   3.8184E-06   0.99997
FLUX 1014  4230.00        7.087293E+13   3.7838E-06   3.7838E-06   0.99999
FLUX 1015  4250.00        7.053941E+13   3.7497E-06   3.7497E-06   0.99999
FLUX 1016  4270.00        7.020902E+13   3.7160E-06   3.7160E-06   1.00000
FLUX 1017  4290.00        6.988170E+13   3.6825E-06   3.6828E-06   0.99992
FLUX 1018  4310.00        6.955742E+13   3.6500E-06   3.6500E-06   0.99999
FLUX 1019  4330.00        6.923614E+13   3.6176E-06   3.6177E-06   0.99999
FLUX 1020  4350.00        6.891782E+13   3.5810E-06   3.5858E-06   0.99866
FLUX 1021  4370.00        6.860240E+13   3.4639E-06   3.5543E-06   0.97458
FLUX 1022  4390.00        6.828986E+13   3.4902E-06   3.5232E-06   0.99064
FLUX 1023  4410.00        6.798016E+13   3.4922E-06   3.4925E-06   0.99990
FLUX 1024  4430.00        6.767325E+13   3.4622E-06   3.4622E-06   0.99999
FLUX 1025  4450.00        6.736910E+13   3.4323E-06   3.4323E-06   1.00000
FLUX 1026  4470.00        6.706767E+13   3.4053E-06   3.4100E-06   0.99862
FLUX 1027  4490.00        6.676893E+13   3.3733E-06   3.3808E-06   0.99777
FLUX 1028  4510.00        6.647284E+13   3.3447E-06   3.3520E-06   0.99782
FLUX 1029  4530.00        6.617936E+13   3.3160E-06   3.3235E-06   0.99776
FLUX 1030  4550.00        6.588846E+13   3.2881E-06   3.2954E-06   0.99780
FLUX 1031  4570.00        6.560011E+13   3.2603E-06   3.2676E-06   0.99776
FLUX 1032  4590.00        6.531427E+13   3.2326E-06   3.2402E-06   0.99764
FLUX 1033  4610.00        6.503091E+13   3.2043E-06   3.2131E-06   0.99726
FLUX 1034  4630.00        6.475000E+13   3.1711E-06   3.1864E-06   0.99519
FLUX 1035  4650.00        6.447150E+13   3.0374E-06   3.1600E-06   0.96121
FLUX 1036  4670.00        6.419540E+13   3.0198E-06   3.1339E-06   0.96360
FLUX 1037  4690.00        6.392164E+13   3.0829E-06   3.1082E-06   0.99187
FLUX 1038  4710.00        6.365021E+13   3.0736E-06   3.0827E-06   0.99705
FLUX 1039  4730.00        6.338108E+13   3.0507E-06   3.0576E-06   0.99774
FLUX 1040  4750.00        6.311421E+13   3.0263E-06   3.0328E-06   0.99786
FLUX 1041  4770.00        6.284958E+13   3.0076E-06   3.0083E-06   0.99979
FLUX 1042  4790.00        6.258716E+13   2.9839E-06   2.9840E-06   0.99997
FLUX 1043  4810.00        6.232692E+13   2.9600E-06   2.9601E-06   0.99997
FLUX 1044  4830.00        6.206884E+13   2.9364E-06   2.9364E-06   0.99997
FLUX 1045  4850.00        6.181289E+13   2.9130E-06   2.9131E-06   0.99997
FLUX 1046  4870.00        6.155903E+13   2.8899E-06   2.8900E-06   0.99997
FLUX 1047  4890.00        6.130726E+13   2.8671E-06   2.8672E-06   0.99997
FLUX 1048  4910.00        6.105753E+13   2.8445E-06   2.8446E-06   0.99997
FLUX 1049  4930.00        6.080984E+13   2.8222E-06   2.8223E-06   0.99997
FLUX 1050  4950.00        6.056414E+13   2.8002E-06   2.8003E-06   0.99997
FLUX 1051  4970.00        6.032042E+13   2.7782E-06   2.7785E-06   0.99990
FLUX 1052  4990.00        6.007866E+13   2.7569E-06   2.7570E-06   0.99997
FLUX 1053  5010.00        5.983882E+13   2.7351E-06   2.7357E-06   0.99979
FLUX 1054  5030.00        5.960089E+13   2.7112E-06   2.7147E-06   0.99871
FLUX 1055  5050.00        5.936485E+13   2.6938E-06   2.6939E-06   0.99997
FLUX 1056  5070.00        5.913067E+13   2.6711E-06   2.6733E-06   0.99916
FLUX 1057  5090.00        5.889833E+13   2.6450E-06   2.6530E-06   0.99699
FLUX 1058  5110.00        5.866781E+13   2.6148E-06   2.6329E-06   0.99310
FLUX 1059  5130.00        5.843908E+13   2.5162E-06   2.6131E-06   0.96292
FLUX 1060  5150.00        5.821214E+13   2.5793E-06   2.5934E-06   0.99457
FLUX 1061  5170.00        5.798694E+13   2.5656E-06   2.5740E-06   0.99673
FLUX 1062  5190.00        5.776349E+13   2.5526E-06   2.5548E-06   0.99915
FLUX 1063  5210.00        5.754175E+13   2.5357E-06   2.5358E-06   0.99997
FLUX 1064  5230.00        5.732170E+13   2.5170E-06   2.5170E-06   0.99997
FLUX 1065  5250.00        5.710333E+13   2.4941E-06   2.4985E-06   0.99826
FLUX 1066  5270.00        5.688662E+13   2.4724E-06   2.4801E-06   0.99691
FLUX 1067  5290.00        5.667155E+13   2.4619E-06   2.4619E-06   0.99997
FLUX 1068  5310.00        5.645810E+13   2.4439E-06   2.4440E-06   0.99998
FLUX 1069  5330.00        5.624625E+13   2.4262E-06   2.4262E-06   0.99998
FLUX 1070  5350.00        5.603598E+13   2.4085E-06   2.4086E-06   0.99997
FLUX 1071  5370.00        5.582728E+13   2.3830E-06   2.3912E-06   0.99654
FLUX 1072  5390.00        5.562013E+13   2.3659E-06   2.3740E-06   0.99658
FLUX 1073  5410.00        5.541451E+13   2.3569E-06   2.3570E-06   0.99997
FLUX 1074  5430.00        5.521040E+13   2.3401E-06   2.3402E-06   0.99998
FLUX 1075  5450.00        5.500780E+13   2.3235E-06   2.3235E-06   0.99998
FLUX 1076  5470.00        5.480667E+13   2.3070E-06   2.3070E-06   0.99998
FLUX 1077  5490.00        5.460701E+13   2.2907E-06   2.2907E-06   0.99997
FLUX 1078  5510.00        5.440880E+13   2.2683E-06   2.2746E-06   0.99723
FLUX 1079  5530.00        5.421202E+13   2.2442E-06   2.2586E-06   0.99363
FLUX 1080  5550.00        5.401667E+13   2.2409E-06   2.2428E-06   0.99911
FLUX 1081  5570.00        5.382271E+13   2.2272E-06   2.2272E-06   0.99998
FLUX 1082  5590.00        5.363014E+13   2.2117E-06   2.2117E-06   0.99998
FLUX 1083  5610.00        5.343895E+13   2.1964E-06   2.1964E-06   0.99998
FLUX 1084  5630.00        5.324911E+13   2.1813E-06   2.1813E-06   0.99999
FLUX 1085  5650.00        5.306062E+13   2.1663E-06   2.1663E-06   0.99999
FLUX 1086  5670.00        5.287346E+13   2.1514E-06   2.1514E-06   0.99998
FLUX 1087  5690.00        5.268761E+13   2.1323E-06   2.1367E-06   0.99793
FLUX 1088  5710.00        5.250306E+13   2.0998E-06   2.1222E-06   0.98946
FLUX 1089  5730.00        5.231981E+13   2.1018E-06   2.1078E-06   0.99714
FLUX 1090  5750.00        5.213783E+13   2.0935E-06   2.0936E-06   0.99998
FLUX 1091  5770.00        5.195711E+13   2.0794E-06   2.0794E-06   0.99999
FLUX 1092  5790.00        5.177763E+13   2.0655E-06   2.0655E-06   0.99999
FLUX 1093  5810.00        5.159940E+13   2.0516E-06   2.0517E-06   0.99999
FLUX 1094  5830.00        5.142238E+13   2.0379E-06   2.0380E-06   0.99997
FLUX 1095  5850.00        5.124658E+13   2.0247E-06   2.0268E-06   0.99897
FLUX 1096  5870.00        5.107198E+13   2.0080E-06   2.0134E-06   0.99736
FLUX 1097  5890.00        5.089856E+13   1.9843E-06   2.0001E-06   0.99213
FLUX 1098  5910.00        5.072631E+13   1.9065E-06   1.9869E-06   0.95956
FLUX 1099  5930.00        5.055523E+13   1.9600E-06   1.9738E-06   0.99300
FLUX 1100  5950.00        5.038529E+13   1.9295E-06   1.9609E-06   0.98396
FLUX 1101  5970.00        5.021650E+13   1.9310E-06   1.9481E-06   0.99119
FLUX 1102  5990.00        5.004883E+13   1.9303E-06   1.9354E-06   0.99732
FLUX 1103  6010.00        4.988228E+13   1.9227E-06   1.9229E-06   0.99990
FLUX 1104  6030.00        4.971683E+13   1.9104E-06   1.9105E-06   0.99997
FLUX 1105  6050.00        4.955248E+13   1.8981E-06   1.8982E-06   0.99998
FLUX 1106  6070.00        4.938921E+13   1.8859E-06   1.8860E-06   0.99998
FLUX 1107  6090.00        4.922701E+13   1.8739E-06   1.8739E-06   0.99998
FLUX 1108  6110.00        4.906588E+13   1.8619E-06   1.8619E-06   0.99998
FLUX 1109  6130.00        4.890579E+13   1.8501E-06   1.8501E-06   0.99998
FLUX 1110  6150.00        4.874675E+13   1.8383E-06   1.8384E-06   0.99998
FLUX 1111  6170.00        4.858874E+13   1.8267E-06   1.8268E-06   0.99998
FLUX 1112  6190.00        4.843174E+13   1.8152E-06   1.8152E-06   0.99998
FLUX 1113  6210.00        4.827576E+13   1.8038E-06   1.8038E-06   0.99998
FLUX 1114  6230.00        4.812079E+13   1.7925E-06   1.7925E-06   0.99997
FLUX 1115  6250.00        4.796680E+13   1.7793E-06   1.7814E-06   0.99887
FLUX 1116  6270.00        4.781380E+13   1.7611E-06   1.7703E-06   0.99481
FLUX 1117  6290.00        4.766176E+13   1.7146E-06   1.7593E-06   0.97459
FLUX 1118  6310.00        4.751070E+13   1.7360E-06   1.7484E-06   0.99293
FLUX 1119  6330.00        4.736058E+13   1.7347E-06   1.7376E-06   0.99831
FLUX 1120  6350.00        4.721142E+13   1.7269E-06   1.7269E-06   0.99997
FLUX 1121  6370.00        4.706319E+13   1.7163E-06   1.7163E-06   0.99998
FLUX 1122  6390.00        4.691588E+13   1.7058E-06   1.7059E-06   0.99998
FLUX 1123  6420.00        4.669665E+13   1.6903E-06   1.6903E-06   0.99998
FLUX 1124  6460.00        4.640751E+13   1.6699E-06   1.6699E-06   0.99998
FLUX 1125  6500.00        4.612192E+13   1.6498E-06   1.6498E-06   0.99998
FLUX 1126  6540.00        4.583983E+13   1.6301E-06   1.6302E-06   0.99998
FLUX 1127  6580.00        4.556117E+13   1.6108E-06   1.6108E-06   0.99998
FLUX 1128  6620.00        4.528588E+13   1.5917E-06   1.5918E-06   0.99992
FLUX 1129  6660.00        4.501389E+13   1.5731E-06   1.5732E-06   0.99998
FLUX 1130  6700.00        4.474515E+13   1.5548E-06   1.5548E-06   0.99997
FLUX 1131  6740.00        4.447960E+13   1.5309E-06   1.5368E-06   0.99617
FLUX 1132  6780.00        4.421718E+13   1.4893E-06   1.5191E-06   0.98040
FLUX 1133  6820.00        4.395784E+13   1.4997E-06   1.5017E-06   0.99872
FLUX 1134  6860.00        4.370153E+13   1.4844E-06   1.4846E-06   0.99992
FLUX 1135  6900.00        4.344819E+13   1.4677E-06   1.4677E-06   0.99998
FLUX 1136  6940.00        4.319777E+13   1.4510E-06   1.4512E-06   0.99990
FLUX 1137  6980.00        4.295021E+13   1.4349E-06   1.4349E-06   0.99998
FLUX 1138  7020.00        4.270548E+13   1.4189E-06   1.4189E-06   0.99998
FLUX 1139  7060.00        4.246353E+13   1.4032E-06   1.4032E-06   0.99997
FLUX 1140  7100.00        4.222430E+13   1.3872E-06   1.3877E-06   0.99959
FLUX 1141  7140.00        4.198774E+13   1.3724E-06   1.3725E-06   0.99993
FLUX 1142  7180.00        4.175383E+13   1.3575E-06   1.3575E-06   0.99998
FLUX 1143  7220.00        4.152251E+13   1.3428E-06   1.3428E-06   0.99998
FLUX 1144  7260.00        4.129373E+13   1.3263E-06   1.3283E-06   0.99853
FLUX 1145  7300.00        4.106747E+13   1.3138E-06   1.3140E-06   0.99980
FLUX 1146  7340.00        4.084366E+13   1.3000E-06   1.3000E-06   0.99998
FLUX 1147  7380.00        4.062229E+13   1.2862E-06   1.2862E-06   0.99997
FLUX 1148  7420.00        4.040330E+13   1.2692E-06   1.2726E-06   0.99730
FLUX 1149  7460.00        4.018666E+13   1.2251E-06   1.2593E-06   0.97286
FLUX 1150  7500.00        3.997233E+13   1.1986E-06   1.2461E-06   0.96190
FLUX 1151  7540.00        3.976028E+13   1.2259E-06   1.2332E-06   0.99408
FLUX 1152  7580.00        3.955046E+13   1.2197E-06   1.2204E-06   0.99937
FLUX 1153  7620.00        3.934285E+13   1.2079E-06   1.2079E-06   0.99998
FLUX 1154  7660.00        3.913740E+13   1.1955E-06   1.1955E-06   0.99997
FLUX 1155  7700.00        3.893409E+13   1.1833E-06   1.1834E-06   0.99998
FLUX 1156  7740.00        3.873288E+13   1.1706E-06   1.1714E-06   0.99934
FLUX 1157  7780.00        3.853374E+13   1.1535E-06   1.1596E-06   0.99479
FLUX 1158  7820.00        3.833664E+13   1.1472E-06   1.1479E-06   0.99932
FLUX 1159  7860.00        3.814154E+13   1.1365E-06   1.1365E-06   0.99998
FLUX 1160  7900.00        3.794842E+13   1.1252E-06   1.1252E-06   0.99998
FLUX 1161  7940.00        3.775724E+13   1.1141E-06   1.1141E-06   0.99998
FLUX 1162  7980.00        3.756798E+13   1.1031E-06   1.1031E-06   0.99998
FLUX 1163  8020.00        3.738061E+13   1.0923E-06   1.0923E-06   0.99998
FLUX 1164  8060.00        3.719510E+13   1.0817E-06   1.0817E-06   0.99998
FLUX 1165  8100.00        3.701142E+13   1.0712E-06   1.0712E-06   0.99997
FLUX 1166  8140.00        3.682955E+13   1.0537E-06   1.0609E-06   0.99329
FLUX 1167  8180.00        3.664945E+13   1.0471E-06   1.0507E-06   0.99664
FLUX 1168  8220.00        3.647111E+13   1.0406E-06   1.0406E-06   0.99998
FLUX 1169  8260.00        3.629449E+13   1.0307E-06   1.0307E-06   0.99999
FLUX 1170  8300.00        3.611958E+13   1.0209E-06   1.0210E-06   0.99999
FLUX 1171  8340.00        3.594634E+13   1.0113E-06   1.0113E-06   0.99999
FLUX 1172  8380.00        3.577476E+13   1.0018E-06   1.0018E-06   0.99998
FLUX 1173  8420.00        3.560481E+13   9.9248E-07   9.9249E-07   0.99999
FLUX 1174  8460.00        3.543647E+13   9.8325E-07   9.8326E-07   0.99999
FLUX 1175  8500.00        3.526971E+13   9.7415E-07   9.7416E-07   0.99999
FLUX 1176  8540.00        3.510451E+13   9.6517E-07   9.6519E-07   0.99999
FLUX 1177  8580.00        3.494085E+13   9.5631E-07   9.5633E-07   0.99998
FLUX 1178  8620.00        3.477871E+13   9.4640E-07   9.4760E-07   0.99874
FLUX 1179  8660.00        3.461807E+13   9.2694E-07   9.3899E-07   0.98717
FLUX 1180  8700.00        3.445891E+13   9.2728E-07   9.3049E-07   0.99656
FLUX 1181  8740.00        3.430120E+13   9.0757E-07   9.2210E-07   0.98424
FLUX 1182  8780.00        3.414493E+13   8.9948E-07   9.1383E-07   0.98430
FLUX 1183  8820.00        3.399008E+13   9.0549E-07   9.0567E-07   0.99980
FLUX 1184  8860.00        3.383662E+13   8.9760E-07   8.9762E-07   0.99998
FLUX 1185  8900.00        3.368455E+13   8.8966E-07   8.8967E-07   0.99999
FLUX 1186  8940.00        3.353384E+13   8.8182E-07   8.8183E-07   0.99999
FLUX 1187  8980.00        3.338447E+13   8.7408E-07   8.7409E-07   0.99999
FLUX 1188  9020.00        3.323642E+13   8.6644E-07   8.6645E-07   0.99999
FLUX 1189  9060.00        3.308968E+13   8.5890E-07   8.5891E-07   0.99998
FLUX 1190  9100.00        3.294423E+13   8.5145E-07   8.5147E-07   0.99998
FLUX 1191  9140.00        3.280005E+13   8.4411E-07   8.4412E-07   0.99998
FLUX 1192  9180.00        3.265713E+13   8.3686E-07   8.3687E-07   0.99998
FLUX 1193  9220.00        3.251546E+13   8.2969E-07   8.2971E-07   0.99998
FLUX 1194  9260.00        3.237500E+13   8.2262E-07   8.2264E-07   0.99997
FLUX 1195  9300.00        3.223575E+13   8.1564E-07   8.1566E-07   0.99997
FLUX 1196  9340.00        3.209770E+13   8.0772E-07   8.0877E-07   0.99870
FLUX 1197  9380.00        3.196082E+13   7.8797E-07   8.0197E-07   0.98255
FLUX 1198  9420.00        3.182511E+13   7.9032E-07   7.9525E-07   0.99380
FLUX 1199  9460.00        3.169054E+13   7.8853E-07   7.8861E-07   0.99990
FLUX 1200  9500.00        3.155710E+13   7.8173E-07   7.8206E-07   0.99959
FLUX 1201  9540.00        3.142479E+13   7.7511E-07   7.7558E-07   0.99939
FLUX 1202  9580.00        3.129358E+13   7.6918E-07   7.6919E-07   0.99998
FLUX 1203  9620.00        3.116346E+13   7.6286E-07   7.6287E-07   0.99999
FLUX 1204  9660.00        3.103442E+13   7.5663E-07   7.5664E-07   0.99999
FLUX 1205  9700.00        3.090644E+13   7.5046E-07   7.5047E-07   0.99998
FLUX 1206  9740.00        3.077952E+13   7.4438E-07   7.4438E-07   0.99999
FLUX 1207  9780.00        3.065363E+13   7.3836E-07   7.3837E-07   0.99998
FLUX 1208  9820.00        3.052877E+13   7.3212E-07   7.3243E-07   0.99958
FLUX 1209  9860.00        3.040492E+13   7.2548E-07   7.2655E-07   0.99853
FLUX 1210  9900.00        3.028207E+13   7.2074E-07   7.2075E-07   0.99998
FLUX 1211  9940.00        3.016021E+13   7.1501E-07   7.1502E-07   0.99999
FLUX 1212  9980.00        3.003933E+13   7.0935E-07   7.0935E-07   0.99999
FLUX 1213 10020.00        2.991941E+13   7.0375E-07   7.0375E-07   0.99999
FLUX 1214 20000.00        1.498962E+13   1.7678E-07   1.7679E-07   1.00000
FLUX 1215 40000.00        7.494812E+12   4.3466E-08   4.3466E-08   1.00000
FLUX 1216 60000.00        4.996542E+12   1.9029E-08   1.9029E-08   1.00000
FLUX 1217 80000.00        3.747406E+12   1.0575E-08   1.0575E-08   1.00000
FLUX 1218100000.00        2.997925E+12   6.7019E-09   6.7019E-09   1.00000
FLUX 1219120000.00        2.498271E+12   4.6169E-09   4.6169E-09   1.00000
FLUX 1220140000.00        2.141375E+12   3.3694E-09   3.3694E-09   1.00000
FLUX 1221160000.00        1.873703E+12   2.5649E-09   2.5649E-09   1.00000
FLUX
