TEFF   6000.  GRAVITY 4.50000 LTE 
TITLE  [ 0.0] VTURB=0  L/H=1.25 NOVER NEW ODF                                   
FLUX    1     9.09        3.298047E+16   2.5000E-39   2.5000E-39   1.00000
FLUX    2     9.35        3.206337E+16   2.5000E-39   2.5000E-39   1.00000
FLUX    3     9.61        3.119589E+16   2.5000E-39   2.5000E-39   1.00000
FLUX    4     9.77        3.068500E+16   2.5000E-39   2.5000E-39   1.00000
FLUX    5     9.96        3.009965E+16   2.5000E-39   2.5000E-39   1.00000
FLUX    6    10.20        2.939142E+16   2.5000E-39   2.5000E-39   1.00000
FLUX    7    10.38        2.888174E+16   2.5000E-39   2.5000E-39   1.00000
FLUX    8    10.56        2.838944E+16   2.5000E-39   2.5000E-39   1.00000
FLUX    9    10.77        2.783589E+16   2.5000E-39   2.5000E-39   1.00000
FLUX   10    11.04        2.715512E+16   2.5000E-39   2.5000E-39   1.00000
FLUX   11    11.40        2.629759E+16   2.5000E-39   2.5000E-39   1.00000
FLUX   12    11.78        2.544928E+16   2.5000E-39   2.5000E-39   1.00000
FLUX   13    12.13        2.471496E+16   2.5000E-39   2.5000E-39   1.00000
FLUX   14    12.48        2.402184E+16   2.5000E-39   2.5000E-39   1.00000
FLUX   15    12.71        2.358714E+16   2.5000E-39   2.5000E-39   1.00000
FLUX   16    12.84        2.334833E+16   2.5000E-39   2.5000E-39   1.00000
FLUX   17    13.05        2.297260E+16   2.5000E-39   2.5000E-39   1.00000
FLUX   18    13.24        2.264294E+16   2.5000E-39   2.5000E-39   1.00000
FLUX   19    13.39        2.238928E+16   2.5000E-39   2.5000E-39   1.00000
FLUX   20    13.66        2.194674E+16   2.5000E-39   2.5000E-39   1.00000
FLUX   21    13.98        2.144439E+16   2.5000E-39   2.5000E-39   1.00000
FLUX   22    14.33        2.092062E+16   2.5000E-39   2.5000E-39   1.00000
FLUX   23    14.72        2.036634E+16   2.5000E-39   2.5000E-39   1.00000
FLUX   24    15.10        1.985381E+16   2.3057-106   2.3057-106   0.99998
FLUX   25    15.52        1.931653E+16   1.4653-103   1.4653-103   0.99998
FLUX   26    15.88        1.887862E+16   2.8094-101   2.8095-101   0.99998
FLUX   27    16.20        1.850571E+16   2.4630E-99   2.4630E-99   0.99998
FLUX   28    16.60        1.805979E+16   5.1683E-97   5.1684E-97   0.99998
FLUX   29    17.03        1.760379E+16   1.2193E-94   1.2193E-94   0.99998
FLUX   30    17.34        1.728907E+16   5.2781E-93   5.2782E-93   0.99998
FLUX   31    17.68        1.695659E+16   2.8205E-91   2.8206E-91   0.99998
FLUX   32    18.02        1.663665E+16   1.2944E-89   1.2944E-89   0.99998
FLUX   33    18.17        1.649931E+16   6.6846E-89   6.6847E-89   0.99998
FLUX   34    18.61        1.610921E+16   7.0729E-87   7.0731E-87   0.99998
FLUX   35    19.10        1.569594E+16   9.8290E-85   9.8292E-85   0.99998
FLUX   36    19.39        1.546119E+16   1.6146E-83   1.6147E-83   0.99998
FLUX   37    19.84        1.511051E+16   1.0544E-81   1.0544E-81   0.99998
FLUX   38    20.18        1.485592E+16   2.1904E-80   2.1904E-80   0.99998
FLUX   39    20.50        1.462402E+16   3.4717E-79   3.4718E-79   0.99998
FLUX   40    21.05        1.424192E+16   3.2704E-77   3.2704E-77   0.99998
FLUX   41    21.62        1.386644E+16   2.8367E-75   2.8367E-75   0.99998
FLUX   42    21.98        1.363933E+16   4.2101E-74   4.2101E-74   0.99998
FLUX   43    22.30        1.344361E+16   4.2898E-73   4.2899E-73   0.99998
FLUX   44    22.68        1.321836E+16   6.2017E-72   6.2018E-72   0.99998
FLUX   45    23.00        1.303446E+16   5.4906E-71   5.4907E-71   0.99998
FLUX   46    23.40        1.281165E+16   7.6802E-70   7.6803E-70   0.99998
FLUX   47    24.00        1.249135E+16   3.3972E-68   3.3973E-68   0.99998
FLUX   48    24.65        1.216197E+16   1.6679E-66   1.6679E-66   0.99998
FLUX   49    25.24        1.187767E+16   4.7898E-65   4.7898E-65   0.99998
FLUX   50    25.68        1.167416E+16   5.2877E-64   5.2878E-64   0.99998
FLUX   51    26.00        1.153048E+16   2.8784E-63   2.8784E-63   0.99998
FLUX   52    26.40        1.135578E+16   2.2562E-62   2.2563E-62   0.99998
FLUX   53    26.85        1.116546E+16   2.1194E-61   2.1194E-61   0.99998
FLUX   54    27.35        1.096133E+16   2.3367E-60   2.3368E-60   0.99998
FLUX   55    27.85        1.076454E+16   2.3624E-59   2.3625E-59   0.99998
FLUX   56    28.40        1.055607E+16   2.7315E-58   2.7315E-58   0.99998
FLUX   57    29.00        1.033767E+16   3.5382E-57   3.5383E-57   0.99998
FLUX   58    29.60        1.012812E+16   4.1141E-56   4.1142E-56   0.99998
FLUX   59    30.10        9.959883E+15   2.9482E-55   2.9485E-55   0.99990
FLUX   60    30.80        9.733523E+15   4.1588E-54   4.1588E-54   0.99998
FLUX   61    31.80        9.427437E+15   1.4812E-52   1.4812E-52   0.99998
FLUX   62    32.80        9.140015E+15   4.2176E-51   4.2177E-51   0.99998
FLUX   63    33.80        8.869601E+15   9.7858E-50   9.7860E-50   0.99998
FLUX   64    34.80        8.614727E+15   1.8861E-48   1.8861E-48   0.99998
FLUX   65    35.70        8.397549E+15   2.3341E-47   2.3342E-47   0.99998
FLUX   66    36.60        8.191052E+15   2.5466E-46   2.5467E-46   0.99998
FLUX   67    37.50        7.994467E+15   2.4657E-45   2.4657E-45   0.99998
FLUX   68    38.50        7.786818E+15   2.7020E-44   2.7020E-44   0.99998
FLUX   69    39.50        7.589683E+15   2.6102E-43   2.6102E-43   0.99998
FLUX   70    40.50        7.402284E+15   2.2458E-42   2.2459E-42   0.99998
FLUX   71    41.40        7.241364E+15   1.4216E-41   1.4216E-41   0.99998
FLUX   72    42.20        7.104087E+15   6.8418E-41   6.8420E-41   0.99998
FLUX   73    43.00        6.971919E+15   3.0991E-40   3.0992E-40   0.99998
FLUX   74    44.10        6.798016E+15   2.2542E-39   2.2543E-39   0.99998
FLUX   75    45.10        6.647284E+15   1.2539E-38   1.2539E-38   0.99998
FLUX   76    46.00        6.517228E+15   5.4983E-38   5.4984E-38   0.99998
FLUX   77    47.00        6.378564E+15   2.6525E-37   2.6525E-37   0.99998
FLUX   78    48.00        6.245677E+15   1.1945E-36   1.1945E-36   0.99998
FLUX   79    49.00        6.118214E+15   5.0479E-36   5.0479E-36   0.99998
FLUX   80    50.00        5.995850E+15   2.0067E-35   2.0067E-35   0.99998
FLUX   81    50.60        5.924753E+15   5.9676E-35   6.7776E-35   0.88050
FLUX   82    51.20        5.855322E+15   1.4575E-34   1.4740E-34   0.98881
FLUX   83    52.00        5.765240E+15   3.9971E-34   4.0331E-34   0.99109
FLUX   84    53.00        5.656462E+15   1.3569E-33   1.3569E-33   0.99998
FLUX   85    54.00        5.551713E+15   4.3308E-33   4.3548E-33   0.99449
FLUX   86    55.00        5.450773E+15   1.3373E-32   1.3373E-32   0.99998
FLUX   87    56.00        5.353437E+15   3.9368E-32   3.9369E-32   0.99998
FLUX   88    57.00        5.259517E+15   1.1135E-31   1.1135E-31   0.99998
FLUX   89    58.00        5.168836E+15   3.0005E-31   3.0333E-31   0.98919
FLUX   90    59.00        5.081229E+15   7.9661E-31   7.9684E-31   0.99971
FLUX   91    60.00        4.996542E+15   2.0223E-30   2.0231E-30   0.99961
FLUX   92    61.00        4.914631E+15   4.9725E-30   4.9726E-30   0.99998
FLUX   93    62.00        4.835363E+15   1.1850E-29   1.1852E-29   0.99990
FLUX   94    63.00        4.758611E+15   2.7429E-29   2.7431E-29   0.99992
FLUX   95    64.00        4.684258E+15   6.1775E-29   6.1777E-29   0.99997
FLUX   96    65.00        4.612192E+15   1.3548E-28   1.3549E-28   0.99998
FLUX   97    65.80        4.556117E+15   2.4932E-28   2.4934E-28   0.99993
FLUX   98    66.50        4.508158E+15   4.1936E-28   4.1975E-28   0.99906
FLUX   99    67.50        4.441370E+15   8.6531E-28   8.6586E-28   0.99937
FLUX  100    68.50        4.376533E+15   1.7461E-27   1.7462E-27   0.99993
FLUX  101    69.50        4.313561E+15   3.4462E-27   3.4463E-27   0.99997
FLUX  102    70.50        4.252376E+15   6.6428E-27   6.6624E-27   0.99705
FLUX  103    71.60        4.187046E+15   1.3446E-26   1.3448E-26   0.99991
FLUX  104    72.60        4.129373E+15   2.4963E-26   2.4964E-26   0.99998
FLUX  105    73.50        4.078809E+15   4.2899E-26   4.2905E-26   0.99987
FLUX  106    74.50        4.024060E+15   7.7010E-26   7.7044E-26   0.99956
FLUX  107    75.50        3.970762E+15   1.3595E-25   1.3606E-25   0.99920
FLUX  108    76.50        3.918856E+15   2.3642E-25   2.3646E-25   0.99984
FLUX  109    77.50        3.868290E+15   4.0438E-25   4.0465E-25   0.99931
FLUX  110    78.50        3.819013E+15   6.8232E-25   6.8233E-25   0.99998
FLUX  111    79.50        3.770975E+15   1.1280E-24   1.1343E-24   0.99443
FLUX  112    80.50        3.724130E+15   1.8544E-24   1.8601E-24   0.99696
FLUX  113    81.50        3.678436E+15   3.0091E-24   3.0103E-24   0.99960
FLUX  114    82.50        3.633848E+15   4.8100E-24   4.8111E-24   0.99977
FLUX  115    83.50        3.590329E+15   7.5964E-24   7.5974E-24   0.99986
FLUX  116    84.50        3.547840E+15   1.1856E-23   1.1857E-23   0.99990
FLUX  117    85.50        3.506345E+15   1.8299E-23   1.8300E-23   0.99998
FLUX  118    86.50        3.465809E+15   2.7928E-23   2.7930E-23   0.99993
FLUX  119    87.50        3.426200E+15   4.2130E-23   4.2183E-23   0.99874
FLUX  120    88.50        3.387486E+15   6.3059E-23   6.3069E-23   0.99985
FLUX  121    89.50        3.349637E+15   9.3373E-23   9.3376E-23   0.99997
FLUX  122    90.50        3.312624E+15   1.3691E-22   1.3694E-22   0.99975
FLUX  123    91.50        3.276421E+15   1.4537E-19   3.7525E-19   0.38740
FLUX  124    92.50        3.241000E+15   5.2002E-19   5.6138E-19   0.92632
FLUX  125    93.50        3.206337E+15   7.6723E-19   8.3092E-19   0.92335
FLUX  126    94.50        3.172407E+15   1.1615E-18   1.2186E-18   0.95319
FLUX  127    95.50        3.139188E+15   1.7054E-18   1.7722E-18   0.96232
FLUX  128    96.50        3.106658E+15   2.4711E-18   2.5549E-18   0.96721
FLUX  129    97.50        3.074795E+15   3.5155E-18   3.6523E-18   0.96255
FLUX  130    98.50        3.043579E+15   5.0068E-18   5.1941E-18   0.96394
FLUX  131    99.50        3.012990E+15   7.0537E-18   7.3218E-18   0.96338
FLUX  132   100.50        2.983010E+15   1.0099E-17   1.0248E-17   0.98551
FLUX  133   101.50        2.953621E+15   1.4030E-17   1.4238E-17   0.98537
FLUX  134   102.50        2.924805E+15   1.9014E-17   1.9692E-17   0.96556
FLUX  135   103.50        2.896546E+15   2.6732E-17   2.7026E-17   0.98913
FLUX  136   104.50        2.868828E+15   3.6547E-17   3.6883E-17   0.99089
FLUX  137   105.50        2.841635E+15   4.9493E-17   5.0041E-17   0.98906
FLUX  138   106.50        2.814953E+15   6.6810E-17   6.7515E-17   0.98955
FLUX  139   107.50        2.788767E+15   8.9836E-17   9.0592E-17   0.99165
FLUX  140   108.50        2.763064E+15   1.2005E-16   1.2088E-16   0.99312
FLUX  141   109.50        2.737831E+15   1.5894E-16   1.6040E-16   0.99087
FLUX  142   110.50        2.713054E+15   4.5869E-16   1.9638E-15   0.23357
FLUX  143   111.50        2.688722E+15   1.3880E-15   2.5607E-15   0.54202
FLUX  144   112.50        2.664822E+15   2.0404E-15   3.2769E-15   0.62267
FLUX  145   113.50        2.641344E+15   2.9800E-15   4.1266E-15   0.72214
FLUX  146   114.50        2.618275E+15   3.8935E-15   5.1269E-15   0.75942
FLUX  147   115.50        2.595606E+15   4.6082E-15   6.2930E-15   0.73227
FLUX  148   116.50        2.573326E+15   6.1528E-15   7.6301E-15   0.80639
FLUX  149   117.50        2.551426E+15   7.8143E-15   9.1140E-15   0.85739
FLUX  150   118.50        2.529894E+15   8.8600E-15   1.1670E-14   0.75920
FLUX  151   119.50        2.508724E+15   7.0714E-15   1.4078E-14   0.50232
FLUX  152   120.50        2.487905E+15   7.4363E-15   1.6912E-14   0.43970
FLUX  153   121.50        2.467428E+15   3.0495E-15   2.0245E-14   0.15063
FLUX  154   122.50        2.447286E+15   9.8713E-15   2.4248E-14   0.40710
FLUX  155   123.50        2.427470E+15   2.0018E-14   2.8859E-14   0.69366
FLUX  156   124.50        2.407972E+15   2.9097E-14   3.4514E-14   0.84305
FLUX  157   125.50        2.388785E+15   3.7055E-14   4.3132E-14   0.85911
FLUX  158   126.50        2.369901E+15   4.0441E-14   5.2193E-14   0.77484
FLUX  159   127.50        2.351314E+15   5.0935E-14   6.2166E-14   0.81934
FLUX  160   128.50        2.333016E+15   6.1044E-14   7.3720E-14   0.82805
FLUX  161   129.50        2.315000E+15   7.4522E-14   8.6979E-14   0.85679
FLUX  162   130.50        2.297261E+15   8.0346E-14   1.0234E-13   0.78508
FLUX  163   131.50        2.279791E+15   1.0002E-13   1.2004E-13   0.83318
FLUX  164   132.50        2.262585E+15   1.1109E-13   1.4043E-13   0.79108
FLUX  165   133.50        2.245637E+15   1.2940E-13   1.6383E-13   0.78988
FLUX  166   134.50        2.228940E+15   1.5090E-13   1.9062E-13   0.79163
FLUX  167   135.50        2.212491E+15   1.7502E-13   2.2221E-13   0.78764
FLUX  168   136.50        2.196282E+15   1.9794E-13   2.6015E-13   0.76087
FLUX  169   137.50        2.180309E+15   2.2623E-13   3.0373E-13   0.74483
FLUX  170   138.50        2.164567E+15   2.5952E-13   3.5370E-13   0.73371
FLUX  171   139.50        2.149050E+15   2.9506E-13   4.1087E-13   0.71815
FLUX  172   140.50        2.133754E+15   3.5162E-13   4.7614E-13   0.73848
FLUX  173   141.50        2.118675E+15   4.0743E-13   5.5052E-13   0.74009
FLUX  174   142.50        2.103807E+15   4.6905E-13   6.3514E-13   0.73850
FLUX  175   143.50        2.089146E+15   5.4461E-13   7.3120E-13   0.74481
FLUX  176   144.20        2.079005E+15   6.4853E-13   8.0598E-13   0.80465
FLUX  177   144.70        2.071821E+15   6.4731E-13   8.6373E-13   0.74943
FLUX  178   145.50        2.060430E+15   7.4015E-13   9.6341E-13   0.76826
FLUX  179   146.50        2.046365E+15   8.6790E-13   1.1023E-12   0.78732
FLUX  180   147.50        2.032492E+15   9.2134E-13   1.2588E-12   0.73190
FLUX  181   148.50        2.018805E+15   1.0944E-12   1.4348E-12   0.76278
FLUX  182   149.50        2.005301E+15   1.3376E-12   1.6322E-12   0.81950
FLUX  183   150.50        1.991977E+15   1.5731E-12   1.8534E-12   0.84876
FLUX  184   151.20        1.982755E+15   1.5034E-12   2.0237E-12   0.74291
FLUX  185   151.70        1.976220E+15   1.7877E-12   2.6761E-12   0.66803
FLUX  186   152.50        1.965852E+15   2.5174E-12   7.6605E-12   0.32863
FLUX  187   153.50        1.953046E+15   7.4437E-12   2.6333E-11   0.28267
FLUX  188   154.50        1.940405E+15   9.2359E-12   2.9648E-11   0.31151
FLUX  189   155.50        1.927926E+15   1.3481E-11   3.3322E-11   0.40458
FLUX  190   156.50        1.915607E+15   1.3338E-11   3.7402E-11   0.35662
FLUX  191   157.50        1.903444E+15   2.0996E-11   4.7006E-11   0.44666
FLUX  192   158.50        1.891435E+15   2.5325E-11   5.2518E-11   0.48221
FLUX  193   159.50        1.879577E+15   2.8400E-11   5.8559E-11   0.48498
FLUX  194   160.50        1.867866E+15   3.2301E-11   6.5143E-11   0.49584
FLUX  195   161.50        1.856300E+15   3.6149E-11   7.2289E-11   0.50006
FLUX  196   162.50        1.844877E+15   4.1561E-11   8.2681E-11   0.50267
FLUX  197   163.50        1.833593E+15   4.7405E-11   9.1563E-11   0.51774
FLUX  198   164.50        1.822447E+15   6.3109E-11   1.0120E-10   0.62359
FLUX  199   165.50        1.811435E+15   4.5017E-11   1.1167E-10   0.40313
FLUX  200   166.50        1.800556E+15   7.4961E-11   1.2303E-10   0.60931
FLUX  201   167.20        1.793017E+15   5.8533E-11   1.3153E-10   0.44501
FLUX  202   167.70        1.787671E+15   8.9809E-11   2.5398E-10   0.35360
FLUX  203   168.50        1.779184E+15   1.4514E-10   1.6207E-09   0.08955
FLUX  204   169.50        1.768687E+15   2.1519E-10   1.8109E-09   0.11883
FLUX  205   170.50        1.758314E+15   2.8185E-10   2.0275E-09   0.13902
FLUX  206   171.50        1.748061E+15   3.4248E-10   6.8612E-09   0.04992
FLUX  207   172.50        1.737928E+15   4.1443E-10   7.6015E-09   0.05452
FLUX  208   173.50        1.727911E+15   5.5182E-10   8.0917E-09   0.06820
FLUX  209   174.50        1.718009E+15   6.6663E-10   8.7050E-09   0.07658
FLUX  210   175.50        1.708219E+15   1.0591E-09   9.0684E-09   0.11679
FLUX  211   176.50        1.698541E+15   7.8409E-10   9.3909E-09   0.08349
FLUX  212   177.50        1.688972E+15   1.0024E-09   9.6696E-09   0.10367
FLUX  213   178.50        1.679510E+15   1.3671E-09   9.8934E-09   0.13818
FLUX  214   179.50        1.670153E+15   1.7707E-09   1.0093E-08   0.17544
FLUX  215   180.50        1.660900E+15   1.5139E-09   1.0304E-08   0.14693
FLUX  216   181.50        1.651749E+15   1.3626E-09   1.0462E-08   0.13024
FLUX  217   182.50        1.642699E+15   1.5378E-09   1.0617E-08   0.14485
FLUX  218   183.50        1.633747E+15   1.8563E-09   1.0722E-08   0.17314
FLUX  219   184.50        1.624892E+15   1.2352E-09   1.0819E-08   0.11418
FLUX  220   185.50        1.616132E+15   2.0704E-09   1.0950E-08   0.18908
FLUX  221   186.50        1.607466E+15   2.8756E-09   1.0994E-08   0.26155
FLUX  222   187.50        1.598893E+15   3.0928E-09   1.2972E-08   0.23842
FLUX  223   188.50        1.590411E+15   3.3890E-09   1.2839E-08   0.26397
FLUX  224   189.50        1.582018E+15   3.9726E-09   1.2680E-08   0.31330
FLUX  225   190.50        1.573714E+15   3.6982E-09   1.2502E-08   0.29581
FLUX  226   191.50        1.565496E+15   4.1894E-09   1.2343E-08   0.33941
FLUX  227   192.50        1.557364E+15   3.7009E-09   1.2201E-08   0.30332
FLUX  228   193.50        1.549315E+15   2.2662E-09   1.2065E-08   0.18783
FLUX  229   194.50        1.541350E+15   5.0596E-09   1.2013E-08   0.42118
FLUX  230   195.50        1.533465E+15   5.3889E-09   1.1991E-08   0.44942
FLUX  231   196.70        1.524110E+15   6.8475E-09   1.1985E-08   0.57133
FLUX  232   197.60        1.517168E+15   5.9054E-09   1.4719E-08   0.40120
FLUX  233   198.40        1.511051E+15   5.9978E-09   1.4843E-08   0.40407
FLUX  234   199.50        1.502719E+15   6.9466E-09   1.6671E-08   0.41669
FLUX  235   200.50        1.495224E+15   7.2441E-09   1.7028E-08   0.42542
FLUX  236   201.50        1.487804E+15   8.3845E-09   1.7532E-08   0.47824
FLUX  237   202.50        1.480457E+15   6.8169E-09   1.8009E-08   0.37853
FLUX  238   203.50        1.473182E+15   9.9477E-09   1.8515E-08   0.53728
FLUX  239   204.50        1.465978E+15   1.1382E-08   1.9136E-08   0.59479
FLUX  240   205.50        1.458844E+15   1.1030E-08   1.9693E-08   0.56008
FLUX  241   206.50        1.451780E+15   1.1269E-08   2.0195E-08   0.55804
FLUX  242   207.40        1.445480E+15   1.0901E-08   2.0624E-08   0.52855
FLUX  243   207.80        1.442697E+15   1.6368E-08   2.5235E-07   0.06486
FLUX  244   208.50        1.437854E+15   1.6422E-08   2.6109E-07   0.06290
FLUX  245   209.50        1.430990E+15   2.8034E-08   2.7280E-07   0.10276
FLUX  246   210.50        1.424192E+15   5.6266E-08   2.8269E-07   0.19904
FLUX  247   211.50        1.417459E+15   7.8313E-08   2.9036E-07   0.26971
FLUX  248   212.50        1.410788E+15   6.5332E-08   2.9780E-07   0.21939
FLUX  249   213.50        1.404180E+15   6.9472E-08   3.0511E-07   0.22769
FLUX  250   214.50        1.397634E+15   1.0090E-07   3.1118E-07   0.32423
FLUX  251   215.50        1.391148E+15   9.7984E-08   3.1689E-07   0.30920
FLUX  252   216.50        1.384723E+15   7.6620E-08   3.2269E-07   0.23744
FLUX  253   217.50        1.378356E+15   8.0519E-08   3.2861E-07   0.24503
FLUX  254   218.50        1.372048E+15   1.1915E-07   3.3534E-07   0.35530
FLUX  255   219.50        1.365797E+15   1.1777E-07   3.4229E-07   0.34406
FLUX  256   220.50        1.359603E+15   1.0661E-07   3.4947E-07   0.30505
FLUX  257   221.50        1.353465E+15   7.5167E-08   3.5703E-07   0.21054
FLUX  258   222.50        1.347382E+15   1.0652E-07   3.7187E-07   0.28645
FLUX  259   223.50        1.341353E+15   1.5133E-07   3.8051E-07   0.39771
FLUX  260   224.50        1.335379E+15   1.4200E-07   3.8932E-07   0.36473
FLUX  261   225.50        1.329457E+15   9.8375E-08   4.4349E-07   0.22182
FLUX  262   226.50        1.323587E+15   8.1812E-08   4.5102E-07   0.18139
FLUX  263   227.50        1.317769E+15   9.5640E-08   4.5846E-07   0.20861
FLUX  264   228.50        1.312002E+15   1.4120E-07   4.6575E-07   0.30318
FLUX  265   229.50        1.306285E+15   1.0549E-07   4.7294E-07   0.22304
FLUX  266   230.50        1.300618E+15   1.4699E-07   4.7974E-07   0.30638
FLUX  267   231.50        1.295000E+15   1.1948E-07   4.8650E-07   0.24559
FLUX  268   232.50        1.289430E+15   1.0504E-07   4.9327E-07   0.21295
FLUX  269   233.50        1.283908E+15   7.4734E-08   5.1072E-07   0.14633
FLUX  270   234.50        1.278433E+15   4.4856E-08   5.1700E-07   0.08676
FLUX  271   235.50        1.273004E+15   1.1263E-07   5.2324E-07   0.21526
FLUX  272   236.50        1.267622E+15   5.1621E-08   5.2949E-07   0.09749
FLUX  273   237.50        1.262284E+15   7.4733E-08   5.3578E-07   0.13948
FLUX  274   238.50        1.256992E+15   3.6747E-08   5.4240E-07   0.06775
FLUX  275   239.50        1.251743E+15   5.3345E-08   5.4882E-07   0.09720
FLUX  276   240.50        1.246538E+15   5.2756E-08   5.5528E-07   0.09501
FLUX  277   241.50        1.241377E+15   7.2165E-08   5.6180E-07   0.12845
FLUX  278   242.50        1.236258E+15   1.6123E-07   5.6837E-07   0.28367
FLUX  279   243.50        1.231181E+15   1.5251E-07   5.7506E-07   0.26521
FLUX  280   244.50        1.226145E+15   1.8692E-07   5.9784E-07   0.31265
FLUX  281   245.50        1.221151E+15   2.0620E-07   6.0382E-07   0.34149
FLUX  282   246.50        1.216197E+15   1.7073E-07   6.0983E-07   0.27997
FLUX  283   247.50        1.211283E+15   1.4970E-07   6.1582E-07   0.24309
FLUX  284   248.50        1.206408E+15   6.9610E-08   6.2188E-07   0.11194
FLUX  285   249.50        1.201573E+15   1.1132E-07   6.2795E-07   0.17728
FLUX  286   250.50        1.196776E+15   1.6478E-07   6.4641E-07   0.25491
FLUX  287   251.30        1.192967E+15   6.8851E-08   6.5073E-07   0.10581
FLUX  288   251.80        1.190598E+15   4.5188E-08   1.5247E-06   0.02964
FLUX  289   252.50        1.187297E+15   4.7994E-08   1.5393E-06   0.03118
FLUX  290   253.50        1.182613E+15   6.7195E-08   1.5601E-06   0.04307
FLUX  291   254.50        1.177967E+15   8.6571E-08   1.5809E-06   0.05476
FLUX  292   255.50        1.173356E+15   2.0170E-07   1.6017E-06   0.12593
FLUX  293   256.50        1.168782E+15   1.7352E-07   1.6227E-06   0.10693
FLUX  294   257.50        1.164243E+15   2.6613E-07   1.6439E-06   0.16189
FLUX  295   258.50        1.159739E+15   2.2851E-07   1.6651E-06   0.13724
FLUX  296   259.50        1.155270E+15   1.8841E-07   1.6864E-06   0.11172
FLUX  297   260.50        1.150835E+15   1.3940E-07   1.7079E-06   0.08162
FLUX  298   261.50        1.146434E+15   1.2903E-07   1.7295E-06   0.07460
FLUX  299   262.50        1.142067E+15   1.9120E-07   1.7512E-06   0.10918
FLUX  300   263.50        1.137732E+15   4.0491E-07   1.7853E-06   0.22680
FLUX  301   264.50        1.133431E+15   6.0993E-07   1.8069E-06   0.33756
FLUX  302   265.50        1.129162E+15   7.8806E-07   1.8287E-06   0.43094
FLUX  303   266.50        1.124925E+15   5.1551E-07   1.8506E-06   0.27856
FLUX  304   267.50        1.120720E+15   5.8532E-07   1.8727E-06   0.31255
FLUX  305   268.50        1.116546E+15   7.1124E-07   1.8948E-06   0.37536
FLUX  306   269.50        1.112403E+15   5.3879E-07   1.9170E-06   0.28105
FLUX  307   270.50        1.108290E+15   6.4765E-07   1.9530E-06   0.33162
FLUX  308   271.50        1.104208E+15   4.3351E-07   1.9746E-06   0.21955
FLUX  309   272.50        1.100156E+15   3.3970E-07   1.9962E-06   0.17017
FLUX  310   273.50        1.096133E+15   4.0672E-07   2.0180E-06   0.20155
FLUX  311   274.50        1.092140E+15   1.9834E-07   2.0398E-06   0.09723
FLUX  312   275.50        1.088176E+15   3.0044E-07   2.0617E-06   0.14573
FLUX  313   276.50        1.084240E+15   4.4915E-07   2.0835E-06   0.21558
FLUX  314   277.50        1.080333E+15   4.4784E-07   2.1052E-06   0.21273
FLUX  315   278.50        1.076454E+15   2.1221E-07   2.1271E-06   0.09976
FLUX  316   279.50        1.072603E+15   8.1344E-08   2.1491E-06   0.03785
FLUX  317   280.50        1.068779E+15   1.0364E-07   2.1712E-06   0.04773
FLUX  318   281.50        1.064982E+15   3.7315E-07   2.1934E-06   0.17012
FLUX  319   282.50        1.061212E+15   6.3864E-07   2.2158E-06   0.28822
FLUX  320   283.50        1.057469E+15   6.0269E-07   2.2384E-06   0.26925
FLUX  321   284.50        1.053752E+15   3.5812E-07   2.2611E-06   0.15839
FLUX  322   285.50        1.050061E+15   1.5758E-07   2.2838E-06   0.06900
FLUX  323   286.50        1.046396E+15   5.6043E-07   2.3066E-06   0.24297
FLUX  324   287.50        1.042757E+15   8.2225E-07   2.3294E-06   0.35299
FLUX  325   288.50        1.039142E+15   7.3717E-07   2.3523E-06   0.31338
FLUX  326   289.50        1.035553E+15   9.5083E-07   2.3752E-06   0.40032
FLUX  327   291.00        1.030215E+15   1.1991E-06   2.4184E-06   0.49583
FLUX  328   293.00        1.023183E+15   1.0863E-06   2.4634E-06   0.44098
FLUX  329   295.00        1.016246E+15   1.0497E-06   2.5103E-06   0.41814
FLUX  330   297.00        1.009402E+15   1.1250E-06   2.5551E-06   0.44030
FLUX  331   299.00        1.002650E+15   1.1171E-06   2.6000E-06   0.42965
FLUX  332   301.00        9.959884E+14   1.1423E-06   2.6452E-06   0.43185
FLUX  333   303.00        9.894142E+14   1.2401E-06   2.6904E-06   0.46092
FLUX  334   305.00        9.829262E+14   1.3031E-06   2.7354E-06   0.47639
FLUX  335   307.00        9.765228E+14   1.3532E-06   2.7802E-06   0.48671
FLUX  336   309.00        9.702023E+14   1.2910E-06   2.8327E-06   0.45576
FLUX  337   311.00        9.639630E+14   1.4436E-06   2.8761E-06   0.50193
FLUX  338   313.00        9.578035E+14   1.4268E-06   2.9214E-06   0.48838
FLUX  339   315.00        9.517222E+14   1.3679E-06   2.9638E-06   0.46155
FLUX  340   317.00        9.457177E+14   1.4906E-06   3.0058E-06   0.49592
FLUX  341   319.00        9.397884E+14   1.3553E-06   3.0477E-06   0.44468
FLUX  342   321.00        9.339330E+14   1.5150E-06   3.0897E-06   0.49035
FLUX  343   323.00        9.281501E+14   1.3202E-06   3.1336E-06   0.42132
FLUX  344   325.00        9.224385E+14   1.7117E-06   3.1745E-06   0.53922
FLUX  345   327.00        9.167966E+14   2.0049E-06   3.2151E-06   0.62358
FLUX  346   329.00        9.112234E+14   1.9570E-06   3.2571E-06   0.60086
FLUX  347   331.00        9.057175E+14   1.9090E-06   3.2973E-06   0.57895
FLUX  348   333.00        9.002778E+14   1.9398E-06   3.3371E-06   0.58129
FLUX  349   335.00        8.949030E+14   1.8995E-06   3.3763E-06   0.56260
FLUX  350   337.00        8.895920E+14   1.5322E-06   3.4162E-06   0.44851
FLUX  351   339.00        8.843436E+14   1.7858E-06   3.4565E-06   0.51663
FLUX  352   341.00        8.791569E+14   1.8602E-06   3.4956E-06   0.53216
FLUX  353   343.00        8.740306E+14   1.9536E-06   3.5344E-06   0.55276
FLUX  354   345.00        8.689638E+14   1.9999E-06   3.5738E-06   0.55961
FLUX  355   347.00        8.639553E+14   2.1063E-06   3.6137E-06   0.58285
FLUX  356   349.00        8.590043E+14   2.2776E-06   3.6534E-06   0.62341
FLUX  357   351.00        8.541097E+14   2.3875E-06   3.6929E-06   0.64650
FLUX  358   353.00        8.492705E+14   2.3029E-06   3.7322E-06   0.61703
FLUX  359   355.00        8.444859E+14   2.5732E-06   3.7725E-06   0.68209
FLUX  360   357.00        8.397549E+14   2.0713E-06   3.8144E-06   0.54302
FLUX  361   359.00        8.350766E+14   2.1207E-06   3.8563E-06   0.54993
FLUX  362   361.00        8.304501E+14   2.3377E-06   3.8981E-06   0.59970
FLUX  363   363.00        8.258746E+14   2.4026E-06   3.9396E-06   0.60986
FLUX  364   364.00        8.236058E+14   2.4553E-06   3.9607E-06   0.61993
FLUX  365   365.00        8.213493E+14   2.7040E-06   5.1843E-06   0.52158
FLUX  366   367.00        8.168733E+14   2.8238E-06   5.2346E-06   0.53945
FLUX  367   369.00        8.124458E+14   2.7012E-06   5.2846E-06   0.51115
FLUX  368   371.00        8.080660E+14   2.8028E-06   5.3348E-06   0.52538
FLUX  369   373.00        8.037332E+14   2.2488E-06   5.3841E-06   0.41767
FLUX  370   375.00        7.994467E+14   2.5299E-06   5.4331E-06   0.46565
FLUX  371   377.00        7.952056E+14   2.9808E-06   5.5081E-06   0.54116
FLUX  372   379.00        7.910092E+14   3.1790E-06   5.5601E-06   0.57175
FLUX  373   381.00        7.868569E+14   3.2223E-06   5.6116E-06   0.57422
FLUX  374   383.00        7.827480E+14   2.0836E-06   5.6627E-06   0.36796
FLUX  375   385.00        7.786818E+14   2.8981E-06   5.7158E-06   0.50703
FLUX  376   387.00        7.746576E+14   2.8717E-06   5.7661E-06   0.49804
FLUX  377   389.00        7.706748E+14   2.9994E-06   5.8185E-06   0.51549
FLUX  378   391.00        7.667327E+14   3.5435E-06   5.8711E-06   0.60355
FLUX  379   393.00        7.628308E+14   1.8922E-06   5.9230E-06   0.31947
FLUX  380   395.00        7.589683E+14   3.2322E-06   5.9743E-06   0.54102
FLUX  381   397.00        7.551448E+14   2.1808E-06   6.0249E-06   0.36196
FLUX  382   399.00        7.513596E+14   4.2575E-06   6.0750E-06   0.70082
FLUX  383   401.00        7.476122E+14   4.5851E-06   6.1283E-06   0.74819
FLUX  384   403.00        7.439020E+14   4.5965E-06   6.1804E-06   0.74373
FLUX  385   405.00        7.402284E+14   4.4780E-06   6.2315E-06   0.71861
FLUX  386   407.00        7.365909E+14   4.4070E-06   6.2818E-06   0.70154
FLUX  387   409.00        7.329890E+14   4.8610E-06   6.3313E-06   0.76776
FLUX  388   411.00        7.294221E+14   4.5880E-06   6.3801E-06   0.71911
FLUX  389   413.00        7.258898E+14   4.9387E-06   6.4281E-06   0.76830
FLUX  390   415.00        7.223916E+14   4.9809E-06   6.4770E-06   0.76901
FLUX  391   417.00        7.189269E+14   5.0521E-06   6.5256E-06   0.77420
FLUX  392   419.00        7.154952E+14   4.8655E-06   6.5729E-06   0.74024
FLUX  393   421.00        7.120962E+14   4.9500E-06   6.6192E-06   0.74782
FLUX  394   423.00        7.087293E+14   4.7704E-06   6.6649E-06   0.71576
FLUX  395   425.00        7.053941E+14   4.9098E-06   6.7098E-06   0.73173
FLUX  396   427.00        7.020902E+14   4.6205E-06   6.7539E-06   0.68412
FLUX  397   429.00        6.988170E+14   4.3933E-06   6.7976E-06   0.64629
FLUX  398   431.00        6.955742E+14   3.7197E-06   6.8407E-06   0.54377
FLUX  399   433.00        6.923614E+14   5.0132E-06   6.8832E-06   0.72833
FLUX  400   435.00        6.891782E+14   4.7780E-06   6.9253E-06   0.68993
FLUX  401   437.00        6.860240E+14   5.4053E-06   6.9665E-06   0.77589
FLUX  402   439.00        6.828986E+14   5.0819E-06   7.0072E-06   0.72523
FLUX  403   441.00        6.798016E+14   5.4215E-06   7.0473E-06   0.76930
FLUX  404   443.00        6.767325E+14   5.7615E-06   7.0868E-06   0.81298
FLUX  405   445.00        6.736910E+14   5.8282E-06   7.1260E-06   0.81788
FLUX  406   447.00        6.706767E+14   6.0652E-06   7.1646E-06   0.84655
FLUX  407   449.00        6.676893E+14   6.1567E-06   7.2028E-06   0.85476
FLUX  408   451.00        6.647284E+14   6.5928E-06   7.2406E-06   0.91054
FLUX  409   453.00        6.617936E+14   6.2268E-06   7.2780E-06   0.85557
FLUX  410   455.00        6.588846E+14   6.4052E-06   7.3150E-06   0.87564
FLUX  411   457.00        6.560011E+14   6.7007E-06   7.3515E-06   0.91147
FLUX  412   459.00        6.531427E+14   6.5014E-06   7.3876E-06   0.88004
FLUX  413   461.00        6.503091E+14   6.6596E-06   7.4233E-06   0.89711
FLUX  414   463.00        6.475000E+14   6.6206E-06   7.4587E-06   0.88764
FLUX  415   465.00        6.447150E+14   6.7244E-06   7.4937E-06   0.89733
FLUX  416   467.00        6.419540E+14   6.8655E-06   7.5284E-06   0.91195
FLUX  417   469.00        6.392164E+14   6.8058E-06   7.5627E-06   0.89993
FLUX  418   471.00        6.365021E+14   6.6326E-06   7.5966E-06   0.87310
FLUX  419   473.00        6.338108E+14   6.9487E-06   7.6302E-06   0.91069
FLUX  420   475.00        6.311421E+14   7.0720E-06   7.6635E-06   0.92282
FLUX  421   477.00        6.284958E+14   7.1152E-06   7.6966E-06   0.92446
FLUX  422   479.00        6.258716E+14   7.1346E-06   7.7292E-06   0.92308
FLUX  423   481.00        6.232692E+14   7.1119E-06   7.7614E-06   0.91631
FLUX  424   483.00        6.206884E+14   7.2159E-06   7.7934E-06   0.92590
FLUX  425   485.00        6.181289E+14   6.8444E-06   7.8381E-06   0.87323
FLUX  426   487.00        6.155903E+14   6.1273E-06   7.8694E-06   0.77862
FLUX  427   489.00        6.130726E+14   7.1116E-06   7.9005E-06   0.90015
FLUX  428   491.00        6.105753E+14   7.2005E-06   7.9312E-06   0.90787
FLUX  429   493.00        6.080984E+14   7.0963E-06   7.9617E-06   0.89130
FLUX  430   495.00        6.056414E+14   7.3467E-06   7.9918E-06   0.91928
FLUX  431   497.00        6.032042E+14   7.4650E-06   8.0217E-06   0.93060
FLUX  432   499.00        6.007866E+14   7.2012E-06   8.0512E-06   0.89442
FLUX  433   501.00        5.983882E+14   7.0042E-06   8.0805E-06   0.86680
FLUX  434   503.00        5.960089E+14   7.3422E-06   8.1094E-06   0.90539
FLUX  435   505.00        5.936485E+14   7.3610E-06   8.1381E-06   0.90452
FLUX  436   507.00        5.913067E+14   7.6054E-06   8.1665E-06   0.93129
FLUX  437   509.00        5.889833E+14   7.4880E-06   8.1946E-06   0.91377
FLUX  438   511.00        5.866781E+14   7.5978E-06   8.2223E-06   0.92404
FLUX  439   513.00        5.843908E+14   7.5129E-06   8.2498E-06   0.91067
FLUX  440   515.00        5.821214E+14   7.3853E-06   8.2769E-06   0.89228
FLUX  441   517.00        5.798694E+14   6.7481E-06   8.3038E-06   0.81265
FLUX  442   519.00        5.776349E+14   6.8738E-06   8.3304E-06   0.82515
FLUX  443   521.00        5.754175E+14   7.5004E-06   8.3566E-06   0.89754
FLUX  444   523.00        5.732170E+14   7.6024E-06   8.3826E-06   0.90693
FLUX  445   525.00        5.710333E+14   7.8376E-06   8.4083E-06   0.93212
FLUX  446   527.00        5.688662E+14   7.1708E-06   8.4337E-06   0.85025
FLUX  447   529.00        5.667155E+14   7.8618E-06   8.4589E-06   0.92942
FLUX  448   531.00        5.645810E+14   8.0618E-06   8.4838E-06   0.95026
FLUX  449   533.00        5.624625E+14   7.5057E-06   8.5084E-06   0.88215
FLUX  450   535.00        5.603598E+14   7.9831E-06   8.5328E-06   0.93557
FLUX  451   537.00        5.582728E+14   8.0121E-06   8.5580E-06   0.93621
FLUX  452   539.00        5.562013E+14   8.0130E-06   8.5871E-06   0.93315
FLUX  453   541.00        5.541451E+14   7.8266E-06   8.6107E-06   0.90895
FLUX  454   543.00        5.521040E+14   8.0527E-06   8.6340E-06   0.93268
FLUX  455   545.00        5.500780E+14   8.2247E-06   8.6570E-06   0.95006
FLUX  456   547.00        5.480667E+14   8.1764E-06   8.6798E-06   0.94200
FLUX  457   549.00        5.460701E+14   8.1504E-06   8.7024E-06   0.93657
FLUX  458   551.00        5.440880E+14   8.2223E-06   8.7247E-06   0.94242
FLUX  459   553.00        5.421202E+14   8.2876E-06   8.7468E-06   0.94750
FLUX  460   555.00        5.401667E+14   8.4115E-06   8.7686E-06   0.95928
FLUX  461   557.00        5.382271E+14   8.2924E-06   8.7902E-06   0.94336
FLUX  462   559.00        5.363014E+14   8.2101E-06   8.8116E-06   0.93174
FLUX  463   561.00        5.343895E+14   8.4051E-06   8.8327E-06   0.95159
FLUX  464   563.00        5.324911E+14   8.4864E-06   8.8598E-06   0.95786
FLUX  465   565.00        5.306062E+14   8.5000E-06   8.8804E-06   0.95716
FLUX  466   567.00        5.287346E+14   8.4018E-06   8.9008E-06   0.94393
FLUX  467   569.00        5.268761E+14   8.5302E-06   8.9209E-06   0.95620
FLUX  468   571.00        5.250306E+14   8.4838E-06   8.9408E-06   0.94889
FLUX  469   573.00        5.231981E+14   8.8457E-06   8.9605E-06   0.98720
FLUX  470   575.00        5.213783E+14   8.6790E-06   8.9799E-06   0.96649
FLUX  471   577.00        5.195711E+14   8.7868E-06   8.9990E-06   0.97642
FLUX  472   579.00        5.177763E+14   8.6673E-06   9.0178E-06   0.96113
FLUX  473   581.00        5.159940E+14   8.8298E-06   9.0364E-06   0.97713
FLUX  474   583.00        5.142238E+14   8.9402E-06   9.0548E-06   0.98734
FLUX  475   585.00        5.124658E+14   8.8539E-06   9.0729E-06   0.97585
FLUX  476   587.00        5.107198E+14   8.8981E-06   9.0909E-06   0.97880
FLUX  477   589.00        5.089856E+14   8.4245E-06   9.1085E-06   0.92490
FLUX  478   591.00        5.072631E+14   8.9171E-06   9.1259E-06   0.97711
FLUX  479   593.00        5.055523E+14   8.9454E-06   9.1431E-06   0.97838
FLUX  480   595.00        5.038529E+14   8.9884E-06   9.1624E-06   0.98101
FLUX  481   597.00        5.021650E+14   9.0372E-06   9.1791E-06   0.98454
FLUX  482   599.00        5.004883E+14   9.0140E-06   9.1956E-06   0.98025
FLUX  483   601.00        4.988228E+14   8.9606E-06   9.2119E-06   0.97271
FLUX  484   603.00        4.971683E+14   9.0069E-06   9.2281E-06   0.97604
FLUX  485   605.00        4.955248E+14   9.1478E-06   9.2443E-06   0.98956
FLUX  486   607.00        4.938921E+14   9.1653E-06   9.2600E-06   0.98977
FLUX  487   609.00        4.922701E+14   9.0536E-06   9.2754E-06   0.97608
FLUX  488   611.00        4.906588E+14   9.0409E-06   9.2907E-06   0.97311
FLUX  489   613.00        4.890579E+14   8.8650E-06   9.3057E-06   0.95265
FLUX  490   615.00        4.874675E+14   8.9552E-06   9.3205E-06   0.96081
FLUX  491   617.00        4.858874E+14   8.8166E-06   9.3351E-06   0.94446
FLUX  492   619.00        4.843174E+14   9.1628E-06   9.3495E-06   0.98004
FLUX  493   621.00        4.827576E+14   9.2081E-06   9.3639E-06   0.98336
FLUX  494   623.00        4.812079E+14   9.0880E-06   9.3779E-06   0.96910
FLUX  495   625.00        4.796680E+14   8.9344E-06   9.3916E-06   0.95132
FLUX  496   627.00        4.781380E+14   9.2337E-06   9.4163E-06   0.98060
FLUX  497   629.00        4.766176E+14   9.2878E-06   9.4297E-06   0.98495
FLUX  498   631.00        4.751070E+14   9.1488E-06   9.4429E-06   0.96885
FLUX  499   633.00        4.736058E+14   9.1927E-06   9.4560E-06   0.97216
FLUX  500   635.00        4.721142E+14   9.2187E-06   9.4697E-06   0.97349
FLUX  501   637.00        4.706319E+14   9.2241E-06   9.4823E-06   0.97276
FLUX  502   639.00        4.691588E+14   9.3283E-06   9.4948E-06   0.98247
FLUX  503   641.00        4.676950E+14   9.2181E-06   9.5070E-06   0.96961
FLUX  504   643.00        4.662403E+14   9.3178E-06   9.5191E-06   0.97886
FLUX  505   645.00        4.647946E+14   9.2474E-06   9.5309E-06   0.97026
FLUX  506   647.00        4.633578E+14   9.2721E-06   9.5426E-06   0.97166
FLUX  507   649.00        4.619299E+14   9.2428E-06   9.5541E-06   0.96742
FLUX  508   651.00        4.605107E+14   9.3889E-06   9.5668E-06   0.98140
FLUX  509   653.00        4.591003E+14   9.3869E-06   9.5779E-06   0.98005
FLUX  510   655.00        4.576985E+14   9.1022E-06   9.5971E-06   0.94844
FLUX  511   657.00        4.563052E+14   8.1196E-06   9.6078E-06   0.84511
FLUX  512   659.00        4.549203E+14   9.3405E-06   9.6184E-06   0.97111
FLUX  513   661.00        4.535439E+14   9.4911E-06   9.6288E-06   0.98570
FLUX  514   663.00        4.521757E+14   9.4825E-06   9.6390E-06   0.98377
FLUX  515   665.00        4.508158E+14   9.5115E-06   9.6490E-06   0.98575
FLUX  516   667.00        4.494640E+14   9.4635E-06   9.6588E-06   0.97978
FLUX  517   669.00        4.481203E+14   9.5732E-06   9.6685E-06   0.99014
FLUX  518   671.00        4.467846E+14   9.4888E-06   9.6780E-06   0.98044
FLUX  519   673.00        4.454569E+14   9.5813E-06   9.6873E-06   0.98906
FLUX  520   675.00        4.441370E+14   9.5367E-06   9.6965E-06   0.98352
FLUX  521   677.00        4.428250E+14   9.5741E-06   9.7055E-06   0.98646
FLUX  522   679.00        4.415206E+14   9.5682E-06   9.7144E-06   0.98495
FLUX  523   681.00        4.402239E+14   9.5593E-06   9.7231E-06   0.98316
FLUX  524   683.00        4.389348E+14   9.6254E-06   9.7316E-06   0.98908
FLUX  525   685.00        4.376533E+14   9.5291E-06   9.7400E-06   0.97835
FLUX  526   687.00        4.363792E+14   9.6130E-06   9.7482E-06   0.98613
FLUX  527   689.00        4.351125E+14   9.6363E-06   9.7562E-06   0.98771
FLUX  528   691.00        4.338531E+14   9.6292E-06   9.7641E-06   0.98618
FLUX  529   693.00        4.326010E+14   9.6324E-06   9.7719E-06   0.98573
FLUX  530   695.00        4.313561E+14   9.6501E-06   9.7794E-06   0.98677
FLUX  531   697.00        4.301184E+14   9.6621E-06   9.7869E-06   0.98726
FLUX  532   699.00        4.288877E+14   9.6812E-06   9.7943E-06   0.98845
FLUX  533   701.00        4.276640E+14   9.5046E-06   9.8014E-06   0.96972
FLUX  534   703.00        4.264474E+14   9.6469E-06   9.8084E-06   0.98353
FLUX  535   705.00        4.252376E+14   9.6966E-06   9.8152E-06   0.98792
FLUX  536   707.00        4.240346E+14   9.6675E-06   9.8219E-06   0.98428
FLUX  537   709.00        4.228385E+14   9.6706E-06   9.8284E-06   0.98394
FLUX  538   711.00        4.216491E+14   9.6849E-06   9.8348E-06   0.98476
FLUX  539   713.00        4.204663E+14   9.6498E-06   9.8411E-06   0.98057
FLUX  540   715.00        4.192902E+14   9.6345E-06   9.8471E-06   0.97840
FLUX  541   717.00        4.181206E+14   9.6388E-06   9.8531E-06   0.97825
FLUX  542   719.00        4.169576E+14   9.5139E-06   9.8589E-06   0.96501
FLUX  543   721.00        4.158010E+14   9.6694E-06   9.8645E-06   0.98022
FLUX  544   723.00        4.146508E+14   9.6728E-06   9.8700E-06   0.98002
FLUX  545   725.00        4.135069E+14   9.7253E-06   9.8804E-06   0.98430
FLUX  546   727.00        4.123693E+14   9.7374E-06   9.8856E-06   0.98500
FLUX  547   729.00        4.112380E+14   9.5874E-06   9.8907E-06   0.96933
FLUX  548   731.00        4.101129E+14   9.7215E-06   9.9065E-06   0.98132
FLUX  549   733.00        4.089939E+14   9.7165E-06   9.9114E-06   0.98033
FLUX  550   735.00        4.078809E+14   9.7685E-06   9.9161E-06   0.98512
FLUX  551   737.00        4.067741E+14   9.7825E-06   9.9206E-06   0.98608
FLUX  552   739.00        4.056732E+14   9.6562E-06   9.9251E-06   0.97291
FLUX  553   741.00        4.045783E+14   9.6040E-06   9.9294E-06   0.96723
FLUX  554   743.00        4.034892E+14   9.6892E-06   9.9335E-06   0.97540
FLUX  555   745.00        4.024060E+14   9.7318E-06   9.9376E-06   0.97929
FLUX  556   747.00        4.013286E+14   9.7958E-06   9.9415E-06   0.98534
FLUX  557   749.00        4.002570E+14   9.7577E-06   9.9453E-06   0.98114
FLUX  558   751.00        3.991911E+14   9.7855E-06   9.9490E-06   0.98357
FLUX  559   753.00        3.981308E+14   9.8176E-06   9.9526E-06   0.98643
FLUX  560   755.00        3.970762E+14   9.8533E-06   9.9561E-06   0.98967
FLUX  561   757.00        3.960271E+14   9.8049E-06   9.9594E-06   0.98448
FLUX  562   759.00        3.949835E+14   9.8285E-06   9.9627E-06   0.98654
FLUX  563   761.00        3.939455E+14   9.8000E-06   9.9658E-06   0.98337
FLUX  564   763.00        3.929128E+14   9.8630E-06   9.9688E-06   0.98939
FLUX  565   765.00        3.918856E+14   9.8424E-06   9.9717E-06   0.98704
FLUX  566   767.00        3.908638E+14   9.7121E-06   9.9744E-06   0.97370
FLUX  567   769.00        3.898472E+14   9.8313E-06   9.9771E-06   0.98539
FLUX  568   771.00        3.888359E+14   9.8210E-06   9.9796E-06   0.98410
FLUX  569   773.00        3.878299E+14   9.8301E-06   9.9821E-06   0.98477
FLUX  570   775.00        3.868290E+14   9.7837E-06   9.9844E-06   0.97989
FLUX  571   777.00        3.858333E+14   9.8462E-06   9.9867E-06   0.98593
FLUX  572   779.00        3.848427E+14   9.9138E-06   9.9888E-06   0.99249
FLUX  573   781.00        3.838572E+14   9.8768E-06   9.9909E-06   0.98858
FLUX  574   783.00        3.828768E+14   9.8372E-06   9.9928E-06   0.98443
FLUX  575   785.00        3.819013E+14   9.8485E-06   9.9946E-06   0.98538
FLUX  576   787.00        3.809307E+14   9.9187E-06   9.9963E-06   0.99223
FLUX  577   789.00        3.799651E+14   9.9059E-06   9.9979E-06   0.99080
FLUX  578   791.00        3.790044E+14   9.8508E-06   9.9995E-06   0.98513
FLUX  579   793.00        3.780485E+14   9.7290E-06   1.0001E-05   0.97281
FLUX  580   795.00        3.770975E+14   9.7800E-06   1.0002E-05   0.97778
FLUX  581   797.00        3.761512E+14   9.9037E-06   1.0004E-05   0.98996
FLUX  582   799.00        3.752096E+14   9.9243E-06   1.0005E-05   0.99192
FLUX  583   801.00        3.742728E+14   9.8637E-06   1.0006E-05   0.98576
FLUX  584   803.00        3.733406E+14   9.8664E-06   1.0007E-05   0.98593
FLUX  585   805.00        3.724130E+14   9.8356E-06   1.0008E-05   0.98278
FLUX  586   807.00        3.714901E+14   9.9037E-06   1.0009E-05   0.98951
FLUX  587   809.00        3.705717E+14   9.8210E-06   1.0009E-05   0.98119
FLUX  588   811.00        3.696578E+14   9.8916E-06   1.0010E-05   0.98819
FLUX  589   813.00        3.687485E+14   9.9410E-06   1.0010E-05   0.99308
FLUX  590   815.00        3.678436E+14   9.9168E-06   1.0011E-05   0.99063
FLUX  591   817.00        3.669431E+14   9.9217E-06   1.0011E-05   0.99109
FLUX  592   819.00        3.660470E+14   9.7290E-06   1.0011E-05   0.97183
FLUX  593   821.00        3.651553E+14   9.7717E-06   1.0070E-05   0.97038
FLUX  594   823.00        3.642679E+14   9.7938E-06   1.0070E-05   0.97256
FLUX  595   825.00        3.633848E+14   9.8603E-06   1.0070E-05   0.97916
FLUX  596   827.00        3.625060E+14   9.9376E-06   1.0070E-05   0.98684
FLUX  597   829.00        3.616315E+14   9.9230E-06   1.0070E-05   0.98539
FLUX  598   831.00        3.607611E+14   9.8035E-06   1.0070E-05   0.97355
FLUX  599   833.00        3.598950E+14   9.7931E-06   1.0070E-05   0.97255
FLUX  600   835.00        3.590329E+14   9.8429E-06   1.0069E-05   0.97752
FLUX  601   837.00        3.581750E+14   9.9100E-06   1.0069E-05   0.98423
FLUX  602   839.00        3.573212E+14   9.8062E-06   1.0068E-05   0.97397
FLUX  603   841.00        3.564715E+14   9.9164E-06   1.0068E-05   0.98497
FLUX  604   843.00        3.556257E+14   9.8192E-06   1.0067E-05   0.97537
FLUX  605   845.00        3.547840E+14   9.8386E-06   1.0066E-05   0.97737
FLUX  606   847.00        3.539463E+14   9.8313E-06   1.0066E-05   0.97672
FLUX  607   849.00        3.531125E+14   9.7201E-06   1.0065E-05   0.96576
FLUX  608   851.00        3.522826E+14   9.3959E-06   1.0064E-05   0.93363
FLUX  609   853.00        3.514566E+14   9.6567E-06   1.0063E-05   0.95965
FLUX  610   855.00        3.506345E+14   8.3985E-06   1.0062E-05   0.83463
FLUX  611   857.00        3.498162E+14   9.9021E-06   1.0061E-05   0.98418
FLUX  612   859.00        3.490017E+14   9.7917E-06   1.0060E-05   0.97332
FLUX  613   861.00        3.481911E+14   9.7953E-06   1.0059E-05   0.97380
FLUX  614   863.00        3.473841E+14   9.9063E-06   1.0058E-05   0.98497
FLUX  615   865.00        3.465809E+14   9.7745E-06   1.0056E-05   0.97200
FLUX  616   867.00        3.457814E+14   8.5876E-06   1.0055E-05   0.85409
FLUX  617   869.00        3.449856E+14   9.6901E-06   1.0053E-05   0.96389
FLUX  618   871.00        3.441935E+14   9.8575E-06   1.0052E-05   0.98070
FLUX  619   873.00        3.434049E+14   9.8241E-06   1.0050E-05   0.97754
FLUX  620   875.00        3.426200E+14   9.6059E-06   1.0048E-05   0.95599
FLUX  621   877.00        3.418387E+14   9.8697E-06   1.0046E-05   0.98242
FLUX  622   879.00        3.410609E+14   9.8741E-06   1.0045E-05   0.98303
FLUX  623   881.00        3.402866E+14   9.7219E-06   1.0043E-05   0.96806
FLUX  624   883.00        3.395159E+14   9.8517E-06   1.0041E-05   0.98118
FLUX  625   885.00        3.387486E+14   9.8098E-06   1.0039E-05   0.97720
FLUX  626   887.00        3.379848E+14   9.5214E-06   1.0037E-05   0.94866
FLUX  627   889.00        3.372244E+14   9.8875E-06   1.0034E-05   0.98535
FLUX  628   891.00        3.364674E+14   9.9367E-06   1.0032E-05   0.99048
FLUX  629   893.00        3.357139E+14   9.8326E-06   1.0030E-05   0.98031
FLUX  630   895.00        3.349637E+14   9.8851E-06   1.0028E-05   0.98578
FLUX  631   897.00        3.342168E+14   9.8936E-06   1.0025E-05   0.98686
FLUX  632   899.00        3.334733E+14   9.8987E-06   1.0023E-05   0.98760
FLUX  633   901.00        3.327331E+14   9.4029E-06   1.0020E-05   0.93837
FLUX  634   903.00        3.319961E+14   9.7445E-06   1.0018E-05   0.97271
FLUX  635   905.00        3.312624E+14   9.9519E-06   1.0015E-05   0.99367
FLUX  636   907.00        3.305320E+14   9.8187E-06   1.0013E-05   0.98063
FLUX  637   909.00        3.298047E+14   9.6542E-06   1.0010E-05   0.96446
FLUX  638   911.00        3.290807E+14   9.7790E-06   1.0007E-05   0.97720
FLUX  639   913.00        3.283598E+14   9.9325E-06   1.0004E-05   0.99282
FLUX  640   915.00        3.276421E+14   9.8931E-06   1.0002E-05   0.98916
FLUX  641   917.00        3.269275E+14   9.8729E-06   9.9986E-06   0.98743
FLUX  642   919.00        3.262160E+14   9.9028E-06   9.9957E-06   0.99071
FLUX  643   921.00        3.255076E+14   9.6990E-06   9.9927E-06   0.97061
FLUX  644   923.00        3.248023E+14   9.2903E-06   9.9896E-06   0.93000
FLUX  645   925.00        3.241000E+14   9.6193E-06   9.9865E-06   0.96322
FLUX  646   927.00        3.234008E+14   9.7957E-06   9.9835E-06   0.98119
FLUX  647   929.00        3.227045E+14   9.8526E-06   9.9804E-06   0.98720
FLUX  648   931.00        3.220113E+14   9.8891E-06   9.9772E-06   0.99117
FLUX  649   933.00        3.213210E+14   9.8634E-06   9.9740E-06   0.98891
FLUX  650   935.00        3.206337E+14   9.8646E-06   9.9708E-06   0.98935
FLUX  651   937.00        3.199493E+14   9.8602E-06   9.9675E-06   0.98923
FLUX  652   939.00        3.192678E+14   9.8515E-06   9.9642E-06   0.98869
FLUX  653   941.00        3.185893E+14   9.5377E-06   9.9608E-06   0.95752
FLUX  654   943.00        3.179136E+14   9.7833E-06   9.9575E-06   0.98251
FLUX  655   945.00        3.172407E+14   9.7311E-06   9.9540E-06   0.97760
FLUX  656   947.00        3.165707E+14   9.8519E-06   9.9506E-06   0.99008
FLUX  657   949.00        3.159036E+14   9.8730E-06   9.9471E-06   0.99256
FLUX  658   951.00        3.152392E+14   9.8257E-06   9.9435E-06   0.98815
FLUX  659   953.00        3.145776E+14   9.7438E-06   9.9399E-06   0.98027
FLUX  660   955.00        3.139188E+14   9.2433E-06   9.9363E-06   0.93026
FLUX  661   957.00        3.132628E+14   9.7383E-06   9.9326E-06   0.98044
FLUX  662   959.00        3.126095E+14   9.8401E-06   9.9289E-06   0.99106
FLUX  663   961.00        3.119589E+14   9.7730E-06   9.9251E-06   0.98467
FLUX  664   963.00        3.113110E+14   9.7405E-06   9.9213E-06   0.98178
FLUX  665   965.00        3.106658E+14   9.7594E-06   9.9175E-06   0.98406
FLUX  666   967.00        3.100233E+14   9.7199E-06   9.9137E-06   0.98045
FLUX  667   969.00        3.093834E+14   9.7931E-06   9.9098E-06   0.98822
FLUX  668   971.00        3.087461E+14   9.8119E-06   9.9059E-06   0.99052
FLUX  669   973.00        3.081115E+14   9.8170E-06   9.9019E-06   0.99143
FLUX  670   975.00        3.074795E+14   9.7470E-06   9.8979E-06   0.98475
FLUX  671   977.00        3.068500E+14   9.7837E-06   9.8939E-06   0.98886
FLUX  672   979.00        3.062232E+14   9.7559E-06   9.8898E-06   0.98645
FLUX  673   981.00        3.055989E+14   9.8123E-06   9.8857E-06   0.99257
FLUX  674   983.00        3.049771E+14   9.7844E-06   9.8816E-06   0.99016
FLUX  675   985.00        3.043579E+14   9.7985E-06   9.8775E-06   0.99200
FLUX  676   987.00        3.037411E+14   9.7604E-06   9.8733E-06   0.98857
FLUX  677   989.00        3.031269E+14   9.7510E-06   9.8691E-06   0.98803
FLUX  678   991.00        3.025151E+14   9.7159E-06   9.8649E-06   0.98489
FLUX  679   993.00        3.019058E+14   9.8035E-06   9.8607E-06   0.99421
FLUX  680   995.00        3.012990E+14   9.7949E-06   9.8564E-06   0.99376
FLUX  681   997.00        3.006946E+14   9.7957E-06   9.8521E-06   0.99427
FLUX  682   999.00        3.000926E+14   9.7787E-06   9.8478E-06   0.99298
FLUX  683  1002.50        2.990449E+14   9.6740E-06   9.8402E-06   0.98311
FLUX  684  1007.50        2.975608E+14   9.5251E-06   9.8293E-06   0.96905
FLUX  685  1012.50        2.960914E+14   9.7371E-06   9.8182E-06   0.99174
FLUX  686  1017.50        2.946364E+14   9.6670E-06   9.8071E-06   0.98571
FLUX  687  1022.50        2.931956E+14   9.7139E-06   9.7959E-06   0.99162
FLUX  688  1027.50        2.917689E+14   9.7406E-06   9.7847E-06   0.99549
FLUX  689  1032.50        2.903559E+14   9.6746E-06   9.7734E-06   0.98988
FLUX  690  1037.50        2.889566E+14   9.6680E-06   9.7620E-06   0.99036
FLUX  691  1042.50        2.875707E+14   9.6904E-06   9.7505E-06   0.99384
FLUX  692  1047.50        2.861981E+14   9.6099E-06   9.7389E-06   0.98676
FLUX  693  1052.50        2.848385E+14   9.6581E-06   9.7271E-06   0.99291
FLUX  694  1057.50        2.834917E+14   9.6141E-06   9.7151E-06   0.98960
FLUX  695  1062.50        2.821576E+14   9.5948E-06   9.7033E-06   0.98882
FLUX  696  1067.50        2.808361E+14   9.4422E-06   9.6911E-06   0.97431
FLUX  697  1072.50        2.795268E+14   9.5319E-06   9.6790E-06   0.98480
FLUX  698  1077.50        2.782297E+14   9.5031E-06   9.6668E-06   0.98306
FLUX  699  1082.50        2.769446E+14   9.3978E-06   9.6547E-06   0.97338
FLUX  700  1087.50        2.756713E+14   9.4239E-06   9.6426E-06   0.97732
FLUX  701  1092.50        2.744096E+14   9.1762E-06   9.6304E-06   0.95284
FLUX  702  1097.50        2.731595E+14   9.3028E-06   9.6182E-06   0.96721
FLUX  703  1102.50        2.719206E+14   9.4383E-06   9.6059E-06   0.98255
FLUX  704  1107.50        2.706930E+14   9.4848E-06   9.5935E-06   0.98867
FLUX  705  1112.50        2.694764E+14   9.4489E-06   9.5811E-06   0.98620
FLUX  706  1117.50        2.682707E+14   9.4293E-06   9.5687E-06   0.98543
FLUX  707  1122.50        2.670757E+14   9.4554E-06   9.5562E-06   0.98945
FLUX  708  1127.50        2.658913E+14   9.3342E-06   9.5438E-06   0.97803
FLUX  709  1132.50        2.647174E+14   9.3710E-06   9.5315E-06   0.98315
FLUX  710  1137.50        2.635538E+14   9.3710E-06   9.5192E-06   0.98443
FLUX  711  1142.50        2.624004E+14   9.3135E-06   9.5068E-06   0.97967
FLUX  712  1147.50        2.612571E+14   9.4226E-06   9.4943E-06   0.99245
FLUX  713  1152.50        2.601236E+14   9.4076E-06   9.4818E-06   0.99218
FLUX  714  1157.50        2.590000E+14   9.3598E-06   9.4693E-06   0.98844
FLUX  715  1162.50        2.578860E+14   9.2822E-06   9.4567E-06   0.98154
FLUX  716  1167.50        2.567816E+14   9.2796E-06   9.4443E-06   0.98256
FLUX  717  1172.50        2.556866E+14   9.3800E-06   9.4318E-06   0.99451
FLUX  718  1177.50        2.546008E+14   9.2339E-06   9.4194E-06   0.98031
FLUX  719  1182.50        2.535243E+14   9.2217E-06   9.4070E-06   0.98030
FLUX  720  1187.50        2.524568E+14   9.2120E-06   9.3954E-06   0.98048
FLUX  721  1192.50        2.513983E+14   9.3497E-06   9.3831E-06   0.99645
FLUX  722  1197.50        2.503486E+14   9.1110E-06   9.3708E-06   0.97227
FLUX  723  1202.50        2.493077E+14   9.2120E-06   9.3585E-06   0.98435
FLUX  724  1207.50        2.482754E+14   9.1640E-06   9.3462E-06   0.98050
FLUX  725  1212.50        2.472515E+14   9.2156E-06   9.3339E-06   0.98732
FLUX  726  1217.50        2.462361E+14   9.2834E-06   9.3217E-06   0.99590
FLUX  727  1222.50        2.452290E+14   9.2684E-06   9.3095E-06   0.99559
FLUX  728  1227.50        2.442301E+14   9.2176E-06   9.2974E-06   0.99142
FLUX  729  1232.50        2.432393E+14   9.2285E-06   9.2853E-06   0.99388
FLUX  730  1237.50        2.422566E+14   9.2180E-06   9.2734E-06   0.99404
FLUX  731  1242.50        2.412817E+14   9.1896E-06   9.2614E-06   0.99224
FLUX  732  1247.50        2.403146E+14   9.2131E-06   9.2496E-06   0.99605
FLUX  733  1252.50        2.393553E+14   9.1732E-06   9.2378E-06   0.99302
FLUX  734  1257.50        2.384036E+14   9.1544E-06   9.2260E-06   0.99224
FLUX  735  1262.50        2.374594E+14   9.1511E-06   9.2143E-06   0.99314
FLUX  736  1267.50        2.365227E+14   9.1200E-06   9.2027E-06   0.99101
FLUX  737  1272.50        2.355933E+14   9.1419E-06   9.1911E-06   0.99464
FLUX  738  1277.50        2.346712E+14   9.0900E-06   9.1797E-06   0.99023
FLUX  739  1282.50        2.337563E+14   8.4998E-06   9.1684E-06   0.92707
FLUX  740  1287.50        2.328485E+14   9.0488E-06   9.1571E-06   0.98817
FLUX  741  1292.50        2.319478E+14   9.0602E-06   9.1459E-06   0.99063
FLUX  742  1297.50        2.310539E+14   9.0951E-06   9.1346E-06   0.99567
FLUX  743  1302.50        2.301670E+14   9.0403E-06   9.1235E-06   0.99089
FLUX  744  1307.50        2.292868E+14   9.0736E-06   9.1124E-06   0.99574
FLUX  745  1312.50        2.284133E+14   8.9826E-06   9.1013E-06   0.98696
FLUX  746  1317.50        2.275465E+14   8.9677E-06   9.0903E-06   0.98652
FLUX  747  1322.50        2.266862E+14   9.0365E-06   9.0792E-06   0.99530
FLUX  748  1327.50        2.258324E+14   8.9626E-06   9.0683E-06   0.98834
FLUX  749  1332.50        2.249850E+14   8.9897E-06   9.0574E-06   0.99253
FLUX  750  1337.50        2.241439E+14   8.9710E-06   9.0465E-06   0.99166
FLUX  751  1342.50        2.233091E+14   8.9923E-06   9.0357E-06   0.99521
FLUX  752  1347.50        2.224805E+14   8.9753E-06   9.0249E-06   0.99451
FLUX  753  1352.50        2.216580E+14   8.9619E-06   9.0143E-06   0.99419
FLUX  754  1357.50        2.208416E+14   8.8931E-06   9.0037E-06   0.98772
FLUX  755  1362.50        2.200312E+14   8.9153E-06   8.9932E-06   0.99135
FLUX  756  1367.50        2.192267E+14   8.8934E-06   8.9826E-06   0.99007
FLUX  757  1372.50        2.184280E+14   8.8680E-06   8.9721E-06   0.98841
FLUX  758  1377.50        2.176352E+14   8.8753E-06   8.9615E-06   0.99038
FLUX  759  1382.50        2.168481E+14   8.8775E-06   8.9509E-06   0.99180
FLUX  760  1387.50        2.160667E+14   8.8892E-06   8.9404E-06   0.99428
FLUX  761  1392.50        2.152908E+14   8.8633E-06   8.9298E-06   0.99255
FLUX  762  1397.50        2.145206E+14   8.8464E-06   8.9196E-06   0.99180
FLUX  763  1402.50        2.137558E+14   8.8061E-06   8.9091E-06   0.98844
FLUX  764  1407.50        2.129964E+14   8.8285E-06   8.8986E-06   0.99213
FLUX  765  1412.50        2.122425E+14   8.7497E-06   8.8880E-06   0.98444
FLUX  766  1417.50        2.114938E+14   8.8075E-06   8.8774E-06   0.99213
FLUX  767  1422.50        2.107504E+14   8.7090E-06   8.8670E-06   0.98218
FLUX  768  1427.50        2.100123E+14   8.6364E-06   8.8563E-06   0.97516
FLUX  769  1432.50        2.092792E+14   8.7434E-06   8.8455E-06   0.98846
FLUX  770  1437.50        2.085513E+14   8.7740E-06   8.8346E-06   0.99315
FLUX  771  1442.50        2.078284E+14   8.5378E-06   8.8236E-06   0.96761
FLUX  772  1447.50        2.071105E+14   8.7262E-06   8.8125E-06   0.99021
FLUX  773  1452.50        2.063976E+14   8.5960E-06   8.8014E-06   0.97667
FLUX  774  1457.00        2.057601E+14   8.6630E-06   8.7913E-06   0.98541
FLUX  775  1462.00        2.050564E+14   8.6430E-06   8.8398E-06   0.97774
FLUX  776  1467.50        2.042879E+14   8.6516E-06   8.8292E-06   0.97989
FLUX  777  1472.50        2.035942E+14   8.5550E-06   8.8186E-06   0.97010
FLUX  778  1477.50        2.029052E+14   8.5559E-06   8.8079E-06   0.97139
FLUX  779  1482.50        2.022209E+14   8.5778E-06   8.7969E-06   0.97509
FLUX  780  1487.50        2.015412E+14   8.3939E-06   8.7857E-06   0.95540
FLUX  781  1492.50        2.008660E+14   8.6303E-06   8.7744E-06   0.98358
FLUX  782  1497.50        2.001953E+14   8.5598E-06   8.7628E-06   0.97684
FLUX  783  1502.50        1.995291E+14   8.3546E-06   8.7511E-06   0.95469
FLUX  784  1507.50        1.988673E+14   8.4130E-06   8.7391E-06   0.96269
FLUX  785  1512.50        1.982099E+14   8.5345E-06   8.7268E-06   0.97796
FLUX  786  1517.50        1.975568E+14   8.5529E-06   8.7142E-06   0.98149
FLUX  787  1522.50        1.969080E+14   8.4602E-06   8.7013E-06   0.97229
FLUX  788  1527.50        1.962635E+14   8.5115E-06   8.6880E-06   0.97968
FLUX  789  1532.50        1.956232E+14   8.4739E-06   8.6744E-06   0.97688
FLUX  790  1537.50        1.949870E+14   8.4628E-06   8.6603E-06   0.97719
FLUX  791  1542.50        1.943549E+14   8.4445E-06   8.6459E-06   0.97671
FLUX  792  1547.50        1.937270E+14   8.4397E-06   8.6310E-06   0.97783
FLUX  793  1552.50        1.931031E+14   8.3873E-06   8.6157E-06   0.97349
FLUX  794  1557.50        1.924831E+14   8.3561E-06   8.5999E-06   0.97166
FLUX  795  1562.50        1.918672E+14   8.4258E-06   8.5835E-06   0.98163
FLUX  796  1567.50        1.912552E+14   8.2898E-06   8.5665E-06   0.96771
FLUX  797  1572.50        1.906471E+14   8.3133E-06   8.5489E-06   0.97243
FLUX  798  1577.50        1.900428E+14   8.0991E-06   8.5308E-06   0.94939
FLUX  799  1582.50        1.894423E+14   8.2440E-06   8.5120E-06   0.96852
FLUX  800  1587.50        1.888457E+14   8.0009E-06   8.4924E-06   0.94213
FLUX  801  1592.50        1.882527E+14   8.1752E-06   8.4720E-06   0.96496
FLUX  802  1597.50        1.876635E+14   8.2074E-06   8.4509E-06   0.97119
FLUX  803  1605.00        1.867866E+14   8.1648E-06   8.4176E-06   0.96997
FLUX  804  1615.00        1.856300E+14   8.0523E-06   8.3695E-06   0.96210
FLUX  805  1625.00        1.844877E+14   8.1456E-06   8.3165E-06   0.97945
FLUX  806  1635.00        1.833593E+14   7.9960E-06   8.2560E-06   0.96851
FLUX  807  1645.00        1.822447E+14   7.8466E-06   8.1856E-06   0.95859
FLUX  808  1655.00        1.811435E+14   7.9817E-06   8.1087E-06   0.98433
FLUX  809  1665.00        1.800556E+14   7.9241E-06   8.0328E-06   0.98647
FLUX  810  1675.00        1.789806E+14   7.7172E-06   7.9582E-06   0.96973
FLUX  811  1685.00        1.779184E+14   7.5206E-06   7.8843E-06   0.95387
FLUX  812  1695.00        1.768687E+14   7.7502E-06   7.8113E-06   0.99217
FLUX  813  1705.00        1.758314E+14   7.6221E-06   7.7393E-06   0.98486
FLUX  814  1715.00        1.748061E+14   7.5620E-06   7.6682E-06   0.98615
FLUX  815  1725.00        1.737928E+14   7.4333E-06   7.5980E-06   0.97832
FLUX  816  1735.00        1.727911E+14   7.0521E-06   7.5288E-06   0.93669
FLUX  817  1745.00        1.718009E+14   7.2676E-06   7.4604E-06   0.97415
FLUX  818  1755.00        1.708219E+14   7.2988E-06   7.3929E-06   0.98727
FLUX  819  1765.00        1.698541E+14   7.2308E-06   7.3263E-06   0.98696
FLUX  820  1775.00        1.688972E+14   7.1709E-06   7.2606E-06   0.98766
FLUX  821  1785.00        1.679510E+14   7.1330E-06   7.1957E-06   0.99129
FLUX  822  1795.00        1.670153E+14   7.0805E-06   7.1316E-06   0.99284
FLUX  823  1805.00        1.660900E+14   6.9779E-06   7.0682E-06   0.98722
FLUX  824  1815.00        1.651749E+14   6.6227E-06   7.0057E-06   0.94533
FLUX  825  1825.00        1.642699E+14   6.7735E-06   6.9440E-06   0.97546
FLUX  826  1835.00        1.633747E+14   6.7978E-06   6.8829E-06   0.98763
FLUX  827  1845.00        1.624892E+14   6.7012E-06   6.8226E-06   0.98220
FLUX  828  1855.00        1.616132E+14   6.6814E-06   6.7631E-06   0.98792
FLUX  829  1865.00        1.607466E+14   6.5693E-06   6.7043E-06   0.97986
FLUX  830  1875.00        1.598893E+14   6.1376E-06   6.6462E-06   0.92347
FLUX  831  1885.00        1.590411E+14   6.4678E-06   6.5888E-06   0.98162
FLUX  832  1895.00        1.582018E+14   6.3372E-06   6.5322E-06   0.97015
FLUX  833  1905.00        1.573714E+14   6.4190E-06   6.4763E-06   0.99117
FLUX  834  1915.00        1.565496E+14   6.3450E-06   6.4210E-06   0.98817
FLUX  835  1925.00        1.557364E+14   6.2966E-06   6.3664E-06   0.98903
FLUX  836  1935.00        1.549315E+14   6.1883E-06   6.3125E-06   0.98032
FLUX  837  1945.00        1.541350E+14   5.8357E-06   6.2593E-06   0.93232
FLUX  838  1955.00        1.533465E+14   6.1156E-06   6.2067E-06   0.98531
FLUX  839  1965.00        1.525662E+14   6.0780E-06   6.1547E-06   0.98753
FLUX  840  1975.00        1.517937E+14   6.0087E-06   6.1034E-06   0.98448
FLUX  841  1985.00        1.510290E+14   5.9941E-06   6.0526E-06   0.99033
FLUX  842  1995.00        1.502719E+14   5.9420E-06   6.0025E-06   0.98991
FLUX  843  2005.00        1.495224E+14   5.9159E-06   5.9530E-06   0.99376
FLUX  844  2015.00        1.487804E+14   5.8883E-06   5.9041E-06   0.99732
FLUX  845  2025.00        1.480457E+14   5.8005E-06   5.8557E-06   0.99057
FLUX  846  2035.00        1.473182E+14   5.7225E-06   5.8080E-06   0.98528
FLUX  847  2045.00        1.465978E+14   5.7441E-06   5.7608E-06   0.99711
FLUX  848  2055.00        1.458844E+14   5.6811E-06   5.7141E-06   0.99422
FLUX  849  2065.00        1.451780E+14   5.6077E-06   5.6680E-06   0.98936
FLUX  850  2075.00        1.444783E+14   5.5850E-06   5.6225E-06   0.99334
FLUX  851  2085.00        1.437854E+14   5.5389E-06   5.5774E-06   0.99310
FLUX  852  2095.00        1.430990E+14   5.4686E-06   5.5329E-06   0.98837
FLUX  853  2105.00        1.424192E+14   5.4636E-06   5.4889E-06   0.99538
FLUX  854  2115.00        1.417459E+14   5.4085E-06   5.4454E-06   0.99323
FLUX  855  2125.00        1.410788E+14   5.3618E-06   5.4024E-06   0.99248
FLUX  856  2135.00        1.404180E+14   5.3317E-06   5.3599E-06   0.99474
FLUX  857  2145.00        1.397634E+14   5.2990E-06   5.3179E-06   0.99646
FLUX  858  2155.00        1.391148E+14   5.2395E-06   5.2763E-06   0.99301
FLUX  859  2165.00        1.384723E+14   4.9314E-06   5.2352E-06   0.94196
FLUX  860  2175.00        1.378356E+14   5.1121E-06   5.1946E-06   0.98412
FLUX  861  2185.00        1.372048E+14   5.1057E-06   5.1545E-06   0.99054
FLUX  862  2195.00        1.365797E+14   5.1038E-06   5.1148E-06   0.99787
FLUX  863  2205.00        1.359603E+14   5.0209E-06   5.0755E-06   0.98925
FLUX  864  2215.00        1.353465E+14   5.0180E-06   5.0367E-06   0.99628
FLUX  865  2225.00        1.347382E+14   4.9794E-06   4.9983E-06   0.99623
FLUX  866  2235.00        1.341353E+14   4.9414E-06   4.9604E-06   0.99618
FLUX  867  2245.00        1.335379E+14   4.9042E-06   4.9228E-06   0.99621
FLUX  868  2255.00        1.329457E+14   4.8507E-06   4.8857E-06   0.99284
FLUX  869  2265.00        1.323587E+14   4.8177E-06   4.8490E-06   0.99354
FLUX  870  2275.00        1.317769E+14   4.7988E-06   4.8127E-06   0.99712
FLUX  871  2285.00        1.312002E+14   4.7340E-06   4.7870E-06   0.98893
FLUX  872  2295.00        1.306285E+14   4.7011E-06   4.7514E-06   0.98941
FLUX  873  2305.00        1.300618E+14   4.6892E-06   4.7162E-06   0.99428
FLUX  874  2315.00        1.295000E+14   4.6455E-06   4.6814E-06   0.99235
FLUX  875  2325.00        1.289430E+14   4.5979E-06   4.6469E-06   0.98946
FLUX  876  2335.00        1.283908E+14   4.5649E-06   4.6128E-06   0.98962
FLUX  877  2345.00        1.278433E+14   4.5551E-06   4.5791E-06   0.99477
FLUX  878  2355.00        1.273004E+14   4.4900E-06   4.5457E-06   0.98775
FLUX  879  2365.00        1.267622E+14   4.4856E-06   4.5127E-06   0.99400
FLUX  880  2375.00        1.262284E+14   4.4234E-06   4.4800E-06   0.98737
FLUX  881  2385.00        1.256992E+14   4.3762E-06   4.4477E-06   0.98394
FLUX  882  2395.00        1.251743E+14   4.3840E-06   4.4157E-06   0.99281
FLUX  883  2405.00        1.246538E+14   4.3485E-06   4.3841E-06   0.99188
FLUX  884  2415.00        1.241377E+14   4.2859E-06   4.3528E-06   0.98464
FLUX  885  2425.00        1.236258E+14   4.2814E-06   4.3218E-06   0.99064
FLUX  886  2435.00        1.231181E+14   4.2457E-06   4.2912E-06   0.98940
FLUX  887  2445.00        1.226145E+14   4.2184E-06   4.2609E-06   0.99002
FLUX  888  2455.00        1.221151E+14   4.1548E-06   4.2309E-06   0.98202
FLUX  889  2465.00        1.216197E+14   4.1683E-06   4.2012E-06   0.99216
FLUX  890  2475.00        1.211283E+14   4.1201E-06   4.1718E-06   0.98760
FLUX  891  2485.00        1.206408E+14   4.0655E-06   4.1427E-06   0.98136
FLUX  892  2495.00        1.201573E+14   4.0725E-06   4.1139E-06   0.98994
FLUX  893  2505.00        1.196776E+14   4.0496E-06   4.0854E-06   0.99122
FLUX  894  2515.00        1.192018E+14   4.0170E-06   4.0572E-06   0.99009
FLUX  895  2525.00        1.187297E+14   4.0001E-06   4.0293E-06   0.99275
FLUX  896  2535.00        1.182613E+14   3.9699E-06   4.0017E-06   0.99206
FLUX  897  2545.00        1.177967E+14   3.9255E-06   3.9743E-06   0.98771
FLUX  898  2555.00        1.173356E+14   3.9036E-06   3.9473E-06   0.98894
FLUX  899  2565.00        1.168782E+14   3.8704E-06   3.9205E-06   0.98722
FLUX  900  2575.00        1.164243E+14   3.8722E-06   3.8939E-06   0.99443
FLUX  901  2585.00        1.159739E+14   3.8041E-06   3.8676E-06   0.98357
FLUX  902  2595.00        1.155270E+14   3.8110E-06   3.8416E-06   0.99204
FLUX  903  2605.00        1.150835E+14   3.7882E-06   3.8158E-06   0.99274
FLUX  904  2615.00        1.146434E+14   3.7406E-06   3.7903E-06   0.98689
FLUX  905  2625.00        1.142067E+14   3.5652E-06   3.7651E-06   0.94692
FLUX  906  2635.00        1.137732E+14   3.6880E-06   3.7401E-06   0.98608
FLUX  907  2645.00        1.133431E+14   3.6711E-06   3.7153E-06   0.98810
FLUX  908  2655.00        1.129162E+14   3.6542E-06   3.6908E-06   0.99010
FLUX  909  2665.00        1.124925E+14   3.6143E-06   3.6665E-06   0.98576
FLUX  910  2675.00        1.120720E+14   3.5990E-06   3.6424E-06   0.98807
FLUX  911  2685.00        1.116546E+14   3.6017E-06   3.6186E-06   0.99532
FLUX  912  2695.00        1.112403E+14   3.5809E-06   3.5950E-06   0.99606
FLUX  913  2705.00        1.108290E+14   3.5594E-06   3.5717E-06   0.99657
FLUX  914  2715.00        1.104208E+14   3.5333E-06   3.5485E-06   0.99572
FLUX  915  2725.00        1.100156E+14   3.5112E-06   3.5256E-06   0.99591
FLUX  916  2735.00        1.096133E+14   3.4900E-06   3.5029E-06   0.99630
FLUX  917  2745.00        1.092140E+14   3.4713E-06   3.4804E-06   0.99737
FLUX  918  2755.00        1.088176E+14   3.4088E-06   3.4582E-06   0.98573
FLUX  919  2765.00        1.084240E+14   3.4035E-06   3.4361E-06   0.99050
FLUX  920  2775.00        1.080333E+14   3.3987E-06   3.4143E-06   0.99543
FLUX  921  2785.00        1.076454E+14   3.3800E-06   3.3927E-06   0.99627
FLUX  922  2795.00        1.072603E+14   3.3647E-06   3.3712E-06   0.99806
FLUX  923  2805.00        1.068779E+14   3.3426E-06   3.3500E-06   0.99778
FLUX  924  2815.00        1.064982E+14   3.3236E-06   3.3290E-06   0.99839
FLUX  925  2825.00        1.061212E+14   3.3013E-06   3.3081E-06   0.99793
FLUX  926  2835.00        1.057469E+14   3.2850E-06   3.2875E-06   0.99925
FLUX  927  2845.00        1.053752E+14   3.2540E-06   3.2670E-06   0.99601
FLUX  928  2855.00        1.050061E+14   3.2393E-06   3.2467E-06   0.99771
FLUX  929  2865.00        1.046396E+14   3.2060E-06   3.2266E-06   0.99360
FLUX  930  2875.00        1.042757E+14   3.1477E-06   3.2067E-06   0.98158
FLUX  931  2885.00        1.039142E+14   3.1739E-06   3.1870E-06   0.99588
FLUX  932  2895.00        1.035553E+14   3.1624E-06   3.1675E-06   0.99840
FLUX  933  2905.00        1.031988E+14   3.1430E-06   3.1481E-06   0.99836
FLUX  934  2915.00        1.028448E+14   3.1232E-06   3.1289E-06   0.99817
FLUX  935  2925.00        1.024932E+14   3.0944E-06   3.1099E-06   0.99501
FLUX  936  2935.00        1.021440E+14   3.0859E-06   3.0911E-06   0.99831
FLUX  937  2945.00        1.017971E+14   3.0634E-06   3.0724E-06   0.99706
FLUX  938  2955.00        1.014526E+14   3.0490E-06   3.0539E-06   0.99841
FLUX  939  2965.00        1.011105E+14   3.0314E-06   3.0356E-06   0.99862
FLUX  940  2975.00        1.007706E+14   3.0130E-06   3.0174E-06   0.99855
FLUX  941  2985.00        1.004330E+14   2.9959E-06   2.9994E-06   0.99883
FLUX  942  2995.00        1.000977E+14   2.9729E-06   2.9815E-06   0.99711
FLUX  943  3005.00        9.976456E+13   2.9555E-06   2.9638E-06   0.99720
FLUX  944  3015.00        9.943366E+13   2.9420E-06   2.9463E-06   0.99855
FLUX  945  3025.00        9.910496E+13   2.9204E-06   2.9289E-06   0.99709
FLUX  946  3035.00        9.877842E+13   2.8562E-06   2.9117E-06   0.98093
FLUX  947  3045.00        9.845402E+13   2.8641E-06   2.8946E-06   0.98946
FLUX  948  3055.00        9.813175E+13   2.8709E-06   2.8776E-06   0.99767
FLUX  949  3065.00        9.781158E+13   2.8506E-06   2.8608E-06   0.99644
FLUX  950  3075.00        9.749349E+13   2.8416E-06   2.8441E-06   0.99913
FLUX  951  3085.00        9.717747E+13   2.8171E-06   2.8276E-06   0.99631
FLUX  952  3095.00        9.686349E+13   2.8026E-06   2.8112E-06   0.99696
FLUX  953  3105.00        9.655153E+13   2.7914E-06   2.7949E-06   0.99876
FLUX  954  3115.00        9.624157E+13   2.7552E-06   2.7788E-06   0.99152
FLUX  955  3125.00        9.593360E+13   2.7570E-06   2.7628E-06   0.99791
FLUX  956  3135.00        9.562759E+13   2.7419E-06   2.7469E-06   0.99815
FLUX  957  3145.00        9.532353E+13   2.7275E-06   2.7312E-06   0.99865
FLUX  958  3155.00        9.502139E+13   2.7036E-06   2.7157E-06   0.99555
FLUX  959  3165.00        9.472117E+13   2.6942E-06   2.7002E-06   0.99777
FLUX  960  3175.00        9.442283E+13   2.6780E-06   2.6849E-06   0.99743
FLUX  961  3185.00        9.412637E+13   2.6647E-06   2.6697E-06   0.99814
FLUX  962  3195.00        9.383177E+13   2.6526E-06   2.6546E-06   0.99922
FLUX  963  3210.00        9.339330E+13   2.6265E-06   2.6323E-06   0.99779
FLUX  964  3230.00        9.281501E+13   2.5986E-06   2.6029E-06   0.99835
FLUX  965  3250.00        9.224385E+13   2.5687E-06   2.5740E-06   0.99793
FLUX  966  3270.00        9.167966E+13   2.5398E-06   2.5456E-06   0.99771
FLUX  967  3290.00        9.112234E+13   2.4750E-06   2.5188E-06   0.98260
FLUX  968  3310.00        9.057175E+13   2.4746E-06   2.4913E-06   0.99331
FLUX  969  3330.00        9.002778E+13   2.4509E-06   2.4642E-06   0.99461
FLUX  970  3350.00        8.949030E+13   2.4311E-06   2.4376E-06   0.99733
FLUX  971  3370.00        8.895920E+13   2.4017E-06   2.4114E-06   0.99597
FLUX  972  3390.00        8.843436E+13   2.3735E-06   2.3856E-06   0.99493
FLUX  973  3410.00        8.791569E+13   2.3458E-06   2.3602E-06   0.99391
FLUX  974  3430.00        8.740306E+13   2.3292E-06   2.3353E-06   0.99741
FLUX  975  3450.00        8.689638E+13   2.3073E-06   2.3107E-06   0.99852
FLUX  976  3470.00        8.639553E+13   2.2817E-06   2.2865E-06   0.99792
FLUX  977  3490.00        8.590043E+13   2.2590E-06   2.2627E-06   0.99838
FLUX  978  3510.00        8.541097E+13   2.2359E-06   2.2392E-06   0.99851
FLUX  979  3530.00        8.492705E+13   2.2098E-06   2.2161E-06   0.99717
FLUX  980  3550.00        8.444859E+13   2.1899E-06   2.1934E-06   0.99841
FLUX  981  3570.00        8.397549E+13   2.1653E-06   2.1710E-06   0.99740
FLUX  982  3590.00        8.350766E+13   2.1428E-06   2.1489E-06   0.99716
FLUX  983  3610.00        8.304501E+13   2.1256E-06   2.1272E-06   0.99926
FLUX  984  3630.00        8.258746E+13   2.1036E-06   2.1058E-06   0.99892
FLUX  985  3650.00        8.213493E+13   2.0752E-06   2.0848E-06   0.99540
FLUX  986  3670.00        8.168733E+13   2.0543E-06   2.0640E-06   0.99529
FLUX  987  3690.00        8.124458E+13   2.0259E-06   2.0436E-06   0.99136
FLUX  988  3710.00        8.080660E+13   2.0064E-06   2.0234E-06   0.99159
FLUX  989  3730.00        8.037332E+13   1.9840E-06   2.0036E-06   0.99025
FLUX  990  3750.00        7.994467E+13   1.9443E-06   1.9840E-06   0.98000
FLUX  991  3770.00        7.952056E+13   1.9547E-06   1.9647E-06   0.99489
FLUX  992  3790.00        7.910092E+13   1.9359E-06   1.9457E-06   0.99499
FLUX  993  3810.00        7.868569E+13   1.9185E-06   1.9270E-06   0.99559
FLUX  994  3830.00        7.827480E+13   1.9039E-06   1.9085E-06   0.99759
FLUX  995  3850.00        7.786818E+13   1.8874E-06   1.8903E-06   0.99849
FLUX  996  3870.00        7.746576E+13   1.8663E-06   1.8724E-06   0.99674
FLUX  997  3890.00        7.706748E+13   1.8467E-06   1.8547E-06   0.99572
FLUX  998  3910.00        7.667327E+13   1.8340E-06   1.8372E-06   0.99822
FLUX  999  3930.00        7.628308E+13   1.8169E-06   1.8200E-06   0.99825
FLUX 1000  3950.00        7.589683E+13   1.7947E-06   1.8031E-06   0.99538
FLUX 1001  3970.00        7.551448E+13   1.7826E-06   1.7864E-06   0.99788
FLUX 1002  3990.00        7.513596E+13   1.7573E-06   1.7699E-06   0.99292
FLUX 1003  4010.00        7.476122E+13   1.7439E-06   1.7536E-06   0.99446
FLUX 1004  4030.00        7.439020E+13   1.7326E-06   1.7376E-06   0.99715
FLUX 1005  4050.00        7.402284E+13   1.6932E-06   1.7218E-06   0.98342
FLUX 1006  4070.00        7.365909E+13   1.6990E-06   1.7062E-06   0.99579
FLUX 1007  4090.00        7.329890E+13   1.6851E-06   1.6908E-06   0.99668
FLUX 1008  4110.00        7.294221E+13   1.6721E-06   1.6756E-06   0.99792
FLUX 1009  4130.00        7.258898E+13   1.6589E-06   1.6606E-06   0.99900
FLUX 1010  4150.00        7.223916E+13   1.6404E-06   1.6458E-06   0.99672
FLUX 1011  4170.00        7.189269E+13   1.6255E-06   1.6312E-06   0.99647
FLUX 1012  4190.00        7.154952E+13   1.6130E-06   1.6168E-06   0.99765
FLUX 1013  4210.00        7.120962E+13   1.5923E-06   1.6026E-06   0.99357
FLUX 1014  4230.00        7.087293E+13   1.5882E-06   1.5886E-06   0.99976
FLUX 1015  4250.00        7.053941E+13   1.5713E-06   1.5748E-06   0.99781
FLUX 1016  4270.00        7.020902E+13   1.5600E-06   1.5611E-06   0.99931
FLUX 1017  4290.00        6.988170E+13   1.5355E-06   1.5476E-06   0.99214
FLUX 1018  4310.00        6.955742E+13   1.5153E-06   1.5343E-06   0.98761
FLUX 1019  4330.00        6.923614E+13   1.5063E-06   1.5212E-06   0.99020
FLUX 1020  4350.00        6.891782E+13   1.4796E-06   1.5082E-06   0.98106
FLUX 1021  4370.00        6.860240E+13   1.4619E-06   1.4954E-06   0.97763
FLUX 1022  4390.00        6.828986E+13   1.4583E-06   1.4828E-06   0.98350
FLUX 1023  4410.00        6.798016E+13   1.4295E-06   1.4703E-06   0.97225
FLUX 1024  4430.00        6.767325E+13   1.4254E-06   1.4579E-06   0.97771
FLUX 1025  4450.00        6.736910E+13   1.4162E-06   1.4458E-06   0.97958
FLUX 1026  4470.00        6.706767E+13   1.3919E-06   1.4339E-06   0.97072
FLUX 1027  4490.00        6.676893E+13   1.3893E-06   1.4220E-06   0.97696
FLUX 1028  4510.00        6.647284E+13   1.3776E-06   1.4103E-06   0.97686
FLUX 1029  4530.00        6.617936E+13   1.3573E-06   1.3987E-06   0.97043
FLUX 1030  4550.00        6.588846E+13   1.3523E-06   1.3873E-06   0.97482
FLUX 1031  4570.00        6.560011E+13   1.3441E-06   1.3759E-06   0.97686
FLUX 1032  4590.00        6.531427E+13   1.3248E-06   1.3648E-06   0.97070
FLUX 1033  4610.00        6.503091E+13   1.3209E-06   1.3537E-06   0.97576
FLUX 1034  4630.00        6.475000E+13   1.3095E-06   1.3428E-06   0.97517
FLUX 1035  4650.00        6.447150E+13   1.2866E-06   1.3321E-06   0.96583
FLUX 1036  4670.00        6.419540E+13   1.2855E-06   1.3214E-06   0.97281
FLUX 1037  4690.00        6.392164E+13   1.2820E-06   1.3109E-06   0.97795
FLUX 1038  4710.00        6.365021E+13   1.2717E-06   1.3005E-06   0.97781
FLUX 1039  4730.00        6.338108E+13   1.2658E-06   1.2902E-06   0.98108
FLUX 1040  4750.00        6.311421E+13   1.2552E-06   1.2801E-06   0.98056
FLUX 1041  4770.00        6.284958E+13   1.2448E-06   1.2701E-06   0.98009
FLUX 1042  4790.00        6.258716E+13   1.2367E-06   1.2602E-06   0.98138
FLUX 1043  4810.00        6.232692E+13   1.2246E-06   1.2504E-06   0.97938
FLUX 1044  4830.00        6.206884E+13   1.2196E-06   1.2407E-06   0.98303
FLUX 1045  4850.00        6.181289E+13   1.2082E-06   1.2311E-06   0.98139
FLUX 1046  4870.00        6.155903E+13   1.1996E-06   1.2217E-06   0.98197
FLUX 1047  4890.00        6.130726E+13   1.1914E-06   1.2123E-06   0.98274
FLUX 1048  4910.00        6.105753E+13   1.1826E-06   1.2031E-06   0.98302
FLUX 1049  4930.00        6.080984E+13   1.1742E-06   1.1939E-06   0.98350
FLUX 1050  4950.00        6.056414E+13   1.1646E-06   1.1849E-06   0.98287
FLUX 1051  4970.00        6.032042E+13   1.1565E-06   1.1760E-06   0.98342
FLUX 1052  4990.00        6.007866E+13   1.1500E-06   1.1671E-06   0.98528
FLUX 1053  5010.00        5.983882E+13   1.1388E-06   1.1584E-06   0.98311
FLUX 1054  5030.00        5.960089E+13   1.1337E-06   1.1498E-06   0.98599
FLUX 1055  5050.00        5.936485E+13   1.1222E-06   1.1412E-06   0.98334
FLUX 1056  5070.00        5.913067E+13   1.1153E-06   1.1328E-06   0.98455
FLUX 1057  5090.00        5.889833E+13   1.1088E-06   1.1244E-06   0.98611
FLUX 1058  5110.00        5.866781E+13   1.0984E-06   1.1162E-06   0.98405
FLUX 1059  5130.00        5.843908E+13   1.0867E-06   1.1080E-06   0.98083
FLUX 1060  5150.00        5.821214E+13   1.0841E-06   1.0999E-06   0.98559
FLUX 1061  5170.00        5.798694E+13   1.0791E-06   1.0919E-06   0.98829
FLUX 1062  5190.00        5.776349E+13   1.0694E-06   1.0840E-06   0.98650
FLUX 1063  5210.00        5.754175E+13   1.0607E-06   1.0762E-06   0.98560
FLUX 1064  5230.00        5.732170E+13   1.0534E-06   1.0685E-06   0.98592
FLUX 1065  5250.00        5.710333E+13   1.0479E-06   1.0608E-06   0.98789
FLUX 1066  5270.00        5.688662E+13   1.0416E-06   1.0532E-06   0.98895
FLUX 1067  5290.00        5.667155E+13   1.0314E-06   1.0457E-06   0.98630
FLUX 1068  5310.00        5.645810E+13   1.0262E-06   1.0383E-06   0.98833
FLUX 1069  5330.00        5.624625E+13   1.0184E-06   1.0310E-06   0.98779
FLUX 1070  5350.00        5.603598E+13   1.0120E-06   1.0237E-06   0.98850
FLUX 1071  5370.00        5.582728E+13   1.0039E-06   1.0166E-06   0.98755
FLUX 1072  5390.00        5.562013E+13   9.9848E-07   1.0094E-06   0.98914
FLUX 1073  5410.00        5.541451E+13   9.9210E-07   1.0024E-06   0.98971
FLUX 1074  5430.00        5.521040E+13   9.8272E-07   9.9546E-07   0.98720
FLUX 1075  5450.00        5.500780E+13   9.7888E-07   9.8858E-07   0.99019
FLUX 1076  5470.00        5.480667E+13   9.7087E-07   9.8176E-07   0.98891
FLUX 1077  5490.00        5.460701E+13   9.6444E-07   9.7502E-07   0.98915
FLUX 1078  5510.00        5.440880E+13   9.5940E-07   9.6834E-07   0.99077
FLUX 1079  5530.00        5.421202E+13   9.5389E-07   9.6174E-07   0.99184
FLUX 1080  5550.00        5.401667E+13   9.4564E-07   9.5520E-07   0.99000
FLUX 1081  5570.00        5.382271E+13   9.4182E-07   9.4873E-07   0.99272
FLUX 1082  5590.00        5.363014E+13   9.3216E-07   9.4232E-07   0.98922
FLUX 1083  5610.00        5.343895E+13   9.2810E-07   9.3597E-07   0.99159
FLUX 1084  5630.00        5.324911E+13   9.2143E-07   9.2970E-07   0.99111
FLUX 1085  5650.00        5.306062E+13   9.1737E-07   9.2348E-07   0.99339
FLUX 1086  5670.00        5.287346E+13   9.1153E-07   9.1733E-07   0.99368
FLUX 1087  5690.00        5.268761E+13   9.0359E-07   9.1123E-07   0.99161
FLUX 1088  5710.00        5.250306E+13   8.9948E-07   9.0520E-07   0.99368
FLUX 1089  5730.00        5.231981E+13   8.9389E-07   8.9923E-07   0.99406
FLUX 1090  5750.00        5.213783E+13   8.8785E-07   8.9332E-07   0.99388
FLUX 1091  5770.00        5.195711E+13   8.8199E-07   8.8746E-07   0.99383
FLUX 1092  5790.00        5.177763E+13   8.7673E-07   8.8166E-07   0.99440
FLUX 1093  5810.00        5.159940E+13   8.7089E-07   8.7592E-07   0.99426
FLUX 1094  5830.00        5.142238E+13   8.6573E-07   8.7024E-07   0.99482
FLUX 1095  5850.00        5.124658E+13   8.6078E-07   8.6463E-07   0.99554
FLUX 1096  5870.00        5.107198E+13   8.5447E-07   8.5906E-07   0.99466
FLUX 1097  5890.00        5.089856E+13   8.4775E-07   8.5354E-07   0.99322
FLUX 1098  5910.00        5.072631E+13   8.3990E-07   8.4807E-07   0.99037
FLUX 1099  5930.00        5.055523E+13   8.3896E-07   8.4265E-07   0.99562
FLUX 1100  5950.00        5.038529E+13   8.3156E-07   8.3728E-07   0.99317
FLUX 1101  5970.00        5.021650E+13   8.2868E-07   8.3197E-07   0.99605
FLUX 1102  5990.00        5.004883E+13   8.2368E-07   8.2670E-07   0.99635
FLUX 1103  6010.00        4.988228E+13   8.1812E-07   8.2149E-07   0.99590
FLUX 1104  6030.00        4.971683E+13   8.1369E-07   8.1632E-07   0.99678
FLUX 1105  6050.00        4.955248E+13   8.0863E-07   8.1120E-07   0.99683
FLUX 1106  6070.00        4.938921E+13   8.0327E-07   8.0613E-07   0.99644
FLUX 1107  6090.00        4.922701E+13   7.9794E-07   8.0111E-07   0.99604
FLUX 1108  6110.00        4.906588E+13   7.9196E-07   7.9613E-07   0.99476
FLUX 1109  6130.00        4.890579E+13   7.8878E-07   7.9121E-07   0.99693
FLUX 1110  6150.00        4.874675E+13   7.8444E-07   7.8632E-07   0.99760
FLUX 1111  6170.00        4.858874E+13   7.7959E-07   7.8148E-07   0.99758
FLUX 1112  6190.00        4.843174E+13   7.7503E-07   7.7669E-07   0.99787
FLUX 1113  6210.00        4.827576E+13   7.7047E-07   7.7194E-07   0.99809
FLUX 1114  6230.00        4.812079E+13   7.6384E-07   7.6723E-07   0.99559
FLUX 1115  6250.00        4.796680E+13   7.6022E-07   7.6257E-07   0.99693
FLUX 1116  6270.00        4.781380E+13   7.5584E-07   7.5795E-07   0.99722
FLUX 1117  6290.00        4.766176E+13   7.5140E-07   7.5336E-07   0.99739
FLUX 1118  6310.00        4.751070E+13   7.4609E-07   7.4883E-07   0.99635
FLUX 1119  6330.00        4.736058E+13   7.4342E-07   7.4433E-07   0.99878
FLUX 1120  6350.00        4.721142E+13   7.3872E-07   7.3987E-07   0.99844
FLUX 1121  6370.00        4.706319E+13   7.3429E-07   7.3545E-07   0.99842
FLUX 1122  6390.00        4.691588E+13   7.2979E-07   7.3108E-07   0.99824
FLUX 1123  6420.00        4.669665E+13   7.2373E-07   7.2458E-07   0.99882
FLUX 1124  6460.00        4.640751E+13   7.1469E-07   7.1606E-07   0.99809
FLUX 1125  6500.00        4.612192E+13   7.0621E-07   7.0768E-07   0.99792
FLUX 1126  6540.00        4.583983E+13   6.9882E-07   6.9945E-07   0.99909
FLUX 1127  6580.00        4.556117E+13   6.9091E-07   6.9136E-07   0.99935
FLUX 1128  6620.00        4.528588E+13   6.8276E-07   6.8342E-07   0.99904
FLUX 1129  6660.00        4.501389E+13   6.7527E-07   6.7560E-07   0.99951
FLUX 1130  6700.00        4.474515E+13   6.6735E-07   6.6793E-07   0.99914
FLUX 1131  6740.00        4.447960E+13   6.5957E-07   6.6038E-07   0.99878
FLUX 1132  6780.00        4.421718E+13   6.5219E-07   6.5296E-07   0.99883
FLUX 1133  6820.00        4.395784E+13   6.4527E-07   6.4566E-07   0.99939
FLUX 1134  6860.00        4.370153E+13   6.3815E-07   6.3849E-07   0.99947
FLUX 1135  6900.00        4.344819E+13   6.3114E-07   6.3143E-07   0.99954
FLUX 1136  6940.00        4.319777E+13   6.2400E-07   6.2449E-07   0.99922
FLUX 1137  6980.00        4.295021E+13   6.1749E-07   6.1766E-07   0.99972
FLUX 1138  7020.00        4.270548E+13   6.1017E-07   6.1094E-07   0.99872
FLUX 1139  7060.00        4.246353E+13   6.0413E-07   6.0434E-07   0.99965
FLUX 1140  7100.00        4.222430E+13   5.9769E-07   5.9784E-07   0.99976
FLUX 1141  7140.00        4.198774E+13   5.9125E-07   5.9144E-07   0.99968
FLUX 1142  7180.00        4.175383E+13   5.8496E-07   5.8514E-07   0.99969
FLUX 1143  7220.00        4.152251E+13   5.7867E-07   5.7895E-07   0.99952
FLUX 1144  7260.00        4.129373E+13   5.7257E-07   5.7285E-07   0.99950
FLUX 1145  7300.00        4.106747E+13   5.6680E-07   5.6685E-07   0.99991
FLUX 1146  7340.00        4.084366E+13   5.6053E-07   5.6094E-07   0.99927
FLUX 1147  7380.00        4.062229E+13   5.5505E-07   5.5513E-07   0.99987
FLUX 1148  7420.00        4.040330E+13   5.4905E-07   5.4940E-07   0.99936
FLUX 1149  7460.00        4.018666E+13   5.4096E-07   5.4376E-07   0.99484
FLUX 1150  7500.00        3.997233E+13   5.3611E-07   5.3821E-07   0.99609
FLUX 1151  7540.00        3.976028E+13   5.3248E-07   5.3274E-07   0.99950
FLUX 1152  7580.00        3.955046E+13   5.2728E-07   5.2736E-07   0.99985
FLUX 1153  7620.00        3.934285E+13   5.2196E-07   5.2206E-07   0.99981
FLUX 1154  7660.00        3.913740E+13   5.1678E-07   5.1683E-07   0.99990
FLUX 1155  7700.00        3.893409E+13   5.1138E-07   5.1169E-07   0.99939
FLUX 1156  7740.00        3.873288E+13   5.0656E-07   5.0662E-07   0.99989
FLUX 1157  7780.00        3.853374E+13   5.0159E-07   5.0162E-07   0.99994
FLUX 1158  7820.00        3.833664E+13   4.9667E-07   4.9670E-07   0.99993
FLUX 1159  7860.00        3.814154E+13   4.9184E-07   4.9185E-07   0.99997
FLUX 1160  7900.00        3.794842E+13   4.8704E-07   4.8707E-07   0.99993
FLUX 1161  7940.00        3.775724E+13   4.8232E-07   4.8237E-07   0.99989
FLUX 1162  7980.00        3.756798E+13   4.7768E-07   4.7772E-07   0.99990
FLUX 1163  8020.00        3.738061E+13   4.7298E-07   4.7315E-07   0.99963
FLUX 1164  8060.00        3.719510E+13   4.6837E-07   4.6864E-07   0.99943
FLUX 1165  8100.00        3.701142E+13   4.6415E-07   4.6420E-07   0.99991
FLUX 1166  8140.00        3.682955E+13   4.5939E-07   4.5981E-07   0.99909
FLUX 1167  8180.00        3.664945E+13   4.5526E-07   4.5549E-07   0.99950
FLUX 1168  8220.00        3.647111E+13   4.5119E-07   4.5123E-07   0.99992
FLUX 1169  8260.00        3.629449E+13   4.4694E-07   4.4703E-07   0.99981
FLUX 1170  8300.00        3.611958E+13   4.4284E-07   4.4289E-07   0.99989
FLUX 1171  8340.00        3.594634E+13   4.3849E-07   4.3880E-07   0.99930
FLUX 1172  8380.00        3.577476E+13   4.3460E-07   4.3477E-07   0.99961
FLUX 1173  8420.00        3.560481E+13   4.3075E-07   4.3080E-07   0.99989
FLUX 1174  8460.00        3.543647E+13   4.2683E-07   4.2688E-07   0.99989
FLUX 1175  8500.00        3.526971E+13   4.2297E-07   4.2301E-07   0.99991
FLUX 1176  8540.00        3.510451E+13   4.1914E-07   4.1919E-07   0.99988
FLUX 1177  8580.00        3.494085E+13   4.1539E-07   4.1543E-07   0.99991
FLUX 1178  8620.00        3.477871E+13   4.1163E-07   4.1172E-07   0.99979
FLUX 1179  8660.00        3.461807E+13   4.0802E-07   4.0805E-07   0.99992
FLUX 1180  8700.00        3.445891E+13   4.0443E-07   4.0444E-07   0.99997
FLUX 1181  8740.00        3.430120E+13   4.0060E-07   4.0087E-07   0.99932
FLUX 1182  8780.00        3.414493E+13   3.9709E-07   3.9735E-07   0.99935
FLUX 1183  8820.00        3.399008E+13   3.9365E-07   3.9388E-07   0.99943
FLUX 1184  8860.00        3.383662E+13   3.9026E-07   3.9045E-07   0.99951
FLUX 1185  8900.00        3.368455E+13   3.8686E-07   3.8707E-07   0.99946
FLUX 1186  8940.00        3.353384E+13   3.8363E-07   3.8373E-07   0.99975
FLUX 1187  8980.00        3.338447E+13   3.8012E-07   3.8043E-07   0.99919
FLUX 1188  9020.00        3.323642E+13   3.7702E-07   3.7717E-07   0.99958
FLUX 1189  9060.00        3.308968E+13   3.7395E-07   3.7396E-07   0.99998
FLUX 1190  9100.00        3.294423E+13   3.7055E-07   3.7079E-07   0.99935
FLUX 1191  9140.00        3.280005E+13   3.6745E-07   3.6765E-07   0.99946
FLUX 1192  9180.00        3.265713E+13   3.6448E-07   3.6456E-07   0.99979
FLUX 1193  9220.00        3.251546E+13   3.6148E-07   3.6151E-07   0.99992
FLUX 1194  9260.00        3.237500E+13   3.5844E-07   3.5849E-07   0.99985
FLUX 1195  9300.00        3.223575E+13   3.5550E-07   3.5551E-07   0.99998
FLUX 1196  9340.00        3.209770E+13   3.5248E-07   3.5257E-07   0.99975
FLUX 1197  9380.00        3.196082E+13   3.4956E-07   3.4967E-07   0.99970
FLUX 1198  9420.00        3.182511E+13   3.4679E-07   3.4680E-07   0.99997
FLUX 1199  9460.00        3.169054E+13   3.4387E-07   3.4396E-07   0.99974
FLUX 1200  9500.00        3.155710E+13   3.4114E-07   3.4116E-07   0.99992
FLUX 1201  9540.00        3.142479E+13   3.3830E-07   3.3840E-07   0.99971
FLUX 1202  9580.00        3.129358E+13   3.3558E-07   3.3566E-07   0.99976
FLUX 1203  9620.00        3.116346E+13   3.3285E-07   3.3296E-07   0.99965
FLUX 1204  9660.00        3.103442E+13   3.3021E-07   3.3030E-07   0.99972
FLUX 1205  9700.00        3.090644E+13   3.2764E-07   3.2766E-07   0.99993
FLUX 1206  9740.00        3.077952E+13   3.2476E-07   3.2506E-07   0.99907
FLUX 1207  9780.00        3.065363E+13   3.2225E-07   3.2248E-07   0.99926
FLUX 1208  9820.00        3.052877E+13   3.1988E-07   3.1994E-07   0.99981
FLUX 1209  9860.00        3.040492E+13   3.1738E-07   3.1743E-07   0.99987
FLUX 1210  9900.00        3.028207E+13   3.1490E-07   3.1494E-07   0.99987
FLUX 1211  9940.00        3.016021E+13   3.1233E-07   3.1249E-07   0.99950
FLUX 1212  9980.00        3.003933E+13   3.1001E-07   3.1006E-07   0.99984
FLUX 1213 10020.00        2.991941E+13   3.0762E-07   3.0767E-07   0.99984
FLUX 1214 20000.00        1.498962E+13   7.9304E-08   7.9306E-08   0.99997
FLUX 1215 40000.00        7.494812E+12   1.9933E-08   1.9934E-08   0.99999
FLUX 1216 60000.00        4.996542E+12   8.8236E-09   8.8236E-09   1.00000
FLUX 1217 80000.00        3.747406E+12   4.9365E-09   4.9365E-09   1.00000
FLUX 1218100000.00        2.997925E+12   3.1424E-09   3.1424E-09   1.00000
FLUX 1219120000.00        2.498271E+12   2.1713E-09   2.1713E-09   1.00000
FLUX 1220140000.00        2.141375E+12   1.5879E-09   1.5879E-09   1.00000
FLUX 1221160000.00        1.873703E+12   1.2107E-09   1.2107E-09   1.00000
FLUX
