TEFF  19000.  GRAVITY 4.00000 LTE 
TITLE  [ 0.0] VTURB=0  L/H=1.25 NOVER NEW ODF                                   
FLUX    1     9.09        3.298047E+16   2.5000E-39   2.5000E-39   1.00000
FLUX    2     9.35        3.206337E+16   2.5000E-39   2.5000E-39   1.00000
FLUX    3     9.61        3.119589E+16   2.5000E-39   2.5000E-39   1.00000
FLUX    4     9.77        3.068500E+16   2.5000E-39   2.5000E-39   1.00000
FLUX    5     9.96        3.009965E+16   2.5000E-39   2.5000E-39   1.00000
FLUX    6    10.20        2.939142E+16   2.5000E-39   2.5000E-39   1.00000
FLUX    7    10.38        2.888174E+16   2.5000E-39   2.5000E-39   1.00000
FLUX    8    10.56        2.838944E+16   2.5000E-39   2.5000E-39   1.00000
FLUX    9    10.77        2.783589E+16   2.5000E-39   2.5000E-39   1.00000
FLUX   10    11.04        2.715512E+16   2.5000E-39   2.5000E-39   1.00000
FLUX   11    11.40        2.629759E+16   2.5000E-39   2.5000E-39   1.00000
FLUX   12    11.78        2.544928E+16   2.5000E-39   2.5000E-39   1.00000
FLUX   13    12.13        2.471496E+16   2.5000E-39   2.5000E-39   1.00000
FLUX   14    12.48        2.402184E+16   2.5000E-39   2.5000E-39   1.00000
FLUX   15    12.71        2.358714E+16   2.5000E-39   2.5000E-39   1.00000
FLUX   16    12.84        2.334833E+16   2.5000E-39   2.5000E-39   1.00000
FLUX   17    13.05        2.297260E+16   2.5010E-39   2.5010E-39   1.00000
FLUX   18    13.24        2.264294E+16   2.5369E-39   2.5369E-39   1.00000
FLUX   19    13.39        2.238928E+16   2.7474E-39   2.7474E-39   0.99999
FLUX   20    13.66        2.194674E+16   5.1827E-39   5.1829E-39   0.99997
FLUX   21    13.98        2.144439E+16   2.5025E-38   2.5079E-38   0.99784
FLUX   22    14.33        2.092062E+16   1.7501E-37   1.7540E-37   0.99781
FLUX   23    14.72        2.036634E+16   1.4132E-36   1.4162E-36   0.99785
FLUX   24    15.10        1.985381E+16   9.7790E-36   9.7995E-36   0.99790
FLUX   25    15.52        1.931653E+16   7.4526E-35   7.4664E-35   0.99815
FLUX   26    15.88        1.887862E+16   3.9056E-34   3.9103E-34   0.99879
FLUX   27    16.20        1.850571E+16   1.6055E-33   1.6061E-33   0.99960
FLUX   28    16.60        1.805979E+16   8.7220E-33   8.7222E-33   0.99997
FLUX   29    17.03        1.760379E+16   4.9325E-32   4.9370E-32   0.99909
FLUX   30    17.34        1.728907E+16   1.6357E-31   1.6357E-31   0.99997
FLUX   31    17.68        1.695659E+16   5.8104E-31   5.8106E-31   0.99997
FLUX   32    18.02        1.663665E+16   1.9718E-30   1.9719E-30   0.99997
FLUX   33    18.17        1.649931E+16   3.3331E-30   3.3339E-30   0.99977
FLUX   34    18.61        1.610921E+16   1.4854E-29   1.4858E-29   0.99972
FLUX   35    19.10        1.569594E+16   7.2592E-29   7.2594E-29   0.99997
FLUX   36    19.39        1.546119E+16   1.7874E-28   1.7875E-28   0.99997
FLUX   37    19.84        1.511051E+16   6.8892E-28   6.8894E-28   0.99997
FLUX   38    20.18        1.485592E+16   1.8413E-27   1.8414E-27   0.99998
FLUX   39    20.50        1.462402E+16   4.5201E-27   4.5202E-27   0.99998
FLUX   40    21.05        1.424192E+16   1.9853E-26   1.9854E-26   0.99998
FLUX   41    21.62        1.386644E+16   8.5343E-26   8.5345E-26   0.99998
FLUX   42    21.98        1.363933E+16   2.0657E-25   2.0658E-25   0.99998
FLUX   43    22.30        1.344361E+16   4.4247E-25   4.4248E-25   0.99998
FLUX   44    22.68        1.321836E+16   1.0653E-24   1.0653E-24   0.99998
FLUX   45    23.00        1.303446E+16   4.8887E-24   5.6623E-24   0.86338
FLUX   46    23.40        1.281165E+16   1.3149E-23   1.3339E-23   0.98574
FLUX   47    24.00        1.249135E+16   4.5643E-23   4.5804E-23   0.99648
FLUX   48    24.65        1.216197E+16   1.6280E-22   1.6330E-22   0.99695
FLUX   49    25.24        1.187767E+16   4.8998E-22   4.9001E-22   0.99993
FLUX   50    25.68        1.167416E+16   1.0618E-21   1.0770E-21   0.98584
FLUX   51    26.00        1.153048E+16   1.8809E-21   1.8810E-21   0.99998
FLUX   52    26.40        1.135578E+16   3.7013E-21   3.7016E-21   0.99991
FLUX   53    26.85        1.116546E+16   7.7262E-21   7.7268E-21   0.99992
FLUX   54    27.35        1.096133E+16   1.7006E-20   1.7015E-20   0.99946
FLUX   55    27.85        1.076454E+16   3.6514E-20   3.6515E-20   0.99997
FLUX   56    28.40        1.055607E+16   8.2176E-20   8.2178E-20   0.99997
FLUX   57    29.00        1.033767E+16   1.9155E-19   1.9159E-19   0.99984
FLUX   58    29.60        1.012812E+16   4.3089E-19   4.3095E-19   0.99985
FLUX   59    30.10        9.959883E+15   8.2754E-19   8.2800E-19   0.99945
FLUX   60    30.80        9.733523E+15   1.9736E-18   1.9988E-18   0.98739
FLUX   61    31.80        9.427437E+15   6.5452E-18   6.5470E-18   0.99972
FLUX   62    32.80        9.140015E+15   1.9833E-17   1.9954E-17   0.99393
FLUX   63    33.80        8.869601E+15   5.6873E-17   5.6876E-17   0.99994
FLUX   64    34.80        8.614727E+15   1.5266E-16   1.5270E-16   0.99973
FLUX   65    35.70        8.397549E+15   3.5833E-16   3.6071E-16   0.99339
FLUX   66    36.60        8.191052E+15   8.0102E-16   8.0179E-16   0.99904
FLUX   67    37.50        7.994467E+15   1.7043E-15   1.7114E-15   0.99585
FLUX   68    38.50        7.786818E+15   3.7986E-15   3.8108E-15   0.99679
FLUX   69    39.50        7.589683E+15   8.1109E-15   8.1424E-15   0.99613
FLUX   70    40.50        7.402284E+15   1.6683E-14   1.6738E-14   0.99668
FLUX   71    41.40        7.241364E+15   3.1010E-14   3.1064E-14   0.99827
FLUX   72    42.20        7.104087E+15   5.2383E-14   5.2665E-14   0.99463
FLUX   73    43.00        6.971919E+15   8.6722E-14   8.7390E-14   0.99236
FLUX   74    44.10        6.798016E+15   1.6932E-13   1.7003E-13   0.99582
FLUX   75    45.10        6.647284E+15   3.0158E-13   3.0240E-13   0.99727
FLUX   76    46.00        6.517228E+15   4.9479E-13   4.9663E-13   0.99631
FLUX   77    47.00        6.378564E+15   8.4020E-13   8.4225E-13   0.99757
FLUX   78    48.00        6.245677E+15   1.3921E-12   1.3958E-12   0.99740
FLUX   79    49.00        6.118214E+15   2.2621E-12   2.2649E-12   0.99877
FLUX   80    50.00        5.995850E+15   3.5982E-12   3.5997E-12   0.99958
FLUX   81    50.60        5.924753E+15   3.0059E-11   6.0594E-11   0.49608
FLUX   82    51.20        5.855322E+15   1.6808E-10   2.1723E-10   0.77374
FLUX   83    52.00        5.765240E+15   2.2485E-10   2.8189E-10   0.79765
FLUX   84    53.00        5.656462E+15   3.4011E-10   3.8604E-10   0.88101
FLUX   85    54.00        5.551713E+15   4.1674E-10   5.2249E-10   0.79761
FLUX   86    55.00        5.450773E+15   6.6006E-10   6.9953E-10   0.94359
FLUX   87    56.00        5.353437E+15   8.6356E-10   9.2664E-10   0.93193
FLUX   88    57.00        5.259517E+15   1.1821E-09   1.2152E-09   0.97275
FLUX   89    58.00        5.168836E+15   1.2930E-09   1.6220E-09   0.79714
FLUX   90    59.00        5.081229E+15   1.8873E-09   2.0833E-09   0.90591
FLUX   91    60.00        4.996542E+15   2.5331E-09   2.6530E-09   0.95481
FLUX   92    61.00        4.914631E+15   3.3300E-09   3.3513E-09   0.99367
FLUX   93    62.00        4.835363E+15   4.1160E-09   4.2007E-09   0.97983
FLUX   94    63.00        4.758611E+15   5.1488E-09   5.2270E-09   0.98504
FLUX   95    64.00        4.684258E+15   6.0492E-09   6.4606E-09   0.93632
FLUX   96    65.00        4.612192E+15   6.6764E-09   7.9324E-09   0.84166
FLUX   97    65.80        4.556117E+15   9.0684E-09   9.3046E-09   0.97461
FLUX   98    66.50        4.508158E+15   1.0321E-08   1.0664E-08   0.96787
FLUX   99    67.50        4.441370E+15   1.2216E-08   1.2893E-08   0.94749
FLUX  100    68.50        4.376533E+15   1.4504E-08   1.5498E-08   0.93585
FLUX  101    69.50        4.313561E+15   1.8168E-08   1.8529E-08   0.98050
FLUX  102    70.50        4.252376E+15   2.1296E-08   2.2037E-08   0.96639
FLUX  103    71.60        4.187046E+15   2.5682E-08   2.6513E-08   0.96864
FLUX  104    72.60        4.129373E+15   2.9988E-08   3.1209E-08   0.96087
FLUX  105    73.50        4.078809E+15   3.4362E-08   3.6004E-08   0.95439
FLUX  106    74.50        4.024060E+15   4.0894E-08   4.2026E-08   0.97306
FLUX  107    75.50        3.970762E+15   4.7806E-08   4.8845E-08   0.97873
FLUX  108    76.50        3.918856E+15   5.5478E-08   5.6556E-08   0.98093
FLUX  109    77.50        3.868290E+15   6.4374E-08   6.5204E-08   0.98726
FLUX  110    78.50        3.819013E+15   7.4241E-08   7.4890E-08   0.99134
FLUX  111    79.50        3.770975E+15   8.3875E-08   8.5699E-08   0.97871
FLUX  112    80.50        3.724130E+15   9.5297E-08   9.7724E-08   0.97516
FLUX  113    81.50        3.678436E+15   1.0756E-07   1.1106E-07   0.96851
FLUX  114    82.50        3.633848E+15   1.2331E-07   1.2580E-07   0.98022
FLUX  115    83.50        3.590329E+15   1.3381E-07   1.4206E-07   0.94190
FLUX  116    84.50        3.547840E+15   1.5306E-07   1.5993E-07   0.95699
FLUX  117    85.50        3.506345E+15   1.7123E-07   1.7953E-07   0.95377
FLUX  118    86.50        3.465809E+15   1.9338E-07   2.0094E-07   0.96239
FLUX  119    87.50        3.426200E+15   2.1758E-07   2.2429E-07   0.97012
FLUX  120    88.50        3.387486E+15   2.4581E-07   2.4968E-07   0.98451
FLUX  121    89.50        3.349637E+15   2.7300E-07   2.7724E-07   0.98470
FLUX  122    90.50        3.312624E+15   2.9085E-07   3.0708E-07   0.94717
FLUX  123    91.50        3.276421E+15   5.4611E-07   3.5369E-04   0.00154
FLUX  124    92.50        3.241000E+15   2.8012E-06   3.5530E-04   0.00788
FLUX  125    93.50        3.206337E+15   9.3742E-06   3.5558E-04   0.02636
FLUX  126    94.50        3.172407E+15   3.7448E-05   3.5529E-04   0.10540
FLUX  127    95.50        3.139188E+15   7.6442E-05   3.5474E-04   0.21548
FLUX  128    96.50        3.106658E+15   1.0598E-04   3.5387E-04   0.29947
FLUX  129    97.50        3.074795E+15   1.6378E-05   3.5274E-04   0.04643
FLUX  130    98.50        3.043579E+15   1.2712E-04   3.5200E-04   0.36114
FLUX  131    99.50        3.012990E+15   1.3318E-04   3.5070E-04   0.37977
FLUX  132   100.50        2.983010E+15   1.6489E-04   3.4908E-04   0.47235
FLUX  133   101.50        2.953621E+15   1.5056E-04   3.4698E-04   0.43391
FLUX  134   102.50        2.924805E+15   3.2048E-05   3.4812E-04   0.09206
FLUX  135   103.50        2.896546E+15   9.7485E-05   3.4796E-04   0.28016
FLUX  136   104.50        2.868828E+15   2.1730E-04   3.4756E-04   0.62520
FLUX  137   105.50        2.841635E+15   2.1709E-04   3.4717E-04   0.62533
FLUX  138   106.50        2.814953E+15   1.7569E-04   3.4712E-04   0.50614
FLUX  139   107.50        2.788767E+15   2.1837E-04   3.4737E-04   0.62863
FLUX  140   108.50        2.763064E+15   1.9239E-04   3.4771E-04   0.55330
FLUX  141   109.50        2.737831E+15   2.2792E-04   3.4791E-04   0.65511
FLUX  142   110.50        2.713054E+15   2.0243E-04   3.6352E-04   0.55685
FLUX  143   111.50        2.688722E+15   1.9336E-04   3.6327E-04   0.53228
FLUX  144   112.50        2.664822E+15   1.8425E-04   3.6279E-04   0.50788
FLUX  145   113.50        2.641344E+15   2.3737E-04   3.6264E-04   0.65457
FLUX  146   114.50        2.618275E+15   2.1172E-04   3.6186E-04   0.58509
FLUX  147   115.50        2.595606E+15   2.3083E-04   3.6095E-04   0.63949
FLUX  148   116.50        2.573326E+15   2.4277E-04   3.5994E-04   0.67448
FLUX  149   117.50        2.551426E+15   1.7848E-04   3.5910E-04   0.49703
FLUX  150   118.50        2.529894E+15   2.5061E-04   3.5862E-04   0.69881
FLUX  151   119.50        2.508724E+15   1.7334E-04   3.5761E-04   0.48471
FLUX  152   120.50        2.487905E+15   9.6335E-05   3.5657E-04   0.27017
FLUX  153   121.50        2.467428E+15   3.8263E-05   3.5552E-04   0.10763
FLUX  154   122.50        2.447286E+15   1.5207E-04   3.5515E-04   0.42820
FLUX  155   123.50        2.427470E+15   2.5402E-04   3.5408E-04   0.71741
FLUX  156   124.50        2.407972E+15   2.6997E-04   3.5428E-04   0.76203
FLUX  157   125.50        2.388785E+15   2.6994E-04   3.5377E-04   0.76304
FLUX  158   126.50        2.369901E+15   2.4964E-04   3.5292E-04   0.70736
FLUX  159   127.50        2.351314E+15   2.7335E-04   3.5193E-04   0.77671
FLUX  160   128.50        2.333016E+15   2.8571E-04   3.5090E-04   0.81422
FLUX  161   129.50        2.315000E+15   1.8706E-04   3.4983E-04   0.53473
FLUX  162   130.50        2.297261E+15   1.7532E-04   3.4874E-04   0.50272
FLUX  163   131.50        2.279791E+15   2.7936E-04   3.4765E-04   0.80356
FLUX  164   132.50        2.262585E+15   2.6781E-04   3.4658E-04   0.77274
FLUX  165   133.50        2.245637E+15   2.3499E-04   3.4549E-04   0.68015
FLUX  166   134.50        2.228940E+15   2.8089E-04   3.4441E-04   0.81557
FLUX  167   135.50        2.212491E+15   2.7599E-04   3.4331E-04   0.80390
FLUX  168   136.50        2.196282E+15   2.5119E-04   3.4221E-04   0.73400
FLUX  169   137.50        2.180309E+15   2.5877E-04   3.4112E-04   0.75858
FLUX  170   138.50        2.164567E+15   2.6424E-04   3.4003E-04   0.77712
FLUX  171   139.50        2.149050E+15   2.3263E-04   3.3893E-04   0.68637
FLUX  172   140.50        2.133754E+15   2.4665E-04   3.3784E-04   0.73008
FLUX  173   141.50        2.118675E+15   2.4715E-04   3.3675E-04   0.73391
FLUX  174   142.50        2.103807E+15   2.5799E-04   3.3569E-04   0.76854
FLUX  175   143.50        2.089146E+15   2.6071E-04   3.3460E-04   0.77916
FLUX  176   144.20        2.079005E+15   2.7307E-04   3.3384E-04   0.81796
FLUX  177   144.70        2.071821E+15   2.7096E-04   3.3345E-04   0.81261
FLUX  178   145.50        2.060430E+15   2.6763E-04   3.3258E-04   0.80472
FLUX  179   146.50        2.046365E+15   2.5381E-04   3.3149E-04   0.76567
FLUX  180   147.50        2.032492E+15   2.5611E-04   3.3040E-04   0.77516
FLUX  181   148.50        2.018805E+15   2.5449E-04   3.2931E-04   0.77278
FLUX  182   149.50        2.005301E+15   2.5760E-04   3.2822E-04   0.78484
FLUX  183   150.50        1.991977E+15   2.4308E-04   3.2714E-04   0.74307
FLUX  184   151.20        1.982755E+15   2.2186E-04   3.2638E-04   0.67978
FLUX  185   151.70        1.976220E+15   2.3422E-04   3.2584E-04   0.71882
FLUX  186   152.50        1.965852E+15   2.4105E-04   3.2498E-04   0.74175
FLUX  187   153.50        1.953046E+15   2.1905E-04   3.2390E-04   0.67628
FLUX  188   154.50        1.940405E+15   2.2717E-04   3.2283E-04   0.70369
FLUX  189   155.50        1.927926E+15   2.2004E-04   3.2175E-04   0.68388
FLUX  190   156.50        1.915607E+15   2.2590E-04   3.2068E-04   0.70445
FLUX  191   157.50        1.903444E+15   2.4055E-04   3.1961E-04   0.75262
FLUX  192   158.50        1.891435E+15   2.4507E-04   3.1855E-04   0.76934
FLUX  193   159.50        1.879577E+15   2.4913E-04   3.1748E-04   0.78470
FLUX  194   160.50        1.867866E+15   2.4783E-04   3.1642E-04   0.78324
FLUX  195   161.50        1.856300E+15   2.5103E-04   3.1536E-04   0.79599
FLUX  196   162.50        1.844877E+15   2.4444E-04   3.1431E-04   0.77771
FLUX  197   163.50        1.833593E+15   2.5778E-04   3.1325E-04   0.82291
FLUX  198   164.50        1.822447E+15   2.5920E-04   3.1220E-04   0.83024
FLUX  199   165.50        1.811435E+15   2.4629E-04   3.1116E-04   0.79151
FLUX  200   166.50        1.800556E+15   2.6582E-04   3.1013E-04   0.85711
FLUX  201   167.20        1.793017E+15   2.5635E-04   3.0941E-04   0.82851
FLUX  202   167.70        1.787671E+15   2.6481E-04   3.0890E-04   0.85728
FLUX  203   168.50        1.779184E+15   2.6990E-04   3.0808E-04   0.87607
FLUX  204   169.50        1.768687E+15   2.5990E-04   3.0706E-04   0.84640
FLUX  205   170.50        1.758314E+15   2.5154E-04   3.0605E-04   0.82191
FLUX  206   171.50        1.748061E+15   2.4091E-04   3.0504E-04   0.78978
FLUX  207   172.50        1.737928E+15   2.3974E-04   3.0402E-04   0.78854
FLUX  208   173.50        1.727911E+15   2.5410E-04   3.0302E-04   0.83858
FLUX  209   174.50        1.718009E+15   2.4744E-04   3.0201E-04   0.81932
FLUX  210   175.50        1.708219E+15   2.5737E-04   3.0101E-04   0.85502
FLUX  211   176.50        1.698541E+15   2.4317E-04   3.0001E-04   0.81053
FLUX  212   177.50        1.688972E+15   2.4620E-04   2.9902E-04   0.82336
FLUX  213   178.50        1.679510E+15   2.5134E-04   2.9803E-04   0.84332
FLUX  214   179.50        1.670153E+15   2.6268E-04   2.9705E-04   0.88430
FLUX  215   180.50        1.660900E+15   2.6462E-04   2.9607E-04   0.89378
FLUX  216   181.50        1.651749E+15   2.4379E-04   2.9509E-04   0.82615
FLUX  217   182.50        1.642699E+15   2.5458E-04   2.9412E-04   0.86555
FLUX  218   183.50        1.633747E+15   2.4664E-04   2.9317E-04   0.84128
FLUX  219   184.50        1.624892E+15   2.3300E-04   2.9223E-04   0.79733
FLUX  220   185.50        1.616132E+15   2.2433E-04   2.9128E-04   0.77012
FLUX  221   186.50        1.607466E+15   2.3162E-04   2.9035E-04   0.79774
FLUX  222   187.50        1.598893E+15   2.5403E-04   2.8941E-04   0.87773
FLUX  223   188.50        1.590411E+15   2.3407E-04   2.8848E-04   0.81137
FLUX  224   189.50        1.582018E+15   2.2215E-04   2.8756E-04   0.77255
FLUX  225   190.50        1.573714E+15   2.4066E-04   2.8664E-04   0.83961
FLUX  226   191.50        1.565496E+15   2.2908E-04   2.8580E-04   0.80153
FLUX  227   192.50        1.557364E+15   2.2536E-04   2.8488E-04   0.79105
FLUX  228   193.50        1.549315E+15   2.3583E-04   2.8398E-04   0.83045
FLUX  229   194.50        1.541350E+15   2.4088E-04   2.8307E-04   0.85093
FLUX  230   195.50        1.533465E+15   2.2651E-04   2.8218E-04   0.80271
FLUX  231   196.70        1.524110E+15   2.4580E-04   2.8114E-04   0.87429
FLUX  232   197.60        1.517168E+15   2.5483E-04   2.8037E-04   0.90892
FLUX  233   198.40        1.511051E+15   2.4086E-04   2.7970E-04   0.86115
FLUX  234   199.50        1.502719E+15   2.3756E-04   2.7876E-04   0.85220
FLUX  235   200.50        1.495224E+15   2.4703E-04   2.7791E-04   0.88890
FLUX  236   201.50        1.487804E+15   2.4012E-04   2.7706E-04   0.86668
FLUX  237   202.50        1.480457E+15   2.5412E-04   2.7622E-04   0.92000
FLUX  238   203.50        1.473182E+15   2.3861E-04   2.7538E-04   0.86648
FLUX  239   204.50        1.465978E+15   2.4431E-04   2.7454E-04   0.88988
FLUX  240   205.50        1.458844E+15   2.3775E-04   2.7371E-04   0.86863
FLUX  241   206.50        1.451780E+15   2.4137E-04   2.7287E-04   0.88453
FLUX  242   207.40        1.445480E+15   2.5295E-04   2.7213E-04   0.92951
FLUX  243   207.80        1.442697E+15   2.3531E-04   2.7180E-04   0.86576
FLUX  244   208.50        1.437854E+15   2.4736E-04   2.7122E-04   0.91203
FLUX  245   209.50        1.430990E+15   2.3653E-04   2.7040E-04   0.87474
FLUX  246   210.50        1.424192E+15   2.4308E-04   2.6958E-04   0.90169
FLUX  247   211.50        1.417459E+15   2.4444E-04   2.6877E-04   0.90946
FLUX  248   212.50        1.410788E+15   2.4866E-04   2.6796E-04   0.92798
FLUX  249   213.50        1.404180E+15   2.4269E-04   2.6716E-04   0.90841
FLUX  250   214.50        1.397634E+15   2.3878E-04   2.6635E-04   0.89649
FLUX  251   215.50        1.391148E+15   2.4820E-04   2.6555E-04   0.93464
FLUX  252   216.50        1.384723E+15   2.4628E-04   2.6476E-04   0.93019
FLUX  253   217.50        1.378356E+15   2.4545E-04   2.6397E-04   0.92984
FLUX  254   218.50        1.372048E+15   2.4033E-04   2.6318E-04   0.91317
FLUX  255   219.50        1.365797E+15   2.4629E-04   2.6240E-04   0.93862
FLUX  256   220.50        1.359603E+15   2.4391E-04   2.6162E-04   0.93231
FLUX  257   221.50        1.353465E+15   2.4044E-04   2.6084E-04   0.92180
FLUX  258   222.50        1.347382E+15   2.3470E-04   2.6007E-04   0.90244
FLUX  259   223.50        1.341353E+15   2.4163E-04   2.5930E-04   0.93184
FLUX  260   224.50        1.335379E+15   2.4014E-04   2.5853E-04   0.92887
FLUX  261   225.50        1.329457E+15   2.3403E-04   2.5777E-04   0.90790
FLUX  262   226.50        1.323587E+15   2.3985E-04   2.5702E-04   0.93321
FLUX  263   227.50        1.317769E+15   2.4151E-04   2.5626E-04   0.94242
FLUX  264   228.50        1.312002E+15   2.4385E-04   2.5551E-04   0.95436
FLUX  265   229.50        1.306285E+15   2.3598E-04   2.5476E-04   0.92628
FLUX  266   230.50        1.300618E+15   2.3691E-04   2.5402E-04   0.93264
FLUX  267   231.50        1.295000E+15   2.3147E-04   2.5328E-04   0.91388
FLUX  268   232.50        1.289430E+15   2.3050E-04   2.5254E-04   0.91274
FLUX  269   233.50        1.283908E+15   2.2383E-04   2.5181E-04   0.88889
FLUX  270   234.50        1.278433E+15   2.2370E-04   2.5108E-04   0.89098
FLUX  271   235.50        1.273004E+15   2.2721E-04   2.5035E-04   0.90757
FLUX  272   236.50        1.267622E+15   2.2300E-04   2.4962E-04   0.89335
FLUX  273   237.50        1.262284E+15   2.2475E-04   2.4890E-04   0.90298
FLUX  274   238.50        1.256992E+15   2.2042E-04   2.4818E-04   0.88812
FLUX  275   239.50        1.251743E+15   2.2751E-04   2.4747E-04   0.91935
FLUX  276   240.50        1.246538E+15   2.2123E-04   2.4676E-04   0.89655
FLUX  277   241.50        1.241377E+15   2.2396E-04   2.4605E-04   0.91021
FLUX  278   242.50        1.236258E+15   2.2695E-04   2.4535E-04   0.92502
FLUX  279   243.50        1.231181E+15   2.2040E-04   2.4465E-04   0.90089
FLUX  280   244.50        1.226145E+15   2.2613E-04   2.4395E-04   0.92696
FLUX  281   245.50        1.221151E+15   2.2549E-04   2.4326E-04   0.92694
FLUX  282   246.50        1.216197E+15   2.2415E-04   2.4257E-04   0.92406
FLUX  283   247.50        1.211283E+15   2.2133E-04   2.4188E-04   0.91502
FLUX  284   248.50        1.206408E+15   2.2626E-04   2.4120E-04   0.93806
FLUX  285   249.50        1.201573E+15   2.2026E-04   2.4052E-04   0.91576
FLUX  286   250.50        1.196776E+15   2.2617E-04   2.3984E-04   0.94299
FLUX  287   251.30        1.192967E+15   2.1709E-04   2.3930E-04   0.90718
FLUX  288   251.80        1.190598E+15   2.2450E-04   2.3897E-04   0.93948
FLUX  289   252.50        1.187297E+15   2.1879E-04   2.3850E-04   0.91735
FLUX  290   253.50        1.182613E+15   2.1872E-04   2.3784E-04   0.91960
FLUX  291   254.50        1.177967E+15   2.1490E-04   2.3718E-04   0.90605
FLUX  292   255.50        1.173356E+15   2.2048E-04   2.3653E-04   0.93215
FLUX  293   256.50        1.168782E+15   2.1966E-04   2.3588E-04   0.93121
FLUX  294   257.50        1.164243E+15   2.2410E-04   2.3524E-04   0.95263
FLUX  295   258.50        1.159739E+15   2.2458E-04   2.3459E-04   0.95733
FLUX  296   259.50        1.155270E+15   2.2482E-04   2.3395E-04   0.96097
FLUX  297   260.50        1.150835E+15   2.2299E-04   2.3526E-04   0.94784
FLUX  298   261.50        1.146434E+15   2.2281E-04   2.3459E-04   0.94976
FLUX  299   262.50        1.142067E+15   2.2271E-04   2.3393E-04   0.95202
FLUX  300   263.50        1.137732E+15   2.2308E-04   2.3327E-04   0.95629
FLUX  301   264.50        1.133431E+15   2.2661E-04   2.3262E-04   0.97418
FLUX  302   265.50        1.129162E+15   2.2637E-04   2.3197E-04   0.97587
FLUX  303   266.50        1.124925E+15   2.2124E-04   2.3132E-04   0.95642
FLUX  304   267.50        1.120720E+15   2.2443E-04   2.3067E-04   0.97295
FLUX  305   268.50        1.116546E+15   2.2417E-04   2.3003E-04   0.97452
FLUX  306   269.50        1.112403E+15   2.2067E-04   2.2939E-04   0.96196
FLUX  307   270.50        1.108290E+15   2.2189E-04   2.2876E-04   0.97001
FLUX  308   271.50        1.104208E+15   2.2000E-04   2.2812E-04   0.96439
FLUX  309   272.50        1.100156E+15   2.1843E-04   2.2749E-04   0.96016
FLUX  310   273.50        1.096133E+15   2.2198E-04   2.2686E-04   0.97849
FLUX  311   274.50        1.092140E+15   2.1437E-04   2.2624E-04   0.94752
FLUX  312   275.50        1.088176E+15   2.1521E-04   2.2562E-04   0.95388
FLUX  313   276.50        1.084240E+15   2.1610E-04   2.2500E-04   0.96043
FLUX  314   277.50        1.080333E+15   2.1967E-04   2.2438E-04   0.97897
FLUX  315   278.50        1.076454E+15   2.1905E-04   2.2377E-04   0.97891
FLUX  316   279.50        1.072603E+15   2.1162E-04   2.2316E-04   0.94827
FLUX  317   280.50        1.068779E+15   2.1671E-04   2.2256E-04   0.97372
FLUX  318   281.50        1.064982E+15   2.1869E-04   2.2195E-04   0.98530
FLUX  319   282.50        1.061212E+15   2.1644E-04   2.2135E-04   0.97782
FLUX  320   283.50        1.057469E+15   2.1053E-04   2.2075E-04   0.95369
FLUX  321   284.50        1.053752E+15   2.1202E-04   2.2016E-04   0.96306
FLUX  322   285.50        1.050061E+15   2.1316E-04   2.1956E-04   0.97085
FLUX  323   286.50        1.046396E+15   2.1594E-04   2.1897E-04   0.98613
FLUX  324   287.50        1.042757E+15   2.1408E-04   2.1839E-04   0.98029
FLUX  325   288.50        1.039142E+15   2.1422E-04   2.1780E-04   0.98357
FLUX  326   289.50        1.035553E+15   2.1384E-04   2.1722E-04   0.98447
FLUX  327   291.00        1.030215E+15   2.1414E-04   2.1635E-04   0.98977
FLUX  328   293.00        1.023183E+15   2.1200E-04   2.1520E-04   0.98511
FLUX  329   295.00        1.016246E+15   2.0987E-04   2.1406E-04   0.98044
FLUX  330   297.00        1.009402E+15   2.1053E-04   2.1293E-04   0.98871
FLUX  331   299.00        1.002650E+15   2.0881E-04   2.1181E-04   0.98583
FLUX  332   301.00        9.959884E+14   2.0868E-04   2.1070E-04   0.99038
FLUX  333   303.00        9.894142E+14   2.0895E-04   2.0960E-04   0.99689
FLUX  334   305.00        9.829262E+14   2.0751E-04   2.0851E-04   0.99517
FLUX  335   307.00        9.765228E+14   2.0640E-04   2.0743E-04   0.99505
FLUX  336   309.00        9.702023E+14   2.0512E-04   2.0635E-04   0.99403
FLUX  337   311.00        9.639630E+14   2.0403E-04   2.0529E-04   0.99388
FLUX  338   313.00        9.578035E+14   2.0351E-04   2.0445E-04   0.99543
FLUX  339   315.00        9.517222E+14   2.0254E-04   2.0340E-04   0.99581
FLUX  340   317.00        9.457177E+14   2.0103E-04   2.0236E-04   0.99345
FLUX  341   319.00        9.397884E+14   1.9811E-04   2.0133E-04   0.98402
FLUX  342   321.00        9.339330E+14   1.9905E-04   2.0030E-04   0.99374
FLUX  343   323.00        9.281501E+14   1.9831E-04   1.9929E-04   0.99508
FLUX  344   325.00        9.224385E+14   1.9747E-04   1.9829E-04   0.99588
FLUX  345   327.00        9.167966E+14   1.9671E-04   1.9729E-04   0.99707
FLUX  346   329.00        9.112234E+14   1.9564E-04   1.9630E-04   0.99662
FLUX  347   331.00        9.057175E+14   1.9510E-04   1.9532E-04   0.99887
FLUX  348   333.00        9.002778E+14   1.9398E-04   1.9434E-04   0.99815
FLUX  349   335.00        8.949030E+14   1.9261E-04   1.9338E-04   0.99603
FLUX  350   337.00        8.895920E+14   1.9196E-04   1.9242E-04   0.99761
FLUX  351   339.00        8.843436E+14   1.9111E-04   1.9146E-04   0.99817
FLUX  352   341.00        8.791569E+14   1.9031E-04   1.9052E-04   0.99893
FLUX  353   343.00        8.740306E+14   1.8876E-04   1.9060E-04   0.99034
FLUX  354   345.00        8.689638E+14   1.8736E-04   1.8965E-04   0.98791
FLUX  355   347.00        8.639553E+14   1.8678E-04   1.8870E-04   0.98984
FLUX  356   349.00        8.590043E+14   1.8589E-04   1.8776E-04   0.99004
FLUX  357   351.00        8.541097E+14   1.8552E-04   1.8683E-04   0.99300
FLUX  358   353.00        8.492705E+14   1.8493E-04   1.8590E-04   0.99479
FLUX  359   355.00        8.444859E+14   1.8410E-04   1.8498E-04   0.99524
FLUX  360   357.00        8.397549E+14   1.8386E-04   1.8407E-04   0.99886
FLUX  361   359.00        8.350766E+14   1.8182E-04   1.8317E-04   0.99262
FLUX  362   361.00        8.304501E+14   1.8116E-04   1.8227E-04   0.99388
FLUX  363   363.00        8.258746E+14   1.8039E-04   1.8138E-04   0.99450
FLUX  364   364.00        8.236058E+14   1.8093E-04   1.8094E-04   0.99992
FLUX  365   365.00        8.213493E+14   1.8026E-04   2.8004E-04   0.64370
FLUX  366   367.00        8.168733E+14   1.8016E-04   2.7800E-04   0.64807
FLUX  367   369.00        8.124458E+14   1.7774E-04   2.7973E-04   0.63541
FLUX  368   371.00        8.080660E+14   1.7447E-04   2.7769E-04   0.62828
FLUX  369   373.00        8.037332E+14   1.7099E-04   2.7569E-04   0.62022
FLUX  370   375.00        7.994467E+14   1.8976E-04   2.7370E-04   0.69331
FLUX  371   377.00        7.952056E+14   1.9501E-04   2.7173E-04   0.71767
FLUX  372   379.00        7.910092E+14   2.1237E-04   2.6979E-04   0.78715
FLUX  373   381.00        7.868569E+14   2.2688E-04   2.6787E-04   0.84698
FLUX  374   383.00        7.827480E+14   1.9634E-04   2.6596E-04   0.73822
FLUX  375   385.00        7.786818E+14   2.4002E-04   2.6408E-04   0.90889
FLUX  376   387.00        7.746576E+14   2.4670E-04   2.6222E-04   0.94083
FLUX  377   389.00        7.706748E+14   1.9074E-04   2.6037E-04   0.73256
FLUX  378   391.00        7.667327E+14   2.5016E-04   2.5855E-04   0.96756
FLUX  379   393.00        7.628308E+14   2.4672E-04   2.5674E-04   0.96095
FLUX  380   395.00        7.589683E+14   2.4706E-04   2.5495E-04   0.96903
FLUX  381   397.00        7.551448E+14   1.8532E-04   2.5319E-04   0.73195
FLUX  382   399.00        7.513596E+14   2.4125E-04   2.5144E-04   0.95947
FLUX  383   401.00        7.476122E+14   2.4458E-04   2.4971E-04   0.97948
FLUX  384   403.00        7.439020E+14   2.3179E-04   2.4800E-04   0.93465
FLUX  385   405.00        7.402284E+14   2.4409E-04   2.4630E-04   0.99100
FLUX  386   407.00        7.365909E+14   2.3904E-04   2.4463E-04   0.97717
FLUX  387   409.00        7.329890E+14   2.1993E-04   2.4297E-04   0.90517
FLUX  388   411.00        7.294221E+14   1.9021E-04   2.4132E-04   0.78821
FLUX  389   413.00        7.258898E+14   2.3093E-04   2.3970E-04   0.96341
FLUX  390   415.00        7.223916E+14   2.3254E-04   2.3809E-04   0.97668
FLUX  391   417.00        7.189269E+14   2.3344E-04   2.3650E-04   0.98705
FLUX  392   419.00        7.154952E+14   2.3354E-04   2.3493E-04   0.99408
FLUX  393   421.00        7.120962E+14   2.3273E-04   2.3336E-04   0.99729
FLUX  394   423.00        7.087293E+14   2.3067E-04   2.3182E-04   0.99506
FLUX  395   425.00        7.053941E+14   2.2863E-04   2.3029E-04   0.99278
FLUX  396   427.00        7.020902E+14   2.2414E-04   2.2877E-04   0.97976
FLUX  397   429.00        6.988170E+14   2.2519E-04   2.2728E-04   0.99084
FLUX  398   431.00        6.955742E+14   2.2191E-04   2.2579E-04   0.98280
FLUX  399   433.00        6.923614E+14   1.9865E-04   2.2432E-04   0.88556
FLUX  400   435.00        6.891782E+14   1.8091E-04   2.2287E-04   0.81172
FLUX  401   437.00        6.860240E+14   2.1643E-04   2.2142E-04   0.97744
FLUX  402   439.00        6.828986E+14   2.1195E-04   2.2000E-04   0.96344
FLUX  403   441.00        6.798016E+14   2.1666E-04   2.1859E-04   0.99119
FLUX  404   443.00        6.767325E+14   2.1452E-04   2.1719E-04   0.98773
FLUX  405   445.00        6.736910E+14   2.1491E-04   2.1580E-04   0.99587
FLUX  406   447.00        6.706767E+14   2.0388E-04   2.1443E-04   0.95081
FLUX  407   449.00        6.676893E+14   2.1033E-04   2.1307E-04   0.98716
FLUX  408   451.00        6.647284E+14   2.1124E-04   2.1172E-04   0.99773
FLUX  409   453.00        6.617936E+14   2.0913E-04   2.1039E-04   0.99401
FLUX  410   455.00        6.588846E+14   2.0806E-04   2.0907E-04   0.99519
FLUX  411   457.00        6.560011E+14   2.0705E-04   2.0776E-04   0.99659
FLUX  412   459.00        6.531427E+14   2.0577E-04   2.0647E-04   0.99661
FLUX  413   461.00        6.503091E+14   2.0407E-04   2.0518E-04   0.99458
FLUX  414   463.00        6.475000E+14   2.0232E-04   2.0391E-04   0.99220
FLUX  415   465.00        6.447150E+14   2.0094E-04   2.0265E-04   0.99154
FLUX  416   467.00        6.419540E+14   2.0052E-04   2.0141E-04   0.99559
FLUX  417   469.00        6.392164E+14   1.9982E-04   2.0017E-04   0.99823
FLUX  418   471.00        6.365021E+14   1.9455E-04   1.9895E-04   0.97786
FLUX  419   473.00        6.338108E+14   1.9568E-04   1.9774E-04   0.98961
FLUX  420   475.00        6.311421E+14   1.9446E-04   1.9654E-04   0.98941
FLUX  421   477.00        6.284958E+14   1.9527E-04   1.9535E-04   0.99959
FLUX  422   479.00        6.258716E+14   1.9366E-04   1.9417E-04   0.99735
FLUX  423   481.00        6.232692E+14   1.9121E-04   1.9300E-04   0.99070
FLUX  424   483.00        6.206884E+14   1.8909E-04   1.9184E-04   0.98564
FLUX  425   485.00        6.181289E+14   1.7316E-04   1.9069E-04   0.90804
FLUX  426   487.00        6.155903E+14   1.5369E-04   1.8956E-04   0.81081
FLUX  427   489.00        6.130726E+14   1.8538E-04   1.8843E-04   0.98382
FLUX  428   491.00        6.105753E+14   1.8587E-04   1.8731E-04   0.99229
FLUX  429   493.00        6.080984E+14   1.8056E-04   1.8620E-04   0.96970
FLUX  430   495.00        6.056414E+14   1.8457E-04   1.8511E-04   0.99708
FLUX  431   497.00        6.032042E+14   1.8386E-04   1.8402E-04   0.99912
FLUX  432   499.00        6.007866E+14   1.8248E-04   1.8294E-04   0.99748
FLUX  433   501.00        5.983882E+14   1.7733E-04   1.8187E-04   0.97504
FLUX  434   503.00        5.960089E+14   1.7976E-04   1.8082E-04   0.99416
FLUX  435   505.00        5.936485E+14   1.7642E-04   1.7977E-04   0.98138
FLUX  436   507.00        5.913067E+14   1.7821E-04   1.7873E-04   0.99710
FLUX  437   509.00        5.889833E+14   1.7708E-04   1.7770E-04   0.99652
FLUX  438   511.00        5.866781E+14   1.7564E-04   1.7668E-04   0.99417
FLUX  439   513.00        5.843908E+14   1.7413E-04   1.7566E-04   0.99126
FLUX  440   515.00        5.821214E+14   1.7305E-04   1.7466E-04   0.99080
FLUX  441   517.00        5.798694E+14   1.7305E-04   1.7366E-04   0.99644
FLUX  442   519.00        5.776349E+14   1.7208E-04   1.7268E-04   0.99652
FLUX  443   521.00        5.754175E+14   1.6966E-04   1.7170E-04   0.98814
FLUX  444   523.00        5.732170E+14   1.7010E-04   1.7073E-04   0.99631
FLUX  445   525.00        5.710333E+14   1.6926E-04   1.6977E-04   0.99700
FLUX  446   527.00        5.688662E+14   1.6809E-04   1.6882E-04   0.99571
FLUX  447   529.00        5.667155E+14   1.6761E-04   1.6787E-04   0.99843
FLUX  448   531.00        5.645810E+14   1.6649E-04   1.6694E-04   0.99734
FLUX  449   533.00        5.624625E+14   1.6542E-04   1.6601E-04   0.99647
FLUX  450   535.00        5.603598E+14   1.6410E-04   1.6509E-04   0.99402
FLUX  451   537.00        5.582728E+14   1.6390E-04   1.6418E-04   0.99833
FLUX  452   539.00        5.562013E+14   1.6298E-04   1.6327E-04   0.99819
FLUX  453   541.00        5.541451E+14   1.6196E-04   1.6238E-04   0.99742
FLUX  454   543.00        5.521040E+14   1.6063E-04   1.6149E-04   0.99467
FLUX  455   545.00        5.500780E+14   1.6001E-04   1.6061E-04   0.99632
FLUX  456   547.00        5.480667E+14   1.5901E-04   1.5973E-04   0.99547
FLUX  457   549.00        5.460701E+14   1.5855E-04   1.5886E-04   0.99804
FLUX  458   551.00        5.440880E+14   1.5759E-04   1.5800E-04   0.99739
FLUX  459   553.00        5.421202E+14   1.5676E-04   1.5715E-04   0.99753
FLUX  460   555.00        5.401667E+14   1.5605E-04   1.5630E-04   0.99840
FLUX  461   557.00        5.382271E+14   1.5512E-04   1.5547E-04   0.99781
FLUX  462   559.00        5.363014E+14   1.5438E-04   1.5463E-04   0.99839
FLUX  463   561.00        5.343895E+14   1.5338E-04   1.5381E-04   0.99722
FLUX  464   563.00        5.324911E+14   1.5293E-04   1.5299E-04   0.99963
FLUX  465   565.00        5.306062E+14   1.5090E-04   1.5217E-04   0.99162
FLUX  466   567.00        5.287346E+14   1.5025E-04   1.5137E-04   0.99259
FLUX  467   569.00        5.268761E+14   1.4989E-04   1.5057E-04   0.99548
FLUX  468   571.00        5.250306E+14   1.4954E-04   1.4978E-04   0.99840
FLUX  469   573.00        5.231981E+14   1.4881E-04   1.4899E-04   0.99879
FLUX  470   575.00        5.213783E+14   1.4799E-04   1.4821E-04   0.99851
FLUX  471   577.00        5.195711E+14   1.4734E-04   1.4743E-04   0.99936
FLUX  472   579.00        5.177763E+14   1.4653E-04   1.4667E-04   0.99909
FLUX  473   581.00        5.159940E+14   1.4574E-04   1.4590E-04   0.99888
FLUX  474   583.00        5.142238E+14   1.4495E-04   1.4515E-04   0.99863
FLUX  475   585.00        5.124658E+14   1.4425E-04   1.4440E-04   0.99899
FLUX  476   587.00        5.107198E+14   1.3933E-04   1.4366E-04   0.96986
FLUX  477   589.00        5.089856E+14   1.4187E-04   1.4292E-04   0.99266
FLUX  478   591.00        5.072631E+14   1.4193E-04   1.4219E-04   0.99824
FLUX  479   593.00        5.055523E+14   1.4128E-04   1.4146E-04   0.99871
FLUX  480   595.00        5.038529E+14   1.4011E-04   1.4074E-04   0.99555
FLUX  481   597.00        5.021650E+14   1.3990E-04   1.4002E-04   0.99913
FLUX  482   599.00        5.004883E+14   1.3897E-04   1.3931E-04   0.99754
FLUX  483   601.00        4.988228E+14   1.3856E-04   1.3861E-04   0.99963
FLUX  484   603.00        4.971683E+14   1.3779E-04   1.3791E-04   0.99909
FLUX  485   605.00        4.955248E+14   1.3713E-04   1.3722E-04   0.99938
FLUX  486   607.00        4.938921E+14   1.3645E-04   1.3653E-04   0.99942
FLUX  487   609.00        4.922701E+14   1.3569E-04   1.3585E-04   0.99881
FLUX  488   611.00        4.906588E+14   1.3512E-04   1.3517E-04   0.99965
FLUX  489   613.00        4.890579E+14   1.3447E-04   1.3450E-04   0.99975
FLUX  490   615.00        4.874675E+14   1.3324E-04   1.3383E-04   0.99559
FLUX  491   617.00        4.858874E+14   1.3305E-04   1.3317E-04   0.99908
FLUX  492   619.00        4.843174E+14   1.3247E-04   1.3252E-04   0.99969
FLUX  493   621.00        4.827576E+14   1.3181E-04   1.3186E-04   0.99962
FLUX  494   623.00        4.812079E+14   1.3111E-04   1.3122E-04   0.99918
FLUX  495   625.00        4.796680E+14   1.3019E-04   1.3058E-04   0.99707
FLUX  496   627.00        4.781380E+14   1.2982E-04   1.2994E-04   0.99908
FLUX  497   629.00        4.766176E+14   1.2918E-04   1.2931E-04   0.99902
FLUX  498   631.00        4.751070E+14   1.2841E-04   1.2868E-04   0.99788
FLUX  499   633.00        4.736058E+14   1.2798E-04   1.2806E-04   0.99937
FLUX  500   635.00        4.721142E+14   1.2666E-04   1.2744E-04   0.99392
FLUX  501   637.00        4.706319E+14   1.2633E-04   1.2682E-04   0.99607
FLUX  502   639.00        4.691588E+14   1.2603E-04   1.2622E-04   0.99856
FLUX  503   641.00        4.676950E+14   1.2541E-04   1.2561E-04   0.99841
FLUX  504   643.00        4.662403E+14   1.2498E-04   1.2501E-04   0.99978
FLUX  505   645.00        4.647946E+14   1.2428E-04   1.2441E-04   0.99895
FLUX  506   647.00        4.633578E+14   1.2359E-04   1.2382E-04   0.99814
FLUX  507   649.00        4.619299E+14   1.2305E-04   1.2323E-04   0.99847
FLUX  508   651.00        4.605107E+14   1.2221E-04   1.2265E-04   0.99641
FLUX  509   653.00        4.591003E+14   1.2110E-04   1.2207E-04   0.99201
FLUX  510   655.00        4.576985E+14   1.1521E-04   1.2150E-04   0.94825
FLUX  511   657.00        4.563052E+14   1.0146E-04   1.2093E-04   0.83899
FLUX  512   659.00        4.549203E+14   1.1793E-04   1.2036E-04   0.97981
FLUX  513   661.00        4.535439E+14   1.1928E-04   1.1980E-04   0.99570
FLUX  514   663.00        4.521757E+14   1.1912E-04   1.1924E-04   0.99906
FLUX  515   665.00        4.508158E+14   1.1867E-04   1.1875E-04   0.99929
FLUX  516   667.00        4.494640E+14   1.1701E-04   1.1820E-04   0.98993
FLUX  517   669.00        4.481203E+14   1.1654E-04   1.1765E-04   0.99054
FLUX  518   671.00        4.467846E+14   1.1703E-04   1.1711E-04   0.99930
FLUX  519   673.00        4.454569E+14   1.1647E-04   1.1657E-04   0.99915
FLUX  520   675.00        4.441370E+14   1.1599E-04   1.1603E-04   0.99965
FLUX  521   677.00        4.428250E+14   1.1547E-04   1.1550E-04   0.99977
FLUX  522   679.00        4.415206E+14   1.1453E-04   1.1497E-04   0.99617
FLUX  523   681.00        4.402239E+14   1.1433E-04   1.1445E-04   0.99895
FLUX  524   683.00        4.389348E+14   1.1379E-04   1.1393E-04   0.99877
FLUX  525   685.00        4.376533E+14   1.1335E-04   1.1341E-04   0.99952
FLUX  526   687.00        4.363792E+14   1.1285E-04   1.1289E-04   0.99964
FLUX  527   689.00        4.351125E+14   1.1234E-04   1.1238E-04   0.99960
FLUX  528   691.00        4.338531E+14   1.1183E-04   1.1188E-04   0.99955
FLUX  529   693.00        4.326010E+14   1.1120E-04   1.1137E-04   0.99842
FLUX  530   695.00        4.313561E+14   1.1084E-04   1.1087E-04   0.99971
FLUX  531   697.00        4.301184E+14   1.1035E-04   1.1038E-04   0.99980
FLUX  532   699.00        4.288877E+14   1.0983E-04   1.0988E-04   0.99955
FLUX  533   701.00        4.276640E+14   1.0933E-04   1.0939E-04   0.99943
FLUX  534   703.00        4.264474E+14   1.0885E-04   1.0891E-04   0.99949
FLUX  535   705.00        4.252376E+14   1.0824E-04   1.0842E-04   0.99833
FLUX  536   707.00        4.240346E+14   1.0629E-04   1.0794E-04   0.98466
FLUX  537   709.00        4.228385E+14   1.0745E-04   1.0746E-04   0.99986
FLUX  538   711.00        4.216491E+14   1.0683E-04   1.0699E-04   0.99847
FLUX  539   713.00        4.204663E+14   1.0641E-04   1.0652E-04   0.99893
FLUX  540   715.00        4.192902E+14   1.0598E-04   1.0605E-04   0.99930
FLUX  541   717.00        4.181206E+14   1.0553E-04   1.0559E-04   0.99945
FLUX  542   719.00        4.169576E+14   1.0511E-04   1.0513E-04   0.99987
FLUX  543   721.00        4.158010E+14   1.0466E-04   1.0467E-04   0.99987
FLUX  544   723.00        4.146508E+14   1.0321E-04   1.0422E-04   0.99030
FLUX  545   725.00        4.135069E+14   1.0368E-04   1.0376E-04   0.99914
FLUX  546   727.00        4.123693E+14   1.0330E-04   1.0332E-04   0.99985
FLUX  547   729.00        4.112380E+14   1.0217E-04   1.0287E-04   0.99316
FLUX  548   731.00        4.101129E+14   1.0240E-04   1.0243E-04   0.99971
FLUX  549   733.00        4.089939E+14   1.0197E-04   1.0199E-04   0.99983
FLUX  550   735.00        4.078809E+14   1.0155E-04   1.0155E-04   0.99998
FLUX  551   737.00        4.067741E+14   1.0111E-04   1.0111E-04   0.99997
FLUX  552   739.00        4.056732E+14   1.0068E-04   1.0068E-04   0.99997
FLUX  553   741.00        4.045783E+14   1.0025E-04   1.0025E-04   0.99997
FLUX  554   743.00        4.034892E+14   9.9733E-05   9.9829E-05   0.99904
FLUX  555   745.00        4.024060E+14   9.9372E-05   9.9417E-05   0.99954
FLUX  556   747.00        4.013286E+14   9.8861E-05   9.8997E-05   0.99863
FLUX  557   749.00        4.002570E+14   9.8504E-05   9.8578E-05   0.99924
FLUX  558   751.00        3.991911E+14   9.8083E-05   9.8163E-05   0.99919
FLUX  559   753.00        3.981308E+14   9.7704E-05   9.7750E-05   0.99953
FLUX  560   755.00        3.970762E+14   9.7314E-05   9.7340E-05   0.99973
FLUX  561   757.00        3.960271E+14   9.6920E-05   9.6933E-05   0.99987
FLUX  562   759.00        3.949835E+14   9.6488E-05   9.6528E-05   0.99959
FLUX  563   761.00        3.939455E+14   9.6118E-05   9.6126E-05   0.99992
FLUX  564   763.00        3.929128E+14   9.5715E-05   9.5726E-05   0.99988
FLUX  565   765.00        3.918856E+14   9.5315E-05   9.5329E-05   0.99986
FLUX  566   767.00        3.908638E+14   9.4922E-05   9.4934E-05   0.99988
FLUX  567   769.00        3.898472E+14   9.4526E-05   9.4541E-05   0.99984
FLUX  568   771.00        3.888359E+14   9.4141E-05   9.4152E-05   0.99989
FLUX  569   773.00        3.878299E+14   9.3736E-05   9.3764E-05   0.99970
FLUX  570   775.00        3.868290E+14   9.3362E-05   9.3379E-05   0.99982
FLUX  571   777.00        3.858333E+14   9.2329E-05   9.2996E-05   0.99282
FLUX  572   779.00        3.848427E+14   9.2602E-05   9.2616E-05   0.99985
FLUX  573   781.00        3.838572E+14   9.2193E-05   9.2238E-05   0.99951
FLUX  574   783.00        3.828768E+14   9.1860E-05   9.1863E-05   0.99997
FLUX  575   785.00        3.819013E+14   9.1335E-05   9.1568E-05   0.99745
FLUX  576   787.00        3.809307E+14   9.1003E-05   9.1196E-05   0.99788
FLUX  577   789.00        3.799651E+14   9.0472E-05   9.0827E-05   0.99610
FLUX  578   791.00        3.790044E+14   9.0402E-05   9.0460E-05   0.99936
FLUX  579   793.00        3.780485E+14   9.0073E-05   9.0095E-05   0.99976
FLUX  580   795.00        3.770975E+14   8.9488E-05   8.9733E-05   0.99727
FLUX  581   797.00        3.761512E+14   8.9274E-05   8.9373E-05   0.99890
FLUX  582   799.00        3.752096E+14   8.8663E-05   8.9015E-05   0.99605
FLUX  583   801.00        3.742728E+14   8.8571E-05   8.8659E-05   0.99901
FLUX  584   803.00        3.733406E+14   8.8185E-05   8.8305E-05   0.99864
FLUX  585   805.00        3.724130E+14   8.7825E-05   8.7953E-05   0.99854
FLUX  586   807.00        3.714901E+14   8.7512E-05   8.7604E-05   0.99895
FLUX  587   809.00        3.705717E+14   8.7062E-05   8.7257E-05   0.99777
FLUX  588   811.00        3.696578E+14   8.6758E-05   8.6911E-05   0.99823
FLUX  589   813.00        3.687485E+14   8.6474E-05   8.6568E-05   0.99892
FLUX  590   815.00        3.678436E+14   8.6059E-05   8.6227E-05   0.99804
FLUX  591   817.00        3.669431E+14   8.5830E-05   8.5888E-05   0.99932
FLUX  592   819.00        3.660470E+14   8.5399E-05   8.5551E-05   0.99822
FLUX  593   821.00        3.651553E+14   8.4860E-05   9.1864E-05   0.92376
FLUX  594   823.00        3.642679E+14   8.4595E-05   9.1489E-05   0.92465
FLUX  595   825.00        3.633848E+14   8.4532E-05   9.1116E-05   0.92774
FLUX  596   827.00        3.625060E+14   8.3891E-05   9.0791E-05   0.92400
FLUX  597   829.00        3.616315E+14   8.3809E-05   9.0423E-05   0.92685
FLUX  598   831.00        3.607611E+14   8.3515E-05   9.0056E-05   0.92736
FLUX  599   833.00        3.598950E+14   8.3207E-05   8.9692E-05   0.92770
FLUX  600   835.00        3.590329E+14   8.2577E-05   8.9329E-05   0.92441
FLUX  601   837.00        3.581750E+14   8.2408E-05   8.8969E-05   0.92624
FLUX  602   839.00        3.573212E+14   8.2250E-05   8.8612E-05   0.92821
FLUX  603   841.00        3.564715E+14   8.1867E-05   8.8256E-05   0.92761
FLUX  604   843.00        3.556257E+14   8.1425E-05   8.7903E-05   0.92631
FLUX  605   845.00        3.547840E+14   8.0429E-05   8.7551E-05   0.91865
FLUX  606   847.00        3.539463E+14   8.0478E-05   8.7202E-05   0.92290
FLUX  607   849.00        3.531125E+14   8.0389E-05   8.6855E-05   0.92556
FLUX  608   851.00        3.522826E+14   7.9402E-05   8.6509E-05   0.91784
FLUX  609   853.00        3.514566E+14   8.0087E-05   8.6166E-05   0.92945
FLUX  610   855.00        3.506345E+14   7.7477E-05   8.5825E-05   0.90273
FLUX  611   857.00        3.498162E+14   8.0586E-05   8.5486E-05   0.94267
FLUX  612   859.00        3.490017E+14   7.7036E-05   8.5149E-05   0.90472
FLUX  613   861.00        3.481911E+14   7.6793E-05   8.4814E-05   0.90543
FLUX  614   863.00        3.473841E+14   8.0694E-05   8.4481E-05   0.95518
FLUX  615   865.00        3.465809E+14   7.8348E-05   8.4150E-05   0.93105
FLUX  616   867.00        3.457814E+14   7.2185E-05   8.3821E-05   0.86118
FLUX  617   869.00        3.449856E+14   7.9791E-05   8.3494E-05   0.95565
FLUX  618   871.00        3.441935E+14   8.1087E-05   8.3169E-05   0.97497
FLUX  619   873.00        3.434049E+14   7.8665E-05   8.2845E-05   0.94954
FLUX  620   875.00        3.426200E+14   6.9627E-05   8.2524E-05   0.84371
FLUX  621   877.00        3.418387E+14   7.6563E-05   8.2204E-05   0.93137
FLUX  622   879.00        3.410609E+14   8.0390E-05   8.1887E-05   0.98172
FLUX  623   881.00        3.402866E+14   8.0590E-05   8.1571E-05   0.98797
FLUX  624   883.00        3.395159E+14   7.9611E-05   8.1257E-05   0.97974
FLUX  625   885.00        3.387486E+14   7.4107E-05   8.0945E-05   0.91553
FLUX  626   887.00        3.379848E+14   6.7953E-05   8.0635E-05   0.84273
FLUX  627   889.00        3.372244E+14   7.7591E-05   8.0326E-05   0.96595
FLUX  628   891.00        3.364674E+14   7.9070E-05   8.0019E-05   0.98814
FLUX  629   893.00        3.357139E+14   7.8948E-05   7.9714E-05   0.99039
FLUX  630   895.00        3.349637E+14   7.8984E-05   7.9411E-05   0.99462
FLUX  631   897.00        3.342168E+14   7.8422E-05   7.9110E-05   0.99130
FLUX  632   899.00        3.334733E+14   7.6184E-05   7.8810E-05   0.96667
FLUX  633   901.00        3.327331E+14   6.6835E-05   7.8512E-05   0.85127
FLUX  634   903.00        3.319961E+14   7.0791E-05   7.8216E-05   0.90508
FLUX  635   905.00        3.312624E+14   7.6430E-05   7.7921E-05   0.98086
FLUX  636   907.00        3.305320E+14   7.6342E-05   7.7628E-05   0.98343
FLUX  637   909.00        3.298047E+14   7.6599E-05   7.7337E-05   0.99045
FLUX  638   911.00        3.290807E+14   7.6753E-05   7.7047E-05   0.99618
FLUX  639   913.00        3.283598E+14   7.6622E-05   7.6759E-05   0.99822
FLUX  640   915.00        3.276421E+14   7.6254E-05   7.6473E-05   0.99713
FLUX  641   917.00        3.269275E+14   7.5625E-05   7.6188E-05   0.99260
FLUX  642   919.00        3.262160E+14   7.4974E-05   7.5905E-05   0.98773
FLUX  643   921.00        3.255076E+14   7.1539E-05   7.5624E-05   0.94599
FLUX  644   923.00        3.248023E+14   6.2307E-05   7.5344E-05   0.82697
FLUX  645   925.00        3.241000E+14   7.0644E-05   7.5065E-05   0.94110
FLUX  646   927.00        3.234008E+14   7.3168E-05   7.4789E-05   0.97833
FLUX  647   929.00        3.227045E+14   7.4082E-05   7.4513E-05   0.99421
FLUX  648   931.00        3.220113E+14   7.3751E-05   7.4239E-05   0.99342
FLUX  649   933.00        3.213210E+14   7.3826E-05   7.3967E-05   0.99810
FLUX  650   935.00        3.206337E+14   7.3605E-05   7.3696E-05   0.99876
FLUX  651   937.00        3.199493E+14   7.3393E-05   7.3427E-05   0.99953
FLUX  652   939.00        3.192678E+14   7.3103E-05   7.3160E-05   0.99923
FLUX  653   941.00        3.185893E+14   7.2489E-05   7.2893E-05   0.99446
FLUX  654   943.00        3.179136E+14   7.2597E-05   7.2628E-05   0.99956
FLUX  655   945.00        3.172407E+14   7.2327E-05   7.2365E-05   0.99948
FLUX  656   947.00        3.165707E+14   7.1516E-05   7.2103E-05   0.99186
FLUX  657   949.00        3.159036E+14   7.1467E-05   7.1843E-05   0.99476
FLUX  658   951.00        3.152392E+14   7.0166E-05   7.1584E-05   0.98019
FLUX  659   953.00        3.145776E+14   6.6744E-05   7.1326E-05   0.93575
FLUX  660   955.00        3.139188E+14   5.9115E-05   7.1070E-05   0.83178
FLUX  661   957.00        3.132628E+14   6.7716E-05   7.0815E-05   0.95623
FLUX  662   959.00        3.126095E+14   6.9792E-05   7.0562E-05   0.98908
FLUX  663   961.00        3.119589E+14   6.9815E-05   7.0310E-05   0.99296
FLUX  664   963.00        3.113110E+14   6.9317E-05   7.0059E-05   0.98941
FLUX  665   965.00        3.106658E+14   6.9794E-05   6.9810E-05   0.99977
FLUX  666   967.00        3.100233E+14   6.9500E-05   6.9562E-05   0.99911
FLUX  667   969.00        3.093834E+14   6.9240E-05   6.9315E-05   0.99892
FLUX  668   971.00        3.087461E+14   6.8888E-05   6.9070E-05   0.99737
FLUX  669   973.00        3.081115E+14   6.8820E-05   6.8826E-05   0.99991
FLUX  670   975.00        3.074795E+14   6.8554E-05   6.8583E-05   0.99957
FLUX  671   977.00        3.068500E+14   6.8340E-05   6.8342E-05   0.99998
FLUX  672   979.00        3.062232E+14   6.8095E-05   6.8102E-05   0.99991
FLUX  673   981.00        3.055989E+14   6.7853E-05   6.7863E-05   0.99986
FLUX  674   983.00        3.049771E+14   6.7589E-05   6.7625E-05   0.99947
FLUX  675   985.00        3.043579E+14   6.7375E-05   6.7389E-05   0.99980
FLUX  676   987.00        3.037411E+14   6.7130E-05   6.7153E-05   0.99966
FLUX  677   989.00        3.031269E+14   6.6853E-05   6.6919E-05   0.99900
FLUX  678   991.00        3.025151E+14   6.6451E-05   6.6687E-05   0.99647
FLUX  679   993.00        3.019058E+14   6.6443E-05   6.6455E-05   0.99982
FLUX  680   995.00        3.012990E+14   6.6193E-05   6.6225E-05   0.99952
FLUX  681   997.00        3.006946E+14   6.5835E-05   6.5995E-05   0.99757
FLUX  682   999.00        3.000926E+14   6.5474E-05   6.5767E-05   0.99554
FLUX  683  1002.50        2.990449E+14   6.2037E-05   6.5371E-05   0.94899
FLUX  684  1007.50        2.975608E+14   6.0348E-05   6.4812E-05   0.93112
FLUX  685  1012.50        2.960914E+14   6.3802E-05   6.4259E-05   0.99288
FLUX  686  1017.50        2.946364E+14   6.3671E-05   6.3714E-05   0.99933
FLUX  687  1022.50        2.931956E+14   6.3142E-05   6.3175E-05   0.99948
FLUX  688  1027.50        2.917689E+14   6.2635E-05   6.2644E-05   0.99985
FLUX  689  1032.50        2.903559E+14   6.1896E-05   6.2119E-05   0.99641
FLUX  690  1037.50        2.889566E+14   6.1592E-05   6.1601E-05   0.99986
FLUX  691  1042.50        2.875707E+14   6.1084E-05   6.1089E-05   0.99992
FLUX  692  1047.50        2.861981E+14   6.0570E-05   6.0584E-05   0.99977
FLUX  693  1052.50        2.848385E+14   6.0059E-05   6.0085E-05   0.99957
FLUX  694  1057.50        2.834917E+14   5.9577E-05   5.9592E-05   0.99974
FLUX  695  1062.50        2.821576E+14   5.9101E-05   5.9106E-05   0.99992
FLUX  696  1067.50        2.808361E+14   5.8420E-05   5.8625E-05   0.99652
FLUX  697  1072.50        2.795268E+14   5.8129E-05   5.8150E-05   0.99963
FLUX  698  1077.50        2.782297E+14   5.7663E-05   5.7681E-05   0.99970
FLUX  699  1082.50        2.769446E+14   5.6588E-05   5.7217E-05   0.98899
FLUX  700  1087.50        2.756713E+14   5.6459E-05   5.6760E-05   0.99471
FLUX  701  1092.50        2.744096E+14   5.1278E-05   5.6308E-05   0.91068
FLUX  702  1097.50        2.731595E+14   5.4216E-05   5.5861E-05   0.97056
FLUX  703  1102.50        2.719206E+14   5.4990E-05   5.5420E-05   0.99226
FLUX  704  1107.50        2.706930E+14   5.4932E-05   5.4983E-05   0.99907
FLUX  705  1112.50        2.694764E+14   5.4547E-05   5.4552E-05   0.99990
FLUX  706  1117.50        2.682707E+14   5.4117E-05   5.4127E-05   0.99982
FLUX  707  1122.50        2.670757E+14   5.3678E-05   5.3706E-05   0.99948
FLUX  708  1127.50        2.658913E+14   5.3154E-05   5.3290E-05   0.99745
FLUX  709  1132.50        2.647174E+14   5.2790E-05   5.2879E-05   0.99831
FLUX  710  1137.50        2.635538E+14   5.2465E-05   5.2473E-05   0.99986
FLUX  711  1142.50        2.624004E+14   5.2052E-05   5.2071E-05   0.99963
FLUX  712  1147.50        2.612571E+14   5.1671E-05   5.1675E-05   0.99993
FLUX  713  1152.50        2.601236E+14   5.1277E-05   5.1282E-05   0.99990
FLUX  714  1157.50        2.590000E+14   5.0882E-05   5.0894E-05   0.99977
FLUX  715  1162.50        2.578860E+14   5.0472E-05   5.0511E-05   0.99923
FLUX  716  1167.50        2.567816E+14   5.0100E-05   5.0131E-05   0.99937
FLUX  717  1172.50        2.556866E+14   4.9745E-05   4.9756E-05   0.99976
FLUX  718  1177.50        2.546008E+14   4.9295E-05   4.9386E-05   0.99817
FLUX  719  1182.50        2.535243E+14   4.9012E-05   4.9019E-05   0.99984
FLUX  720  1187.50        2.524568E+14   4.8637E-05   4.8657E-05   0.99961
FLUX  721  1192.50        2.513983E+14   4.8297E-05   4.8298E-05   0.99998
FLUX  722  1197.50        2.503486E+14   4.7559E-05   4.7944E-05   0.99197
FLUX  723  1202.50        2.493077E+14   4.7592E-05   4.7593E-05   0.99998
FLUX  724  1207.50        2.482754E+14   4.7244E-05   4.7247E-05   0.99994
FLUX  725  1212.50        2.472515E+14   4.6899E-05   4.6904E-05   0.99990
FLUX  726  1217.50        2.462361E+14   4.6561E-05   4.6564E-05   0.99992
FLUX  727  1222.50        2.452290E+14   4.6225E-05   4.6229E-05   0.99991
FLUX  728  1227.50        2.442301E+14   4.5891E-05   4.5897E-05   0.99987
FLUX  729  1232.50        2.432393E+14   4.5563E-05   4.5569E-05   0.99987
FLUX  730  1237.50        2.422566E+14   4.5240E-05   4.5244E-05   0.99990
FLUX  731  1242.50        2.412817E+14   4.4922E-05   4.4923E-05   0.99998
FLUX  732  1247.50        2.403146E+14   4.4571E-05   4.4605E-05   0.99924
FLUX  733  1252.50        2.393553E+14   4.4218E-05   4.4291E-05   0.99835
FLUX  734  1257.50        2.384036E+14   4.3956E-05   4.3980E-05   0.99947
FLUX  735  1262.50        2.374594E+14   4.3660E-05   4.3672E-05   0.99974
FLUX  736  1267.50        2.365227E+14   4.3363E-05   4.3367E-05   0.99990
FLUX  737  1272.50        2.355933E+14   4.2998E-05   4.3066E-05   0.99843
FLUX  738  1277.50        2.346712E+14   4.1950E-05   4.2768E-05   0.98087
FLUX  739  1282.50        2.337563E+14   3.8772E-05   4.2473E-05   0.91287
FLUX  740  1287.50        2.328485E+14   4.1783E-05   4.2181E-05   0.99058
FLUX  741  1292.50        2.319478E+14   4.1852E-05   4.1892E-05   0.99904
FLUX  742  1297.50        2.310539E+14   4.1377E-05   4.1606E-05   0.99451
FLUX  743  1302.50        2.301670E+14   4.1322E-05   4.1323E-05   0.99999
FLUX  744  1307.50        2.292868E+14   4.1042E-05   4.1043E-05   0.99998
FLUX  745  1312.50        2.284133E+14   4.0765E-05   4.0765E-05   1.00000
FLUX  746  1317.50        2.275465E+14   4.0473E-05   4.0491E-05   0.99955
FLUX  747  1322.50        2.266862E+14   4.0219E-05   4.0219E-05   0.99999
FLUX  748  1327.50        2.258324E+14   3.9950E-05   3.9950E-05   0.99999
FLUX  749  1332.50        2.249850E+14   3.9684E-05   3.9684E-05   0.99999
FLUX  750  1337.50        2.241439E+14   3.9420E-05   3.9421E-05   0.99999
FLUX  751  1342.50        2.233091E+14   3.9132E-05   3.9160E-05   0.99930
FLUX  752  1347.50        2.224805E+14   3.8899E-05   3.8901E-05   0.99993
FLUX  753  1352.50        2.216580E+14   3.8640E-05   3.8646E-05   0.99985
FLUX  754  1357.50        2.208416E+14   3.8389E-05   3.8392E-05   0.99993
FLUX  755  1362.50        2.200312E+14   3.8138E-05   3.8141E-05   0.99990
FLUX  756  1367.50        2.192267E+14   3.7884E-05   3.7893E-05   0.99976
FLUX  757  1372.50        2.184280E+14   3.7639E-05   3.7647E-05   0.99980
FLUX  758  1377.50        2.176352E+14   3.7403E-05   3.7404E-05   0.99998
FLUX  759  1382.50        2.168481E+14   3.7162E-05   3.7162E-05   0.99999
FLUX  760  1387.50        2.160667E+14   3.6923E-05   3.6924E-05   0.99999
FLUX  761  1392.50        2.152908E+14   3.6679E-05   3.6687E-05   0.99978
FLUX  762  1397.50        2.145206E+14   3.6448E-05   3.6453E-05   0.99987
FLUX  763  1402.50        2.137558E+14   3.6220E-05   3.6221E-05   0.99998
FLUX  764  1407.50        2.129964E+14   3.5989E-05   3.5991E-05   0.99993
FLUX  765  1412.50        2.122425E+14   3.5761E-05   3.5763E-05   0.99992
FLUX  766  1417.50        2.114938E+14   3.5538E-05   3.5538E-05   0.99999
FLUX  767  1422.50        2.107504E+14   3.5314E-05   3.5315E-05   0.99999
FLUX  768  1427.50        2.100123E+14   3.5093E-05   3.5093E-05   0.99999
FLUX  769  1432.50        2.092792E+14   3.4874E-05   3.4874E-05   0.99998
FLUX  770  1437.50        2.085513E+14   3.4656E-05   3.4657E-05   0.99998
FLUX  771  1442.50        2.078284E+14   3.4424E-05   3.4442E-05   0.99946
FLUX  772  1447.50        2.071105E+14   3.4222E-05   3.4229E-05   0.99979
FLUX  773  1452.50        2.063976E+14   3.4010E-05   3.4018E-05   0.99977
FLUX  774  1457.00        2.057601E+14   3.3830E-05   3.3830E-05   0.99999
FLUX  775  1462.00        2.050564E+14   3.3625E-05   3.4281E-05   0.98088
FLUX  776  1467.50        2.042879E+14   3.3407E-05   3.4048E-05   0.98117
FLUX  777  1472.50        2.035942E+14   3.3206E-05   3.3839E-05   0.98129
FLUX  778  1477.50        2.029052E+14   3.3002E-05   3.3631E-05   0.98130
FLUX  779  1482.50        2.022209E+14   3.2813E-05   3.3426E-05   0.98167
FLUX  780  1487.50        2.015412E+14   3.2618E-05   3.3222E-05   0.98181
FLUX  781  1492.50        2.008660E+14   3.2427E-05   3.3021E-05   0.98203
FLUX  782  1497.50        2.001953E+14   3.2233E-05   3.2821E-05   0.98210
FLUX  783  1502.50        1.995291E+14   3.2044E-05   3.2623E-05   0.98227
FLUX  784  1507.50        1.988673E+14   3.1804E-05   3.2426E-05   0.98080
FLUX  785  1512.50        1.982099E+14   3.1662E-05   3.2232E-05   0.98231
FLUX  786  1517.50        1.975568E+14   3.1472E-05   3.2039E-05   0.98232
FLUX  787  1522.50        1.969080E+14   3.1285E-05   3.1848E-05   0.98234
FLUX  788  1527.50        1.962635E+14   3.1081E-05   3.1658E-05   0.98176
FLUX  789  1532.50        1.956232E+14   3.0883E-05   3.1471E-05   0.98133
FLUX  790  1537.50        1.949870E+14   3.0732E-05   3.1285E-05   0.98234
FLUX  791  1542.50        1.943549E+14   3.0465E-05   3.1100E-05   0.97956
FLUX  792  1547.50        1.937270E+14   3.0369E-05   3.0918E-05   0.98225
FLUX  793  1552.50        1.931031E+14   3.0178E-05   3.0737E-05   0.98182
FLUX  794  1557.50        1.924831E+14   2.9809E-05   3.0557E-05   0.97554
FLUX  795  1562.50        1.918672E+14   2.9965E-05   3.0379E-05   0.98636
FLUX  796  1567.50        1.912552E+14   2.9535E-05   3.0203E-05   0.97788
FLUX  797  1572.50        1.906471E+14   2.9183E-05   3.0028E-05   0.97188
FLUX  798  1577.50        1.900428E+14   2.9513E-05   2.9854E-05   0.98858
FLUX  799  1582.50        1.894423E+14   2.9309E-05   2.9683E-05   0.98741
FLUX  800  1587.50        1.888457E+14   2.8260E-05   2.9512E-05   0.95758
FLUX  801  1592.50        1.882527E+14   2.8796E-05   2.9343E-05   0.98136
FLUX  802  1597.50        1.876635E+14   2.8950E-05   2.9176E-05   0.99225
FLUX  803  1605.00        1.867866E+14   2.8499E-05   2.8927E-05   0.98520
FLUX  804  1615.00        1.856300E+14   2.7674E-05   2.8601E-05   0.96760
FLUX  805  1625.00        1.844877E+14   2.8180E-05   2.8280E-05   0.99649
FLUX  806  1635.00        1.833593E+14   2.7512E-05   2.7964E-05   0.98382
FLUX  807  1645.00        1.822447E+14   2.6645E-05   2.7654E-05   0.96352
FLUX  808  1655.00        1.811435E+14   2.7320E-05   2.7349E-05   0.99894
FLUX  809  1665.00        1.800556E+14   2.7038E-05   2.7049E-05   0.99958
FLUX  810  1675.00        1.789806E+14   2.6291E-05   2.6754E-05   0.98271
FLUX  811  1685.00        1.779184E+14   2.5428E-05   2.6463E-05   0.96089
FLUX  812  1695.00        1.768687E+14   2.6143E-05   2.6178E-05   0.99867
FLUX  813  1705.00        1.758314E+14   2.5778E-05   2.5897E-05   0.99541
FLUX  814  1715.00        1.748061E+14   2.5614E-05   2.5620E-05   0.99975
FLUX  815  1725.00        1.737928E+14   2.5289E-05   2.5348E-05   0.99768
FLUX  816  1735.00        1.727911E+14   2.3820E-05   2.5080E-05   0.94975
FLUX  817  1745.00        1.718009E+14   2.4630E-05   2.4817E-05   0.99248
FLUX  818  1755.00        1.708219E+14   2.4550E-05   2.4557E-05   0.99971
FLUX  819  1765.00        1.698541E+14   2.4299E-05   2.4302E-05   0.99985
FLUX  820  1775.00        1.688972E+14   2.4043E-05   2.4051E-05   0.99969
FLUX  821  1785.00        1.679510E+14   2.3792E-05   2.3803E-05   0.99952
FLUX  822  1795.00        1.670153E+14   2.3559E-05   2.3560E-05   0.99998
FLUX  823  1805.00        1.660900E+14   2.3265E-05   2.3320E-05   0.99763
FLUX  824  1815.00        1.651749E+14   2.1999E-05   2.3084E-05   0.95301
FLUX  825  1825.00        1.642699E+14   2.2568E-05   2.2851E-05   0.98762
FLUX  826  1835.00        1.633747E+14   2.2614E-05   2.2622E-05   0.99966
FLUX  827  1845.00        1.624892E+14   2.2393E-05   2.2396E-05   0.99986
FLUX  828  1855.00        1.616132E+14   2.2152E-05   2.2173E-05   0.99905
FLUX  829  1865.00        1.607466E+14   2.1786E-05   2.1954E-05   0.99234
FLUX  830  1875.00        1.598893E+14   2.0701E-05   2.1738E-05   0.95229
FLUX  831  1885.00        1.590411E+14   2.1463E-05   2.1526E-05   0.99710
FLUX  832  1895.00        1.582018E+14   2.1307E-05   2.1316E-05   0.99957
FLUX  833  1905.00        1.573714E+14   2.1047E-05   2.1109E-05   0.99705
FLUX  834  1915.00        1.565496E+14   2.0904E-05   2.0906E-05   0.99989
FLUX  835  1925.00        1.557364E+14   2.0703E-05   2.0705E-05   0.99991
FLUX  836  1935.00        1.549315E+14   2.0424E-05   2.0508E-05   0.99593
FLUX  837  1945.00        1.541350E+14   1.9244E-05   2.0313E-05   0.94737
FLUX  838  1955.00        1.533465E+14   2.0019E-05   2.0120E-05   0.99496
FLUX  839  1965.00        1.525662E+14   1.9931E-05   1.9931E-05   0.99998
FLUX  840  1975.00        1.517937E+14   1.9744E-05   1.9744E-05   0.99998
FLUX  841  1985.00        1.510290E+14   1.9560E-05   1.9560E-05   0.99999
FLUX  842  1995.00        1.502719E+14   1.9378E-05   1.9378E-05   0.99999
FLUX  843  2005.00        1.495224E+14   1.9199E-05   1.9199E-05   0.99999
FLUX  844  2015.00        1.487804E+14   1.9023E-05   1.9023E-05   0.99999
FLUX  845  2025.00        1.480457E+14   1.8849E-05   1.8849E-05   0.99999
FLUX  846  2035.00        1.473182E+14   1.8677E-05   1.8677E-05   0.99999
FLUX  847  2045.00        1.465978E+14   1.8504E-05   1.8508E-05   0.99979
FLUX  848  2055.00        1.458844E+14   1.8309E-05   1.8340E-05   0.99829
FLUX  849  2065.00        1.451780E+14   1.8175E-05   1.8176E-05   0.99999
FLUX  850  2075.00        1.444783E+14   1.8013E-05   1.8013E-05   0.99999
FLUX  851  2085.00        1.437854E+14   1.7852E-05   1.7852E-05   1.00000
FLUX  852  2095.00        1.430990E+14   1.7694E-05   1.7694E-05   0.99997
FLUX  853  2105.00        1.424192E+14   1.7538E-05   1.7538E-05   0.99998
FLUX  854  2115.00        1.417459E+14   1.7337E-05   1.7384E-05   0.99733
FLUX  855  2125.00        1.410788E+14   1.7230E-05   1.7232E-05   0.99990
FLUX  856  2135.00        1.404180E+14   1.7079E-05   1.7081E-05   0.99986
FLUX  857  2145.00        1.397634E+14   1.6927E-05   1.6933E-05   0.99965
FLUX  858  2155.00        1.391148E+14   1.6729E-05   1.6787E-05   0.99652
FLUX  859  2165.00        1.384723E+14   1.5785E-05   1.6642E-05   0.94846
FLUX  860  2175.00        1.378356E+14   1.6391E-05   1.6500E-05   0.99337
FLUX  861  2185.00        1.372048E+14   1.6351E-05   1.6359E-05   0.99952
FLUX  862  2195.00        1.365797E+14   1.6218E-05   1.6220E-05   0.99987
FLUX  863  2205.00        1.359603E+14   1.6083E-05   1.6083E-05   0.99999
FLUX  864  2215.00        1.353465E+14   1.5947E-05   1.5948E-05   0.99998
FLUX  865  2225.00        1.347382E+14   1.5812E-05   1.5814E-05   0.99989
FLUX  866  2235.00        1.341353E+14   1.5682E-05   1.5682E-05   0.99999
FLUX  867  2245.00        1.335379E+14   1.5551E-05   1.5551E-05   0.99999
FLUX  868  2255.00        1.329457E+14   1.5422E-05   1.5422E-05   0.99999
FLUX  869  2265.00        1.323587E+14   1.5295E-05   1.5295E-05   1.00000
FLUX  870  2275.00        1.317769E+14   1.5170E-05   1.5170E-05   1.00000
FLUX  871  2285.00        1.312002E+14   1.5046E-05   1.5149E-05   0.99325
FLUX  872  2295.00        1.306285E+14   1.4925E-05   1.5025E-05   0.99333
FLUX  873  2305.00        1.300618E+14   1.4802E-05   1.4903E-05   0.99327
FLUX  874  2315.00        1.295000E+14   1.4685E-05   1.4782E-05   0.99349
FLUX  875  2325.00        1.289430E+14   1.4568E-05   1.4662E-05   0.99357
FLUX  876  2335.00        1.283908E+14   1.4452E-05   1.4544E-05   0.99364
FLUX  877  2345.00        1.278433E+14   1.4337E-05   1.4428E-05   0.99373
FLUX  878  2355.00        1.273004E+14   1.4224E-05   1.4313E-05   0.99379
FLUX  879  2365.00        1.267622E+14   1.4111E-05   1.4199E-05   0.99384
FLUX  880  2375.00        1.262284E+14   1.4001E-05   1.4087E-05   0.99392
FLUX  881  2385.00        1.256992E+14   1.3891E-05   1.3975E-05   0.99398
FLUX  882  2395.00        1.251743E+14   1.3782E-05   1.3866E-05   0.99396
FLUX  883  2405.00        1.246538E+14   1.3673E-05   1.3757E-05   0.99391
FLUX  884  2415.00        1.241377E+14   1.3566E-05   1.3650E-05   0.99385
FLUX  885  2425.00        1.236258E+14   1.3464E-05   1.3544E-05   0.99409
FLUX  886  2435.00        1.231181E+14   1.3357E-05   1.3439E-05   0.99392
FLUX  887  2445.00        1.226145E+14   1.3251E-05   1.3336E-05   0.99366
FLUX  888  2455.00        1.221151E+14   1.3155E-05   1.3233E-05   0.99410
FLUX  889  2465.00        1.216197E+14   1.3047E-05   1.3132E-05   0.99348
FLUX  890  2475.00        1.211283E+14   1.2935E-05   1.3032E-05   0.99257
FLUX  891  2485.00        1.206408E+14   1.2865E-05   1.2933E-05   0.99469
FLUX  892  2495.00        1.201573E+14   1.2723E-05   1.2836E-05   0.99119
FLUX  893  2505.00        1.196776E+14   1.2674E-05   1.2739E-05   0.99491
FLUX  894  2515.00        1.192018E+14   1.2581E-05   1.2643E-05   0.99507
FLUX  895  2525.00        1.187297E+14   1.2408E-05   1.2549E-05   0.98875
FLUX  896  2535.00        1.182613E+14   1.2387E-05   1.2455E-05   0.99453
FLUX  897  2545.00        1.177967E+14   1.2318E-05   1.2363E-05   0.99636
FLUX  898  2555.00        1.173356E+14   1.2201E-05   1.2272E-05   0.99424
FLUX  899  2565.00        1.168782E+14   1.1990E-05   1.2181E-05   0.98429
FLUX  900  2575.00        1.164243E+14   1.2033E-05   1.2092E-05   0.99514
FLUX  901  2585.00        1.159739E+14   1.1969E-05   1.2004E-05   0.99710
FLUX  902  2595.00        1.155270E+14   1.1878E-05   1.1916E-05   0.99682
FLUX  903  2605.00        1.150835E+14   1.1724E-05   1.1830E-05   0.99106
FLUX  904  2615.00        1.146434E+14   1.1444E-05   1.1744E-05   0.97446
FLUX  905  2625.00        1.142067E+14   1.1041E-05   1.1660E-05   0.94697
FLUX  906  2635.00        1.137732E+14   1.1474E-05   1.1576E-05   0.99116
FLUX  907  2645.00        1.133431E+14   1.1463E-05   1.1493E-05   0.99741
FLUX  908  2655.00        1.129162E+14   1.1380E-05   1.1411E-05   0.99728
FLUX  909  2665.00        1.124925E+14   1.1260E-05   1.1330E-05   0.99377
FLUX  910  2675.00        1.120720E+14   1.0895E-05   1.1250E-05   0.96839
FLUX  911  2685.00        1.116546E+14   1.1096E-05   1.1171E-05   0.99333
FLUX  912  2695.00        1.112403E+14   1.1088E-05   1.1092E-05   0.99959
FLUX  913  2705.00        1.108290E+14   1.1014E-05   1.1015E-05   0.99998
FLUX  914  2715.00        1.104208E+14   1.0938E-05   1.0938E-05   0.99999
FLUX  915  2725.00        1.100156E+14   1.0862E-05   1.0862E-05   0.99999
FLUX  916  2735.00        1.096133E+14   1.0786E-05   1.0786E-05   0.99997
FLUX  917  2745.00        1.092140E+14   1.0676E-05   1.0712E-05   0.99661
FLUX  918  2755.00        1.088176E+14   1.0280E-05   1.0638E-05   0.96637
FLUX  919  2765.00        1.084240E+14   1.0405E-05   1.0565E-05   0.98482
FLUX  920  2775.00        1.080333E+14   1.0479E-05   1.0493E-05   0.99871
FLUX  921  2785.00        1.076454E+14   1.0421E-05   1.0421E-05   0.99998
FLUX  922  2795.00        1.072603E+14   1.0351E-05   1.0351E-05   0.99999
FLUX  923  2805.00        1.068779E+14   1.0280E-05   1.0281E-05   0.99998
FLUX  924  2815.00        1.064982E+14   1.0211E-05   1.0211E-05   0.99998
FLUX  925  2825.00        1.061212E+14   1.0142E-05   1.0143E-05   0.99998
FLUX  926  2835.00        1.057469E+14   1.0074E-05   1.0075E-05   0.99990
FLUX  927  2845.00        1.053752E+14   1.0007E-05   1.0007E-05   0.99998
FLUX  928  2855.00        1.050061E+14   9.9292E-06   9.9408E-06   0.99883
FLUX  929  2865.00        1.046396E+14   9.7608E-06   9.8749E-06   0.98844
FLUX  930  2875.00        1.042757E+14   9.4031E-06   9.8096E-06   0.95857
FLUX  931  2885.00        1.039142E+14   9.6999E-06   9.7450E-06   0.99537
FLUX  932  2895.00        1.035553E+14   9.6789E-06   9.6809E-06   0.99979
FLUX  933  2905.00        1.031988E+14   9.6175E-06   9.6176E-06   0.99999
FLUX  934  2915.00        1.028448E+14   9.5545E-06   9.5548E-06   0.99997
FLUX  935  2925.00        1.024932E+14   9.4926E-06   9.4927E-06   0.99999
FLUX  936  2935.00        1.021440E+14   9.4309E-06   9.4311E-06   0.99997
FLUX  937  2945.00        1.017971E+14   9.3700E-06   9.3702E-06   0.99998
FLUX  938  2955.00        1.014526E+14   9.3098E-06   9.3098E-06   1.00000
FLUX  939  2965.00        1.011105E+14   9.2500E-06   9.2500E-06   1.00000
FLUX  940  2975.00        1.007706E+14   9.1908E-06   9.1908E-06   1.00000
FLUX  941  2985.00        1.004330E+14   9.1322E-06   9.1322E-06   1.00000
FLUX  942  2995.00        1.000977E+14   9.0741E-06   9.0741E-06   1.00000
FLUX  943  3005.00        9.976456E+13   9.0165E-06   9.0166E-06   0.99999
FLUX  944  3015.00        9.943366E+13   8.9587E-06   8.9596E-06   0.99989
FLUX  945  3025.00        9.910496E+13   8.8775E-06   8.9032E-06   0.99712
FLUX  946  3035.00        9.877842E+13   8.5305E-06   8.8473E-06   0.96420
FLUX  947  3045.00        9.845402E+13   8.6000E-06   8.7919E-06   0.97818
FLUX  948  3055.00        9.813175E+13   8.7188E-06   8.7370E-06   0.99791
FLUX  949  3065.00        9.781158E+13   8.6825E-06   8.6826E-06   0.99998
FLUX  950  3075.00        9.749349E+13   8.6280E-06   8.6288E-06   0.99990
FLUX  951  3085.00        9.717747E+13   8.5728E-06   8.5754E-06   0.99969
FLUX  952  3095.00        9.686349E+13   8.5225E-06   8.5226E-06   0.99999
FLUX  953  3105.00        9.655153E+13   8.4701E-06   8.4702E-06   0.99999
FLUX  954  3115.00        9.624157E+13   8.4181E-06   8.4183E-06   0.99998
FLUX  955  3125.00        9.593360E+13   8.3663E-06   8.3669E-06   0.99993
FLUX  956  3135.00        9.562759E+13   8.3159E-06   8.3159E-06   0.99999
FLUX  957  3145.00        9.532353E+13   8.2653E-06   8.2654E-06   0.99998
FLUX  958  3155.00        9.502139E+13   8.2154E-06   8.2154E-06   1.00000
FLUX  959  3165.00        9.472117E+13   8.1656E-06   8.1658E-06   0.99998
FLUX  960  3175.00        9.442283E+13   8.1166E-06   8.1167E-06   0.99999
FLUX  961  3185.00        9.412637E+13   8.0680E-06   8.0680E-06   1.00000
FLUX  962  3195.00        9.383177E+13   8.0197E-06   8.0197E-06   0.99999
FLUX  963  3210.00        9.339330E+13   7.9481E-06   7.9481E-06   1.00000
FLUX  964  3230.00        9.281501E+13   7.8541E-06   7.8542E-06   1.00000
FLUX  965  3250.00        9.224385E+13   7.7618E-06   7.7618E-06   0.99999
FLUX  966  3270.00        9.167966E+13   7.6680E-06   7.6711E-06   0.99960
FLUX  967  3290.00        9.112234E+13   7.3569E-06   7.6045E-06   0.96744
FLUX  968  3310.00        9.057175E+13   7.4355E-06   7.5165E-06   0.98922
FLUX  969  3330.00        9.002778E+13   7.3977E-06   7.4300E-06   0.99565
FLUX  970  3350.00        8.949030E+13   7.3166E-06   7.3451E-06   0.99613
FLUX  971  3370.00        8.895920E+13   7.2341E-06   7.2615E-06   0.99622
FLUX  972  3390.00        8.843436E+13   7.1531E-06   7.1794E-06   0.99633
FLUX  973  3410.00        8.791569E+13   7.0732E-06   7.0986E-06   0.99641
FLUX  974  3430.00        8.740306E+13   6.9944E-06   7.0192E-06   0.99647
FLUX  975  3450.00        8.689638E+13   6.9172E-06   6.9411E-06   0.99655
FLUX  976  3470.00        8.639553E+13   6.8409E-06   6.8643E-06   0.99658
FLUX  977  3490.00        8.590043E+13   6.7659E-06   6.7888E-06   0.99662
FLUX  978  3510.00        8.541097E+13   6.6924E-06   6.7145E-06   0.99670
FLUX  979  3530.00        8.492705E+13   6.6197E-06   6.6414E-06   0.99673
FLUX  980  3550.00        8.444859E+13   6.5481E-06   6.5695E-06   0.99675
FLUX  981  3570.00        8.397549E+13   6.4774E-06   6.4988E-06   0.99672
FLUX  982  3590.00        8.350766E+13   6.4094E-06   6.4291E-06   0.99693
FLUX  983  3610.00        8.304501E+13   6.3394E-06   6.3606E-06   0.99666
FLUX  984  3630.00        8.258746E+13   6.2745E-06   6.2932E-06   0.99703
FLUX  985  3650.00        8.213493E+13   6.2049E-06   6.2269E-06   0.99648
FLUX  986  3670.00        8.168733E+13   6.1446E-06   6.1616E-06   0.99724
FLUX  987  3690.00        8.124458E+13   6.0719E-06   6.0973E-06   0.99584
FLUX  988  3710.00        8.080660E+13   6.0095E-06   6.0340E-06   0.99595
FLUX  989  3730.00        8.037332E+13   5.8717E-06   5.9717E-06   0.98326
FLUX  990  3750.00        7.994467E+13   5.7652E-06   5.9103E-06   0.97544
FLUX  991  3770.00        7.952056E+13   5.8323E-06   5.8499E-06   0.99700
FLUX  992  3790.00        7.910092E+13   5.7779E-06   5.7904E-06   0.99784
FLUX  993  3810.00        7.868569E+13   5.7040E-06   5.7318E-06   0.99514
FLUX  994  3830.00        7.827480E+13   5.6495E-06   5.6741E-06   0.99566
FLUX  995  3850.00        7.786818E+13   5.6167E-06   5.6173E-06   0.99990
FLUX  996  3870.00        7.746576E+13   5.5607E-06   5.5613E-06   0.99990
FLUX  997  3890.00        7.706748E+13   5.4924E-06   5.5061E-06   0.99752
FLUX  998  3910.00        7.667327E+13   5.4028E-06   5.4517E-06   0.99103
FLUX  999  3930.00        7.628308E+13   5.3919E-06   5.3982E-06   0.99883
FLUX 1000  3950.00        7.589683E+13   5.3441E-06   5.3454E-06   0.99976
FLUX 1001  3970.00        7.551448E+13   5.2933E-06   5.2934E-06   0.99997
FLUX 1002  3990.00        7.513596E+13   5.2416E-06   5.2421E-06   0.99990
FLUX 1003  4010.00        7.476122E+13   5.1535E-06   5.1916E-06   0.99267
FLUX 1004  4030.00        7.439020E+13   5.0835E-06   5.1418E-06   0.98865
FLUX 1005  4050.00        7.402284E+13   4.9542E-06   5.0927E-06   0.97279
FLUX 1006  4070.00        7.365909E+13   5.0364E-06   5.0443E-06   0.99842
FLUX 1007  4090.00        7.329890E+13   4.9965E-06   4.9966E-06   0.99998
FLUX 1008  4110.00        7.294221E+13   4.9495E-06   4.9496E-06   0.99998
FLUX 1009  4130.00        7.258898E+13   4.9009E-06   4.9032E-06   0.99954
FLUX 1010  4150.00        7.223916E+13   4.8493E-06   4.8575E-06   0.99832
FLUX 1011  4170.00        7.189269E+13   4.7187E-06   4.8124E-06   0.98054
FLUX 1012  4190.00        7.154952E+13   4.7571E-06   4.7679E-06   0.99774
FLUX 1013  4210.00        7.120962E+13   4.7240E-06   4.7240E-06   0.99998
FLUX 1014  4230.00        7.087293E+13   4.6807E-06   4.6808E-06   1.00000
FLUX 1015  4250.00        7.053941E+13   4.6370E-06   4.6381E-06   0.99976
FLUX 1016  4270.00        7.020902E+13   4.5960E-06   4.5960E-06   1.00000
FLUX 1017  4290.00        6.988170E+13   4.5500E-06   4.5545E-06   0.99902
FLUX 1018  4310.00        6.955742E+13   4.5135E-06   4.5135E-06   1.00000
FLUX 1019  4330.00        6.923614E+13   4.4730E-06   4.4731E-06   0.99999
FLUX 1020  4350.00        6.891782E+13   4.4301E-06   4.4332E-06   0.99929
FLUX 1021  4370.00        6.860240E+13   4.3005E-06   4.3939E-06   0.97875
FLUX 1022  4390.00        6.828986E+13   4.3233E-06   4.3550E-06   0.99270
FLUX 1023  4410.00        6.798016E+13   4.3166E-06   4.3167E-06   0.99998
FLUX 1024  4430.00        6.767325E+13   4.2789E-06   4.2789E-06   0.99999
FLUX 1025  4450.00        6.736910E+13   4.2415E-06   4.2416E-06   1.00000
FLUX 1026  4470.00        6.706767E+13   4.2110E-06   4.2111E-06   0.99997
FLUX 1027  4490.00        6.676893E+13   4.1745E-06   4.1747E-06   0.99997
FLUX 1028  4510.00        6.647284E+13   4.1386E-06   4.1387E-06   0.99997
FLUX 1029  4530.00        6.617936E+13   4.1027E-06   4.1032E-06   0.99988
FLUX 1030  4550.00        6.588846E+13   4.0680E-06   4.0681E-06   0.99997
FLUX 1031  4570.00        6.560011E+13   4.0331E-06   4.0335E-06   0.99991
FLUX 1032  4590.00        6.531427E+13   3.9990E-06   3.9993E-06   0.99990
FLUX 1033  4610.00        6.503091E+13   3.9609E-06   3.9656E-06   0.99880
FLUX 1034  4630.00        6.475000E+13   3.9186E-06   3.9323E-06   0.99652
FLUX 1035  4650.00        6.447150E+13   3.7627E-06   3.8994E-06   0.96496
FLUX 1036  4670.00        6.419540E+13   3.7459E-06   3.8669E-06   0.96870
FLUX 1037  4690.00        6.392164E+13   3.8094E-06   3.8348E-06   0.99338
FLUX 1038  4710.00        6.365021E+13   3.7971E-06   3.8031E-06   0.99842
FLUX 1039  4730.00        6.338108E+13   3.7717E-06   3.7718E-06   0.99997
FLUX 1040  4750.00        6.311421E+13   3.7404E-06   3.7409E-06   0.99987
FLUX 1041  4770.00        6.284958E+13   3.7102E-06   3.7103E-06   0.99997
FLUX 1042  4790.00        6.258716E+13   3.6801E-06   3.6802E-06   0.99998
FLUX 1043  4810.00        6.232692E+13   3.6503E-06   3.6504E-06   0.99998
FLUX 1044  4830.00        6.206884E+13   3.6208E-06   3.6209E-06   0.99998
FLUX 1045  4850.00        6.181289E+13   3.5917E-06   3.5918E-06   0.99998
FLUX 1046  4870.00        6.155903E+13   3.5630E-06   3.5631E-06   0.99998
FLUX 1047  4890.00        6.130726E+13   3.5346E-06   3.5347E-06   0.99998
FLUX 1048  4910.00        6.105753E+13   3.5065E-06   3.5066E-06   0.99998
FLUX 1049  4930.00        6.080984E+13   3.4788E-06   3.4789E-06   0.99998
FLUX 1050  4950.00        6.056414E+13   3.4514E-06   3.4515E-06   0.99998
FLUX 1051  4970.00        6.032042E+13   3.4243E-06   3.4244E-06   0.99998
FLUX 1052  4990.00        6.007866E+13   3.3975E-06   3.3976E-06   0.99998
FLUX 1053  5010.00        5.983882E+13   3.3710E-06   3.3711E-06   0.99997
FLUX 1054  5030.00        5.960089E+13   3.3446E-06   3.3450E-06   0.99990
FLUX 1055  5050.00        5.936485E+13   3.3190E-06   3.3191E-06   0.99998
FLUX 1056  5070.00        5.913067E+13   3.2934E-06   3.2935E-06   0.99997
FLUX 1057  5090.00        5.889833E+13   3.2621E-06   3.2683E-06   0.99812
FLUX 1058  5110.00        5.866781E+13   3.2261E-06   3.2433E-06   0.99471
FLUX 1059  5130.00        5.843908E+13   3.1126E-06   3.2186E-06   0.96706
FLUX 1060  5150.00        5.821214E+13   3.1810E-06   3.1942E-06   0.99588
FLUX 1061  5170.00        5.798694E+13   3.1623E-06   3.1700E-06   0.99756
FLUX 1062  5190.00        5.776349E+13   3.1461E-06   3.1462E-06   0.99997
FLUX 1063  5210.00        5.754175E+13   3.1225E-06   3.1226E-06   0.99998
FLUX 1064  5230.00        5.732170E+13   3.0991E-06   3.0992E-06   0.99998
FLUX 1065  5250.00        5.710333E+13   3.0741E-06   3.0761E-06   0.99933
FLUX 1066  5270.00        5.688662E+13   3.0477E-06   3.0533E-06   0.99817
FLUX 1067  5290.00        5.667155E+13   3.0307E-06   3.0307E-06   0.99998
FLUX 1068  5310.00        5.645810E+13   3.0084E-06   3.0084E-06   0.99998
FLUX 1069  5330.00        5.624625E+13   2.9863E-06   2.9863E-06   0.99998
FLUX 1070  5350.00        5.603598E+13   2.9644E-06   2.9645E-06   0.99998
FLUX 1071  5370.00        5.582728E+13   2.9365E-06   2.9429E-06   0.99784
FLUX 1072  5390.00        5.562013E+13   2.9153E-06   2.9215E-06   0.99788
FLUX 1073  5410.00        5.541451E+13   2.9003E-06   2.9004E-06   0.99998
FLUX 1074  5430.00        5.521040E+13   2.8794E-06   2.8795E-06   0.99999
FLUX 1075  5450.00        5.500780E+13   2.8588E-06   2.8588E-06   0.99999
FLUX 1076  5470.00        5.480667E+13   2.8383E-06   2.8383E-06   0.99999
FLUX 1077  5490.00        5.460701E+13   2.8180E-06   2.8181E-06   0.99998
FLUX 1078  5510.00        5.440880E+13   2.7931E-06   2.7981E-06   0.99821
FLUX 1079  5530.00        5.421202E+13   2.7646E-06   2.7782E-06   0.99509
FLUX 1080  5550.00        5.401667E+13   2.7581E-06   2.7586E-06   0.99980
FLUX 1081  5570.00        5.382271E+13   2.7392E-06   2.7392E-06   0.99999
FLUX 1082  5590.00        5.363014E+13   2.7200E-06   2.7200E-06   0.99999
FLUX 1083  5610.00        5.343895E+13   2.7010E-06   2.7010E-06   0.99999
FLUX 1084  5630.00        5.324911E+13   2.6822E-06   2.6822E-06   0.99999
FLUX 1085  5650.00        5.306062E+13   2.6636E-06   2.6636E-06   0.99999
FLUX 1086  5670.00        5.287346E+13   2.6452E-06   2.6452E-06   0.99998
FLUX 1087  5690.00        5.268761E+13   2.6236E-06   2.6270E-06   0.99873
FLUX 1088  5710.00        5.250306E+13   2.5873E-06   2.6089E-06   0.99170
FLUX 1089  5730.00        5.231981E+13   2.5862E-06   2.5911E-06   0.99813
FLUX 1090  5750.00        5.213783E+13   2.5734E-06   2.5734E-06   0.99998
FLUX 1091  5770.00        5.195711E+13   2.5559E-06   2.5559E-06   0.99999
FLUX 1092  5790.00        5.177763E+13   2.5386E-06   2.5386E-06   0.99999
FLUX 1093  5810.00        5.159940E+13   2.5214E-06   2.5215E-06   0.99999
FLUX 1094  5830.00        5.142238E+13   2.5044E-06   2.5045E-06   0.99998
FLUX 1095  5850.00        5.124658E+13   2.4898E-06   2.4899E-06   0.99997
FLUX 1096  5870.00        5.107198E+13   2.4705E-06   2.4732E-06   0.99889
FLUX 1097  5890.00        5.089856E+13   2.4415E-06   2.4567E-06   0.99378
FLUX 1098  5910.00        5.072631E+13   2.3505E-06   2.4404E-06   0.96316
FLUX 1099  5930.00        5.055523E+13   2.4111E-06   2.4243E-06   0.99455
FLUX 1100  5950.00        5.038529E+13   2.3770E-06   2.4083E-06   0.98702
FLUX 1101  5970.00        5.021650E+13   2.3757E-06   2.3924E-06   0.99301
FLUX 1102  5990.00        5.004883E+13   2.3735E-06   2.3767E-06   0.99864
FLUX 1103  6010.00        4.988228E+13   2.3611E-06   2.3612E-06   0.99997
FLUX 1104  6030.00        4.971683E+13   2.3457E-06   2.3458E-06   0.99998
FLUX 1105  6050.00        4.955248E+13   2.3305E-06   2.3305E-06   0.99998
FLUX 1106  6070.00        4.938921E+13   2.3154E-06   2.3155E-06   0.99998
FLUX 1107  6090.00        4.922701E+13   2.3005E-06   2.3005E-06   0.99998
FLUX 1108  6110.00        4.906588E+13   2.2857E-06   2.2857E-06   0.99998
FLUX 1109  6130.00        4.890579E+13   2.2710E-06   2.2710E-06   0.99998
FLUX 1110  6150.00        4.874675E+13   2.2565E-06   2.2565E-06   0.99998
FLUX 1111  6170.00        4.858874E+13   2.2421E-06   2.2421E-06   0.99998
FLUX 1112  6190.00        4.843174E+13   2.2278E-06   2.2279E-06   0.99998
FLUX 1113  6210.00        4.827576E+13   2.2137E-06   2.2138E-06   0.99998
FLUX 1114  6230.00        4.812079E+13   2.1997E-06   2.1998E-06   0.99998
FLUX 1115  6250.00        4.796680E+13   2.1857E-06   2.1859E-06   0.99990
FLUX 1116  6270.00        4.781380E+13   2.1634E-06   2.1722E-06   0.99593
FLUX 1117  6290.00        4.766176E+13   2.1121E-06   2.1586E-06   0.97844
FLUX 1118  6310.00        4.751070E+13   2.1330E-06   2.1451E-06   0.99435
FLUX 1119  6330.00        4.736058E+13   2.1304E-06   2.1318E-06   0.99936
FLUX 1120  6350.00        4.721142E+13   2.1185E-06   2.1186E-06   0.99998
FLUX 1121  6370.00        4.706319E+13   2.1055E-06   2.1055E-06   0.99998
FLUX 1122  6390.00        4.691588E+13   2.0925E-06   2.0925E-06   0.99999
FLUX 1123  6420.00        4.669665E+13   2.0732E-06   2.0733E-06   0.99999
FLUX 1124  6460.00        4.640751E+13   2.0480E-06   2.0480E-06   0.99999
FLUX 1125  6500.00        4.612192E+13   2.0232E-06   2.0232E-06   0.99999
FLUX 1126  6540.00        4.583983E+13   1.9989E-06   1.9989E-06   0.99999
FLUX 1127  6580.00        4.556117E+13   1.9750E-06   1.9750E-06   0.99999
FLUX 1128  6620.00        4.528588E+13   1.9514E-06   1.9515E-06   0.99997
FLUX 1129  6660.00        4.501389E+13   1.9284E-06   1.9284E-06   0.99998
FLUX 1130  6700.00        4.474515E+13   1.9057E-06   1.9057E-06   0.99998
FLUX 1131  6740.00        4.447960E+13   1.8783E-06   1.8835E-06   0.99725
FLUX 1132  6780.00        4.421718E+13   1.8298E-06   1.8616E-06   0.98293
FLUX 1133  6820.00        4.395784E+13   1.8389E-06   1.8401E-06   0.99933
FLUX 1134  6860.00        4.370153E+13   1.8189E-06   1.8189E-06   0.99998
FLUX 1135  6900.00        4.344819E+13   1.7981E-06   1.7982E-06   0.99999
FLUX 1136  6940.00        4.319777E+13   1.7777E-06   1.7777E-06   0.99997
FLUX 1137  6980.00        4.295021E+13   1.7576E-06   1.7576E-06   0.99998
FLUX 1138  7020.00        4.270548E+13   1.7379E-06   1.7379E-06   0.99999
FLUX 1139  7060.00        4.246353E+13   1.7184E-06   1.7185E-06   0.99998
FLUX 1140  7100.00        4.222430E+13   1.6993E-06   1.6994E-06   0.99997
FLUX 1141  7140.00        4.198774E+13   1.6805E-06   1.6806E-06   0.99997
FLUX 1142  7180.00        4.175383E+13   1.6621E-06   1.6621E-06   0.99998
FLUX 1143  7220.00        4.152251E+13   1.6439E-06   1.6439E-06   0.99998
FLUX 1144  7260.00        4.129373E+13   1.6250E-06   1.6260E-06   0.99933
FLUX 1145  7300.00        4.106747E+13   1.6084E-06   1.6085E-06   0.99997
FLUX 1146  7340.00        4.084366E+13   1.5911E-06   1.5911E-06   0.99998
FLUX 1147  7380.00        4.062229E+13   1.5741E-06   1.5741E-06   0.99998
FLUX 1148  7420.00        4.040330E+13   1.5537E-06   1.5574E-06   0.99766
FLUX 1149  7460.00        4.018666E+13   1.5031E-06   1.5409E-06   0.97550
FLUX 1150  7500.00        3.997233E+13   1.4711E-06   1.5247E-06   0.96487
FLUX 1151  7540.00        3.976028E+13   1.5013E-06   1.5087E-06   0.99507
FLUX 1152  7580.00        3.955046E+13   1.4929E-06   1.4930E-06   0.99997
FLUX 1153  7620.00        3.934285E+13   1.4775E-06   1.4775E-06   0.99998
FLUX 1154  7660.00        3.913740E+13   1.4622E-06   1.4623E-06   0.99998
FLUX 1155  7700.00        3.893409E+13   1.4472E-06   1.4472E-06   0.99998
FLUX 1156  7740.00        3.873288E+13   1.4322E-06   1.4325E-06   0.99980
FLUX 1157  7780.00        3.853374E+13   1.4120E-06   1.4179E-06   0.99580
FLUX 1158  7820.00        3.833664E+13   1.4030E-06   1.4036E-06   0.99961
FLUX 1159  7860.00        3.814154E+13   1.3894E-06   1.3895E-06   0.99998
FLUX 1160  7900.00        3.794842E+13   1.3755E-06   1.3755E-06   0.99999
FLUX 1161  7940.00        3.775724E+13   1.3618E-06   1.3618E-06   0.99999
FLUX 1162  7980.00        3.756798E+13   1.3483E-06   1.3483E-06   0.99999
FLUX 1163  8020.00        3.738061E+13   1.3350E-06   1.3350E-06   0.99999
FLUX 1164  8060.00        3.719510E+13   1.3219E-06   1.3219E-06   0.99999
FLUX 1165  8100.00        3.701142E+13   1.3090E-06   1.3090E-06   0.99997
FLUX 1166  8140.00        3.682955E+13   1.2894E-06   1.2963E-06   0.99470
FLUX 1167  8180.00        3.664945E+13   1.2804E-06   1.2837E-06   0.99740
FLUX 1168  8220.00        3.647111E+13   1.2713E-06   1.2714E-06   0.99998
FLUX 1169  8260.00        3.629449E+13   1.2592E-06   1.2592E-06   0.99999
FLUX 1170  8300.00        3.611958E+13   1.2471E-06   1.2472E-06   0.99999
FLUX 1171  8340.00        3.594634E+13   1.2353E-06   1.2353E-06   0.99999
FLUX 1172  8380.00        3.577476E+13   1.2236E-06   1.2236E-06   0.99999
FLUX 1173  8420.00        3.560481E+13   1.2121E-06   1.2121E-06   0.99999
FLUX 1174  8460.00        3.543647E+13   1.2008E-06   1.2008E-06   0.99999
FLUX 1175  8500.00        3.526971E+13   1.1896E-06   1.1896E-06   0.99999
FLUX 1176  8540.00        3.510451E+13   1.1785E-06   1.1785E-06   0.99999
FLUX 1177  8580.00        3.494085E+13   1.1676E-06   1.1676E-06   0.99998
FLUX 1178  8620.00        3.477871E+13   1.1561E-06   1.1569E-06   0.99928
FLUX 1179  8660.00        3.461807E+13   1.1339E-06   1.1463E-06   0.98923
FLUX 1180  8700.00        3.445891E+13   1.1326E-06   1.1358E-06   0.99716
FLUX 1181  8740.00        3.430120E+13   1.1095E-06   1.1255E-06   0.98574
FLUX 1182  8780.00        3.414493E+13   1.0995E-06   1.1154E-06   0.98580
FLUX 1183  8820.00        3.399008E+13   1.1053E-06   1.1053E-06   0.99997
FLUX 1184  8860.00        3.383662E+13   1.0954E-06   1.0954E-06   0.99998
FLUX 1185  8900.00        3.368455E+13   1.0856E-06   1.0857E-06   0.99999
FLUX 1186  8940.00        3.353384E+13   1.0760E-06   1.0760E-06   0.99999
FLUX 1187  8980.00        3.338447E+13   1.0665E-06   1.0665E-06   0.99999
FLUX 1188  9020.00        3.323642E+13   1.0571E-06   1.0571E-06   0.99999
FLUX 1189  9060.00        3.308968E+13   1.0478E-06   1.0479E-06   0.99999
FLUX 1190  9100.00        3.294423E+13   1.0387E-06   1.0387E-06   0.99999
FLUX 1191  9140.00        3.280005E+13   1.0297E-06   1.0297E-06   0.99999
FLUX 1192  9180.00        3.265713E+13   1.0208E-06   1.0208E-06   0.99999
FLUX 1193  9220.00        3.251546E+13   1.0119E-06   1.0120E-06   0.99998
FLUX 1194  9260.00        3.237500E+13   1.0033E-06   1.0033E-06   0.99998
FLUX 1195  9300.00        3.223575E+13   9.9469E-07   9.9471E-07   0.99998
FLUX 1196  9340.00        3.209770E+13   9.8534E-07   9.8624E-07   0.99908
FLUX 1197  9380.00        3.196082E+13   9.6306E-07   9.7788E-07   0.98485
FLUX 1198  9420.00        3.182511E+13   9.6445E-07   9.6963E-07   0.99466
FLUX 1199  9460.00        3.169054E+13   9.6145E-07   9.6148E-07   0.99997
FLUX 1200  9500.00        3.155710E+13   9.5340E-07   9.5343E-07   0.99997
FLUX 1201  9540.00        3.142479E+13   9.4545E-07   9.4548E-07   0.99997
FLUX 1202  9580.00        3.129358E+13   9.3762E-07   9.3763E-07   0.99999
FLUX 1203  9620.00        3.116346E+13   9.2986E-07   9.2988E-07   0.99999
FLUX 1204  9660.00        3.103442E+13   9.2221E-07   9.2222E-07   0.99999
FLUX 1205  9700.00        3.090644E+13   9.1464E-07   9.1465E-07   0.99999
FLUX 1206  9740.00        3.077952E+13   9.0717E-07   9.0718E-07   0.99999
FLUX 1207  9780.00        3.065363E+13   8.9978E-07   8.9979E-07   0.99999
FLUX 1208  9820.00        3.052877E+13   8.9247E-07   8.9250E-07   0.99997
FLUX 1209  9860.00        3.040492E+13   8.8455E-07   8.8529E-07   0.99916
FLUX 1210  9900.00        3.028207E+13   8.7816E-07   8.7818E-07   0.99998
FLUX 1211  9940.00        3.016021E+13   8.7113E-07   8.7114E-07   0.99999
FLUX 1212  9980.00        3.003933E+13   8.6418E-07   8.6419E-07   0.99999
FLUX 1213 10020.00        2.991941E+13   8.5731E-07   8.5732E-07   0.99999
FLUX 1214 20000.00        1.498962E+13   2.1376E-07   2.1376E-07   1.00000
FLUX 1215 40000.00        7.494812E+12   5.2542E-08   5.2542E-08   1.00000
FLUX 1216 60000.00        4.996542E+12   2.3100E-08   2.3100E-08   1.00000
FLUX 1217 80000.00        3.747406E+12   1.2899E-08   1.2899E-08   1.00000
FLUX 1218100000.00        2.997925E+12   8.2115E-09   8.2115E-09   1.00000
FLUX 1219120000.00        2.498271E+12   5.6786E-09   5.6786E-09   1.00000
FLUX 1220140000.00        2.141375E+12   4.1573E-09   4.1573E-09   1.00000
FLUX 1221160000.00        1.873703E+12   3.1733E-09   3.1733E-09   1.00000
FLUX
