1.00E+00	9.09E+00	3.30E+16	3.2608-322	3.2608-322	1
2.00E+00	9.35E+00	3.21E+16	2.5396-313	2.5397-313	0.99998
3.00E+00	9.61E+00	3.12E+16	6.4608-305	6.4609-305	0.99998
4.00E+00	9.77E+00	3.07E+16	5.7528-300	5.7530-300	0.99998
5.00E+00	9.96E+00	3.01E+16	2.6944-294	2.6944-294	0.99998
6.00E+00	1.02E+01	2.94E+16	1.9487-287	1.9487-287	0.99998
7.00E+00	1.04E+01	2.89E+16	1.6804-282	1.6804-282	0.99998
8.00E+00	1.06E+01	2.84E+16	9.8206-278	9.8208-278	0.99998
9.00E+00	1.08E+01	2.78E+16	2.2432-272	2.2432-272	0.99998
1.00E+01	1.10E+01	2.72E+16	8.7121-266	8.7122-266	0.99998
1.10E+01	1.14E+01	2.63E+16	1.7293-257	1.7293-257	0.99998
1.20E+01	1.18E+01	2.54E+16	2.7817-249	2.7817-249	0.99998
1.30E+01	1.21E+01	2.47E+16	3.5143-242	3.5144-242	0.99998
1.40E+01	1.25E+01	2.40E+16	1.7653-235	1.7654-235	0.99998
1.50E+01	1.27E+01	2.36E+16	2.8090-231	2.8090-231	0.99998
1.60E+01	1.28E+01	2.33E+16	5.7099-229	5.7100-229	0.99998
1.70E+01	1.31E+01	2.30E+16	2.4403-225	2.4403-225	0.99998
1.80E+01	1.32E+01	2.26E+16	3.7369-222	3.7370-222	0.99998
1.90E+01	1.34E+01	2.24E+16	1.0543-219	1.0543-219	0.99998
2.00E+01	1.37E+01	2.19E+16	1.9835-215	1.9835-215	0.99998
2.10E+01	1.40E+01	2.14E+16	1.4081-210	1.4081-210	0.99998
2.20E+01	1.43E+01	2.09E+16	1.6019-205	1.6019-205	0.99998
2.30E+01	1.47E+01	2.04E+16	3.5790-200	3.5790-200	0.99998
2.40E+01	1.51E+01	1.99E+16	3.1515-195	3.1516-195	0.99998
2.50E+01	1.55E+01	1.93E+16	4.7912-190	4.7912-190	0.99998
2.60E+01	1.59E+01	1.89E+16	7.9819-186	7.9821-186	0.99998
2.70E+01	1.62E+01	1.85E+16	3.1352-182	3.1352-182	0.99998
2.80E+01	1.66E+01	1.81E+16	6.2069-178	6.2070-178	0.99998
2.90E+01	1.70E+01	1.76E+16	1.5317-173	1.5317-173	0.99998
3.00E+01	1.73E+01	1.73E+16	1.6423-170	1.6423-170	0.99998
3.10E+01	1.77E+01	1.70E+16	2.6061-167	2.6062-167	0.99998
3.20E+01	1.80E+01	1.66E+16	3.1256-164	3.1256-164	0.99998
3.30E+01	1.82E+01	1.65E+16	6.5516-163	6.5517-163	0.99998
3.40E+01	1.86E+01	1.61E+16	3.7071-159	3.7071-159	0.99998
3.50E+01	1.91E+01	1.57E+16	3.4907-155	3.4908-155	0.99998
3.60E+01	1.94E+01	1.55E+16	6.2891-153	6.2892-153	0.99998
3.70E+01	1.98E+01	1.51E+16	1.4702-149	1.4702-149	0.99998
3.80E+01	2.02E+01	1.49E+16	4.1025-147	4.1026-147	0.99998
3.90E+01	2.05E+01	1.46E+16	6.9299-145	6.9300-145	0.99998
4.00E+01	2.11E+01	1.42E+16	3.2223-141	3.2223-141	0.99998
4.10E+01	2.16E+01	1.39E+16	1.2899-137	1.2900-137	0.99998
4.20E+01	2.20E+01	1.36E+16	1.9441-135	1.9441-135	0.99998
4.30E+01	2.23E+01	1.34E+16	1.4603-133	1.4603-133	0.99998
4.40E+01	2.27E+01	1.32E+16	2.1038-131	2.1038-131	0.99998
4.50E+01	2.30E+01	1.30E+16	1.2173-129	1.2173-129	0.99998
4.60E+01	2.34E+01	1.28E+16	1.6555-127	1.6555-127	0.99998
4.70E+01	2.40E+01	1.25E+16	1.9263-124	1.9263-124	0.99998
4.80E+01	2.47E+01	1.22E+16	2.7305-121	2.7306-121	0.99998
4.90E+01	2.52E+01	1.19E+16	1.4290-118	1.4290-118	0.99998
5.00E+01	2.57E+01	1.17E+16	1.2603-116	1.2603-116	0.99998
5.10E+01	2.60E+01	1.15E+16	2.9754-115	2.9754-115	0.99998
5.20E+01	2.64E+01	1.14E+16	1.3886-113	1.3886-113	0.99998
5.30E+01	2.69E+01	1.12E+16	9.1099-112	9.1101-112	0.99998
5.40E+01	2.74E+01	1.10E+16	8.0772-110	8.0773-110	0.99998
5.50E+01	2.79E+01	1.08E+16	6.0940-108	6.0941-108	0.99998
5.60E+01	2.84E+01	1.06E+16	5.9248-106	5.9249-106	0.99998
5.70E+01	2.90E+01	1.03E+16	7.1434-104	7.1435-104	0.99998
5.80E+01	2.96E+01	1.01E+16	7.0635-102	7.0636-102	0.99998
5.90E+01	3.01E+01	9.96E+15	2.8230-100	2.8233-100	0.99991
6.00E+01	3.08E+01	9.73E+15	4.02E-98	4.02E-98	0.99998
6.10E+01	3.18E+01	9.43E+15	3.27E-95	3.27E-95	0.99998
6.20E+01	3.28E+01	9.14E+15	1.75E-92	1.75E-92	0.99998
6.30E+01	3.38E+01	8.87E+15	6.45E-90	6.45E-90	0.99998
6.40E+01	3.48E+01	8.61E+15	1.68E-87	1.68E-87	0.99998
6.50E+01	3.57E+01	8.40E+15	1.92E-85	1.92E-85	0.99998
6.60E+01	3.66E+01	8.19E+15	1.72E-83	1.73E-83	0.99998
6.70E+01	3.75E+01	7.99E+15	1.25E-81	1.25E-81	0.99998
6.80E+01	3.85E+01	7.79E+15	1.14E-79	1.14E-79	0.99998
6.90E+01	3.95E+01	7.59E+15	8.26E-78	8.26E-78	0.99998
7.00E+01	4.05E+01	7.40E+15	4.83E-76	4.83E-76	0.99998
7.10E+01	4.14E+01	7.24E+15	1.58E-74	1.58E-74	0.99998
7.20E+01	4.22E+01	7.10E+15	3.10E-73	3.10E-73	0.99998
7.30E+01	4.30E+01	6.97E+15	5.43E-72	5.43E-72	0.99998
7.40E+01	4.41E+01	6.80E+15	2.34E-70	2.34E-70	0.99998
7.50E+01	4.51E+01	6.65E+15	6.07E-69	6.07E-69	0.99998
7.60E+01	4.60E+01	6.52E+15	1.01E-67	1.01E-67	0.99998
7.70E+01	4.70E+01	6.38E+15	2.00E-66	2.00E-66	0.99998
7.80E+01	4.80E+01	6.25E+15	3.51E-65	3.51E-65	0.99998
7.90E+01	4.90E+01	6.12E+15	5.47E-64	5.47E-64	0.99998
8.00E+01	5.00E+01	6.00E+15	7.60E-63	7.60E-63	0.99998
8.10E+01	5.06E+01	5.92E+15	4.73E-62	5.32E-62	0.88934
8.20E+01	5.12E+01	5.86E+15	2.33E-61	2.35E-61	0.99167
8.30E+01	5.20E+01	5.77E+15	1.61E-60	1.62E-60	0.99298
8.40E+01	5.30E+01	5.66E+15	1.66E-59	1.66E-59	0.99998
8.50E+01	5.40E+01	5.55E+15	1.54E-58	1.55E-58	0.99551
8.60E+01	5.50E+01	5.45E+15	1.34E-57	1.34E-57	0.99998
8.70E+01	5.60E+01	5.35E+15	1.07E-56	1.07E-56	0.99998
8.80E+01	5.70E+01	5.26E+15	7.88E-56	7.88E-56	0.99998
8.90E+01	5.80E+01	5.17E+15	5.37E-55	5.43E-55	0.99034
9.00E+01	5.90E+01	5.08E+15	3.49E-54	3.49E-54	0.99986
9.10E+01	6.00E+01	5.00E+15	2.11E-53	2.11E-53	0.9999
9.20E+01	6.10E+01	4.91E+15	1.20E-52	1.20E-52	0.99998
9.30E+01	6.20E+01	4.84E+15	6.43E-52	6.43E-52	0.99992
9.40E+01	6.30E+01	4.76E+15	3.26E-51	3.26E-51	0.99993
9.50E+01	6.40E+01	4.68E+15	1.57E-50	1.57E-50	0.99998
9.60E+01	6.50E+01	4.61E+15	7.21E-50	7.21E-50	0.99998
9.70E+01	6.58E+01	4.56E+15	2.35E-49	2.35E-49	0.99998
9.80E+01	6.65E+01	4.51E+15	6.47E-49	6.47E-49	0.9996
9.90E+01	6.75E+01	4.44E+15	2.64E-48	2.65E-48	0.99971
1.00E+02	6.85E+01	4.38E+15	1.04E-47	1.04E-47	0.99998
1.01E+02	6.95E+01	4.31E+15	3.89E-47	3.89E-47	0.99998
1.02E+02	7.05E+01	4.25E+15	1.41E-46	1.41E-46	0.99868
1.03E+02	7.16E+01	4.19E+15	5.54E-46	5.54E-46	0.99998
1.04E+02	7.26E+01	4.13E+15	1.86E-45	1.86E-45	0.99998
1.05E+02	7.35E+01	4.08E+15	5.36E-45	5.36E-45	0.99993
1.06E+02	7.45E+01	4.02E+15	1.68E-44	1.68E-44	0.99984
1.07E+02	7.55E+01	3.97E+15	5.13E-44	5.13E-44	0.99973
1.08E+02	7.65E+01	3.92E+15	1.52E-43	1.52E-43	0.99993
1.09E+02	7.75E+01	3.87E+15	4.35E-43	4.36E-43	0.99975
1.10E+02	7.85E+01	3.82E+15	1.22E-42	1.22E-42	0.99998
1.11E+02	7.95E+01	3.77E+15	3.30E-42	3.31E-42	0.99809
1.12E+02	8.05E+01	3.72E+15	8.74E-42	8.76E-42	0.99846
1.13E+02	8.15E+01	3.68E+15	2.26E-41	2.26E-41	0.99987
1.14E+02	8.25E+01	3.63E+15	5.71E-41	5.71E-41	0.99997
1.15E+02	8.35E+01	3.59E+15	1.41E-40	1.41E-40	0.99997
1.16E+02	8.45E+01	3.55E+15	3.39E-40	3.39E-40	0.99993
1.17E+02	8.55E+01	3.51E+15	8.00E-40	8.00E-40	0.99979
1.18E+02	8.65E+01	3.47E+15	1.85E-39	1.85E-39	0.9996
1.19E+02	8.75E+01	3.43E+15	4.18E-39	4.19E-39	0.99868
1.20E+02	8.85E+01	3.39E+15	9.30E-39	9.31E-39	0.99914
1.21E+02	8.95E+01	3.35E+15	2.03E-38	2.03E-38	0.99903
1.22E+02	9.05E+01	3.31E+15	4.34E-38	4.35E-38	0.99853
1.23E+02	9.15E+01	3.28E+15	1.02E-32	1.10E-31	0.09204
1.24E+02	9.25E+01	3.24E+15	4.14E-32	2.08E-31	0.19912
1.25E+02	9.35E+01	3.21E+15	6.29E-32	3.87E-31	0.16272
1.26E+02	9.45E+01	3.17E+15	1.44E-31	7.08E-31	0.20306
1.27E+02	9.55E+01	3.14E+15	2.99E-31	1.36E-30	0.21964
1.28E+02	9.65E+01	3.11E+15	5.58E-31	2.10E-30	0.26555
1.29E+02	9.75E+01	3.07E+15	6.90E-31	2.77E-30	0.24854
1.30E+02	9.85E+01	3.04E+15	1.91E-30	7.29E-30	0.26181
1.31E+02	9.95E+01	3.01E+15	3.49E-30	1.21E-29	0.28969
1.32E+02	1.01E+02	2.98E+15	5.52E-30	1.90E-29	0.29
1.33E+02	1.02E+02	2.95E+15	8.09E-30	2.48E-29	0.32595
1.34E+02	1.03E+02	2.92E+15	1.83E-29	5.81E-29	0.31494
1.35E+02	1.04E+02	2.90E+15	3.50E-29	8.87E-29	0.39472
1.36E+02	1.05E+02	2.87E+15	6.12E-29	1.55E-28	0.39518
1.37E+02	1.06E+02	2.84E+15	8.71E-29	2.57E-28	0.33893
1.38E+02	1.07E+02	2.81E+15	1.84E-28	4.17E-28	0.44113
1.39E+02	1.08E+02	2.79E+15	2.95E-28	6.69E-28	0.44085
1.40E+02	1.09E+02	2.76E+15	4.86E-28	1.07E-27	0.45626
1.41E+02	1.10E+02	2.74E+15	6.96E-28	1.68E-27	0.41468
1.42E+02	1.11E+02	2.71E+15	1.10E-27	2.62E-27	0.41928
1.43E+02	1.12E+02	2.69E+15	1.69E-27	4.04E-27	0.41799
1.44E+02	1.13E+02	2.66E+15	3.22E-27	6.15E-27	0.5233
1.45E+02	1.14E+02	2.64E+15	5.55E-27	9.23E-27	0.60148
1.46E+02	1.15E+02	2.62E+15	8.53E-27	1.36E-26	0.62657
1.47E+02	1.16E+02	2.60E+15	1.25E-26	1.96E-26	0.63922
1.48E+02	1.17E+02	2.57E+15	1.74E-26	2.72E-26	0.63948
1.49E+02	1.18E+02	2.55E+15	2.57E-26	3.58E-26	0.71973
1.50E+02	1.19E+02	2.53E+15	3.41E-26	7.56E-26	0.4504
1.51E+02	1.20E+02	2.51E+15	2.31E-26	1.11E-25	0.20895
1.52E+02	1.21E+02	2.49E+15	1.84E-26	1.61E-25	0.11448
1.53E+02	1.22E+02	2.47E+15	1.10E-26	2.32E-25	0.0476
1.54E+02	1.23E+02	2.45E+15	4.17E-26	3.32E-25	0.12559
1.55E+02	1.24E+02	2.43E+15	9.96E-26	4.73E-25	0.2106
1.56E+02	1.25E+02	2.41E+15	2.52E-25	3.53E-25	0.71496
1.57E+02	1.26E+02	2.39E+15	4.38E-25	6.48E-25	0.67634
1.58E+02	1.27E+02	2.37E+15	6.50E-25	1.04E-24	0.62497
1.59E+02	1.28E+02	2.35E+15	1.04E-24	1.54E-24	0.67853
1.60E+02	1.29E+02	2.33E+15	1.22E-24	2.21E-24	0.55059
1.61E+02	1.30E+02	2.32E+15	1.89E-24	3.10E-24	0.60889
1.62E+02	1.31E+02	2.30E+15	2.29E-24	4.28E-24	0.53481
1.63E+02	1.32E+02	2.28E+15	3.56E-24	5.82E-24	0.61155
1.64E+02	1.33E+02	2.26E+15	4.41E-24	7.80E-24	0.56501
1.65E+02	1.34E+02	2.25E+15	5.76E-24	1.03E-23	0.55779
1.66E+02	1.35E+02	2.23E+15	7.80E-24	1.36E-23	0.57475
1.67E+02	1.36E+02	2.21E+15	1.09E-23	1.77E-23	0.61298
1.68E+02	1.37E+02	2.20E+15	1.37E-23	2.31E-23	0.59337
1.69E+02	1.38E+02	2.18E+15	1.72E-23	2.98E-23	0.5759
1.70E+02	1.39E+02	2.16E+15	2.19E-23	3.86E-23	0.56809
1.71E+02	1.40E+02	2.15E+15	2.83E-23	5.00E-23	0.56563
1.72E+02	1.41E+02	2.13E+15	4.25E-23	6.50E-23	0.65441
1.73E+02	1.42E+02	2.12E+15	5.76E-23	8.49E-23	0.67787
1.74E+02	1.43E+02	2.10E+15	6.86E-23	1.12E-22	0.61453
1.75E+02	1.44E+02	2.09E+15	1.04E-22	1.47E-22	0.70347
1.76E+02	1.44E+02	2.08E+15	1.33E-22	1.79E-22	0.741
1.77E+02	1.45E+02	2.07E+15	1.34E-22	2.06E-22	0.64941
1.78E+02	1.46E+02	2.06E+15	1.83E-22	2.58E-22	0.70711
1.79E+02	1.47E+02	2.05E+15	2.54E-22	3.42E-22	0.74401
1.80E+02	1.48E+02	2.03E+15	2.92E-22	4.51E-22	0.64896
1.81E+02	1.49E+02	2.02E+15	3.97E-22	5.92E-22	0.67047
1.82E+02	1.50E+02	2.01E+15	5.97E-22	7.76E-22	0.76941
1.83E+02	1.51E+02	1.99E+15	8.48E-22	1.01E-21	0.83719
1.84E+02	1.51E+02	1.98E+15	7.71E-22	1.22E-21	0.63325
1.85E+02	1.52E+02	1.98E+15	1.04E-21	1.52E-21	0.6894
1.86E+02	1.53E+02	1.97E+15	1.46E-21	2.43E-21	0.602
1.87E+02	1.54E+02	1.95E+15	2.20E-21	3.46E-21	0.6379
1.88E+02	1.55E+02	1.94E+15	2.18E-21	4.36E-21	0.5003
1.89E+02	1.56E+02	1.93E+15	3.21E-21	5.52E-21	0.58138
1.90E+02	1.57E+02	1.92E+15	3.52E-21	7.03E-21	0.50112
1.91E+02	1.58E+02	1.90E+15	8.23E-21	3.03E-20	0.2715
1.92E+02	1.59E+02	1.89E+15	9.49E-21	3.56E-20	0.26659
1.93E+02	1.60E+02	1.88E+15	1.00E-20	4.17E-20	0.24059
1.94E+02	1.61E+02	1.87E+15	1.20E-20	4.87E-20	0.24669
1.95E+02	1.62E+02	1.86E+15	1.50E-20	5.68E-20	0.26404
1.96E+02	1.63E+02	1.84E+15	1.75E-20	2.57E-19	0.06798
1.97E+02	1.64E+02	1.83E+15	2.71E-20	3.11E-19	0.08697
1.98E+02	1.65E+02	1.82E+15	3.77E-20	3.75E-19	0.10031
1.99E+02	1.66E+02	1.81E+15	3.69E-20	4.52E-19	0.08174
2.00E+02	1.67E+02	1.80E+15	5.53E-20	5.42E-19	0.10188
2.01E+02	1.67E+02	1.79E+15	5.53E-20	6.16E-19	0.08987
2.02E+02	1.68E+02	1.79E+15	8.18E-20	6.95E-19	0.11773
2.03E+02	1.69E+02	1.78E+15	1.03E-19	8.13E-19	0.1272
2.04E+02	1.70E+02	1.77E+15	1.48E-19	9.67E-19	0.15261
2.05E+02	1.71E+02	1.76E+15	1.74E-19	1.15E-18	0.15121
2.06E+02	1.72E+02	1.75E+15	2.07E-19	1.45E-18	0.14251
2.07E+02	1.73E+02	1.74E+15	2.86E-19	1.71E-18	0.16679
2.08E+02	1.74E+02	1.73E+15	3.24E-19	2.01E-18	0.16084
2.09E+02	1.75E+02	1.72E+15	4.40E-19	2.36E-18	0.18651
2.10E+02	1.76E+02	1.71E+15	5.12E-19	2.76E-18	0.18524
2.11E+02	1.77E+02	1.70E+15	6.29E-19	3.23E-18	0.19499
2.12E+02	1.78E+02	1.69E+15	6.84E-19	3.76E-18	0.18182
2.13E+02	1.79E+02	1.68E+15	1.18E-18	4.38E-18	0.27077
2.14E+02	1.80E+02	1.67E+15	1.07E-18	5.08E-18	0.21067
2.15E+02	1.81E+02	1.66E+15	1.76E-18	5.89E-18	0.2992
2.16E+02	1.82E+02	1.65E+15	1.48E-18	6.82E-18	0.2165
2.17E+02	1.83E+02	1.64E+15	2.30E-18	7.89E-18	0.29153
2.18E+02	1.84E+02	1.63E+15	2.20E-18	9.10E-18	0.24168
2.19E+02	1.85E+02	1.62E+15	3.39E-18	1.05E-17	0.32281
2.20E+02	1.86E+02	1.62E+15	3.10E-18	1.21E-17	0.2568
2.21E+02	1.87E+02	1.61E+15	4.92E-18	1.39E-17	0.35507
2.22E+02	1.88E+02	1.60E+15	4.90E-18	1.59E-17	0.30765
2.23E+02	1.89E+02	1.59E+15	6.35E-18	1.82E-17	0.34825
2.24E+02	1.90E+02	1.58E+15	7.49E-18	2.09E-17	0.35894
2.25E+02	1.91E+02	1.57E+15	8.94E-18	2.39E-17	0.37477
2.26E+02	1.92E+02	1.57E+15	1.13E-17	2.72E-17	0.41489
2.27E+02	1.93E+02	1.56E+15	1.12E-17	3.10E-17	0.35976
2.28E+02	1.94E+02	1.55E+15	9.08E-18	3.54E-17	0.25671
2.29E+02	1.95E+02	1.54E+15	1.68E-17	4.02E-17	0.41795
2.30E+02	1.96E+02	1.53E+15	2.35E-17	4.57E-17	0.51372
2.31E+02	1.97E+02	1.52E+15	2.60E-17	5.32E-17	0.48796
2.32E+02	1.98E+02	1.52E+15	3.16E-17	5.95E-17	0.53061
2.33E+02	1.98E+02	1.51E+15	3.78E-17	6.57E-17	0.57516
2.34E+02	2.00E+02	1.50E+15	3.96E-17	7.53E-17	0.52571
2.35E+02	2.01E+02	1.50E+15	4.70E-17	8.51E-17	0.55307
2.36E+02	2.02E+02	1.49E+15	5.37E-17	9.60E-17	0.55947
2.37E+02	2.03E+02	1.48E+15	5.81E-17	1.08E-16	0.53647
2.38E+02	2.04E+02	1.47E+15	6.94E-17	1.22E-16	0.56959
2.39E+02	2.05E+02	1.47E+15	7.55E-17	1.37E-16	0.55077
2.40E+02	2.06E+02	1.46E+15	9.30E-17	1.54E-16	0.60309
2.41E+02	2.07E+02	1.45E+15	9.63E-17	1.73E-16	0.55609
2.42E+02	2.07E+02	1.45E+15	9.08E-17	1.92E-16	0.47239
2.43E+02	2.08E+02	1.44E+15	1.27E-16	7.53E-14	0.00169
2.44E+02	2.09E+02	1.44E+15	1.79E-16	8.23E-14	0.00217
2.45E+02	2.10E+02	1.43E+15	3.45E-16	9.31E-14	0.00371
2.46E+02	2.11E+02	1.42E+15	4.63E-16	1.05E-13	0.00441
2.47E+02	2.12E+02	1.42E+15	4.99E-16	1.18E-13	0.00422
2.48E+02	2.13E+02	1.41E+15	6.90E-16	1.33E-13	0.0052
2.49E+02	2.14E+02	1.40E+15	9.23E-16	1.49E-13	0.00621
2.50E+02	2.15E+02	1.40E+15	6.51E-16	1.66E-13	0.00392
2.51E+02	2.16E+02	1.39E+15	1.04E-15	1.85E-13	0.00559
2.52E+02	2.17E+02	1.38E+15	9.20E-16	2.06E-13	0.00447
2.53E+02	2.18E+02	1.38E+15	1.15E-15	2.29E-13	0.00501
2.54E+02	2.19E+02	1.37E+15	1.05E-15	2.53E-13	0.00413
2.55E+02	2.20E+02	1.37E+15	1.96E-15	2.80E-13	0.007
2.56E+02	2.21E+02	1.36E+15	1.71E-15	3.10E-13	0.00554
2.57E+02	2.22E+02	1.35E+15	2.61E-15	3.42E-13	0.00764
2.58E+02	2.23E+02	1.35E+15	2.29E-15	3.79E-13	0.00604
2.59E+02	2.24E+02	1.34E+15	4.62E-15	4.17E-13	0.01109
2.60E+02	2.25E+02	1.34E+15	4.70E-15	4.58E-13	0.01027
2.61E+02	2.26E+02	1.33E+15	5.87E-15	5.23E-13	0.01124
2.62E+02	2.27E+02	1.32E+15	3.59E-15	5.72E-13	0.00628
2.63E+02	2.28E+02	1.32E+15	6.81E-15	6.25E-13	0.0109
2.64E+02	2.29E+02	1.31E+15	5.96E-15	6.81E-13	0.00874
2.65E+02	2.30E+02	1.31E+15	1.11E-14	7.42E-13	0.01499
2.66E+02	2.31E+02	1.30E+15	4.96E-15	8.08E-13	0.00614
2.67E+02	2.32E+02	1.30E+15	1.41E-14	8.78E-13	0.01602
2.68E+02	2.33E+02	1.29E+15	9.75E-15	9.54E-13	0.01022
2.69E+02	2.34E+02	1.28E+15	2.04E-14	1.04E-12	0.01963
2.70E+02	2.35E+02	1.28E+15	1.28E-14	1.13E-12	0.01133
2.71E+02	2.36E+02	1.27E+15	1.31E-14	1.22E-12	0.01071
2.72E+02	2.37E+02	1.27E+15	1.79E-14	1.32E-12	0.01353
2.73E+02	2.38E+02	1.26E+15	1.94E-14	1.43E-12	0.01363
2.74E+02	2.39E+02	1.26E+15	3.84E-14	1.54E-12	0.02491
2.75E+02	2.40E+02	1.25E+15	3.33E-14	1.66E-12	0.02007
2.76E+02	2.41E+02	1.25E+15	7.12E-14	1.79E-12	0.03976
2.77E+02	2.42E+02	1.24E+15	3.26E-14	1.93E-12	0.01693
2.78E+02	2.43E+02	1.24E+15	5.65E-14	2.08E-12	0.02721
2.79E+02	2.44E+02	1.23E+15	7.44E-14	2.23E-12	0.03332
2.80E+02	2.45E+02	1.23E+15	1.04E-13	2.41E-12	0.04325
2.81E+02	2.46E+02	1.22E+15	1.25E-13	2.59E-12	0.04816
2.82E+02	2.47E+02	1.22E+15	7.66E-14	2.77E-12	0.02761
2.83E+02	2.48E+02	1.21E+15	1.23E-13	2.97E-12	0.04137
2.84E+02	2.49E+02	1.21E+15	2.75E-14	3.19E-12	0.00864
2.85E+02	2.50E+02	1.20E+15	7.71E-14	3.41E-12	0.02258
2.86E+02	2.51E+02	1.20E+15	1.28E-13	3.66E-12	0.03492
2.87E+02	2.51E+02	1.19E+15	9.69E-14	3.86E-12	0.02511
2.88E+02	2.52E+02	1.19E+15	1.12E-13	5.51E-11	0.00203
2.89E+02	2.53E+02	1.19E+15	1.04E-13	5.87E-11	0.00177
2.90E+02	2.54E+02	1.18E+15	3.33E-13	6.41E-11	0.0052
2.91E+02	2.55E+02	1.18E+15	3.91E-13	7.00E-11	0.0056
2.92E+02	2.56E+02	1.17E+15	4.57E-13	7.63E-11	0.00599
2.93E+02	2.57E+02	1.17E+15	2.99E-13	8.32E-11	0.00359
2.94E+02	2.58E+02	1.16E+15	5.55E-13	9.06E-11	0.00612
2.95E+02	2.59E+02	1.16E+15	3.09E-13	9.88E-11	0.00313
2.96E+02	2.60E+02	1.16E+15	5.25E-13	1.08E-10	0.00487
2.97E+02	2.61E+02	1.15E+15	6.98E-13	1.17E-10	0.00594
2.98E+02	2.62E+02	1.15E+15	5.99E-13	1.28E-10	0.00468
2.99E+02	2.63E+02	1.14E+15	1.15E-12	1.40E-10	0.00821
3.00E+02	2.64E+02	1.14E+15	1.65E-12	1.87E-10	0.0088
3.01E+02	2.65E+02	1.13E+15	1.28E-12	2.03E-10	0.0063
3.02E+02	2.66E+02	1.13E+15	2.01E-12	2.20E-10	0.00915
3.03E+02	2.67E+02	1.12E+15	1.43E-12	2.38E-10	0.006
3.04E+02	2.68E+02	1.12E+15	1.92E-12	2.58E-10	0.00744
3.05E+02	2.69E+02	1.12E+15	2.09E-12	2.79E-10	0.0075
3.06E+02	2.70E+02	1.11E+15	1.47E-12	3.02E-10	0.00486
3.07E+02	2.71E+02	1.11E+15	2.97E-12	4.26E-10	0.00696
3.08E+02	2.72E+02	1.10E+15	2.21E-12	4.55E-10	0.00485
3.09E+02	2.73E+02	1.10E+15	1.69E-12	4.86E-10	0.00348
3.10E+02	2.74E+02	1.10E+15	2.09E-12	5.18E-10	0.00402
3.11E+02	2.75E+02	1.09E+15	2.77E-12	5.53E-10	0.00501
3.12E+02	2.76E+02	1.09E+15	2.85E-12	5.90E-10	0.00483
3.13E+02	2.77E+02	1.08E+15	5.26E-12	6.28E-10	0.00837
3.14E+02	2.78E+02	1.08E+15	5.97E-12	6.69E-10	0.00893
3.15E+02	2.79E+02	1.08E+15	4.89E-12	7.12E-10	0.00687
3.16E+02	2.80E+02	1.07E+15	4.50E-12	7.58E-10	0.00594
3.17E+02	2.81E+02	1.07E+15	4.54E-12	8.07E-10	0.00562
3.18E+02	2.82E+02	1.06E+15	6.39E-12	8.59E-10	0.00744
3.19E+02	2.83E+02	1.06E+15	5.61E-12	9.15E-10	0.00613
3.20E+02	2.84E+02	1.06E+15	4.42E-12	9.75E-10	0.00453
3.21E+02	2.85E+02	1.05E+15	2.41E-12	1.04E-09	0.00232
3.22E+02	2.86E+02	1.05E+15	8.67E-13	1.11E-09	0.00078
3.23E+02	2.87E+02	1.05E+15	4.51E-12	1.18E-09	0.00383
3.24E+02	2.88E+02	1.04E+15	6.63E-12	1.25E-09	0.00529
3.25E+02	2.89E+02	1.04E+15	1.22E-11	1.33E-09	0.00916
3.26E+02	2.90E+02	1.04E+15	1.53E-11	1.42E-09	0.01077
3.27E+02	2.91E+02	1.03E+15	1.93E-11	1.75E-09	0.01102
3.28E+02	2.93E+02	1.02E+15	2.05E-11	1.95E-09	0.01051
3.29E+02	2.95E+02	1.02E+15	2.00E-11	2.22E-09	0.00901
3.30E+02	2.97E+02	1.01E+15	2.14E-11	2.45E-09	0.00873
3.31E+02	2.99E+02	1.00E+15	2.48E-11	2.72E-09	0.00913
3.32E+02	3.01E+02	9.96E+14	2.66E-11	3.00E-09	0.00886
3.33E+02	3.03E+02	9.89E+14	3.27E-11	3.32E-09	0.00986
3.34E+02	3.05E+02	9.83E+14	4.04E-11	3.66E-09	0.01104
3.35E+02	3.07E+02	9.77E+14	5.97E-11	4.03E-09	0.01482
3.36E+02	3.09E+02	9.70E+14	7.08E-11	4.73E-09	0.01496
3.37E+02	3.11E+02	9.64E+14	9.74E-11	5.14E-09	0.01895
3.38E+02	3.13E+02	9.58E+14	1.15E-10	5.66E-09	0.02031
3.39E+02	3.15E+02	9.52E+14	1.61E-10	6.11E-09	0.02637
3.40E+02	3.17E+02	9.46E+14	2.11E-10	6.58E-09	0.0321
3.41E+02	3.19E+02	9.40E+14	1.86E-10	7.08E-09	0.0263
3.42E+02	3.21E+02	9.34E+14	2.46E-10	7.61E-09	0.0323
3.43E+02	3.23E+02	9.28E+14	2.45E-10	8.26E-09	0.02961
3.44E+02	3.25E+02	9.22E+14	2.95E-10	8.84E-09	0.03335
3.45E+02	3.27E+02	9.17E+14	4.19E-10	9.43E-09	0.04439
3.46E+02	3.29E+02	9.11E+14	5.46E-10	1.01E-08	0.05395
3.47E+02	3.31E+02	9.06E+14	5.41E-10	1.08E-08	0.05025
3.48E+02	3.33E+02	9.00E+14	5.81E-10	1.14E-08	0.05086
3.49E+02	3.35E+02	8.95E+14	6.26E-10	1.21E-08	0.05158
3.50E+02	3.37E+02	8.90E+14	5.14E-10	1.29E-08	0.03994
3.51E+02	3.39E+02	8.84E+14	6.12E-10	1.37E-08	0.04467
3.52E+02	3.41E+02	8.79E+14	7.70E-10	1.45E-08	0.05318
3.53E+02	3.43E+02	8.74E+14	8.83E-10	1.53E-08	0.05776
3.54E+02	3.45E+02	8.69E+14	7.75E-10	1.62E-08	0.04793
3.55E+02	3.47E+02	8.64E+14	9.45E-10	1.71E-08	0.05537
3.56E+02	3.49E+02	8.59E+14	1.13E-09	1.80E-08	0.06259
3.57E+02	3.51E+02	8.54E+14	1.41E-09	1.90E-08	0.0746
3.58E+02	3.53E+02	8.49E+14	1.45E-09	1.99E-08	0.07265
3.59E+02	3.55E+02	8.44E+14	2.21E-09	2.10E-08	0.10537
3.60E+02	3.57E+02	8.40E+14	1.08E-09	2.21E-08	0.04885
3.61E+02	3.59E+02	8.35E+14	8.41E-10	2.33E-08	0.0361
3.62E+02	3.61E+02	8.30E+14	1.29E-09	2.45E-08	0.05285
3.63E+02	3.63E+02	8.26E+14	2.26E-09	2.57E-08	0.08785
3.64E+02	3.64E+02	8.24E+14	2.67E-09	2.64E-08	0.10116
3.65E+02	3.65E+02	8.21E+14	2.73E-09	2.73E-08	0.10017
3.66E+02	3.67E+02	8.17E+14	4.71E-09	2.87E-08	0.16415
3.67E+02	3.69E+02	8.12E+14	3.92E-09	3.01E-08	0.13002
3.68E+02	3.71E+02	8.08E+14	3.25E-09	3.17E-08	0.1026
3.69E+02	3.73E+02	8.04E+14	1.43E-09	3.32E-08	0.04304
3.70E+02	3.75E+02	7.99E+14	1.71E-09	3.48E-08	0.04921
3.71E+02	3.77E+02	7.95E+14	4.05E-09	4.03E-08	0.10033
3.72E+02	3.79E+02	7.91E+14	5.63E-09	4.23E-08	0.1332
3.73E+02	3.81E+02	7.87E+14	4.62E-09	4.42E-08	0.1044
3.74E+02	3.83E+02	7.83E+14	1.99E-09	4.62E-08	0.04304
3.75E+02	3.85E+02	7.79E+14	3.77E-09	4.84E-08	0.07794
3.76E+02	3.87E+02	7.75E+14	3.73E-09	5.05E-08	0.07388
3.77E+02	3.89E+02	7.71E+14	4.38E-09	5.27E-08	0.0832
3.78E+02	3.91E+02	7.67E+14	4.31E-09	5.50E-08	0.07843
3.79E+02	3.93E+02	7.63E+14	1.47E-09	5.73E-08	0.02561
3.80E+02	3.95E+02	7.59E+14	2.68E-09	5.97E-08	0.04482
3.81E+02	3.97E+02	7.55E+14	1.78E-09	6.22E-08	0.02862
3.82E+02	3.99E+02	7.51E+14	7.03E-09	6.46E-08	0.10869
3.83E+02	4.01E+02	7.48E+14	1.39E-08	6.73E-08	0.20594
3.84E+02	4.03E+02	7.44E+14	1.24E-08	6.99E-08	0.17786
3.85E+02	4.05E+02	7.40E+14	1.55E-08	7.26E-08	0.21283
3.86E+02	4.07E+02	7.37E+14	1.56E-08	7.54E-08	0.20683
3.87E+02	4.09E+02	7.33E+14	2.15E-08	7.82E-08	0.27568
3.88E+02	4.11E+02	7.29E+14	1.67E-08	8.10E-08	0.20612
3.89E+02	4.13E+02	7.26E+14	1.83E-08	8.39E-08	0.21856
3.90E+02	4.15E+02	7.22E+14	1.82E-08	8.68E-08	0.2099
3.91E+02	4.17E+02	7.19E+14	1.78E-08	8.98E-08	0.19867
3.92E+02	4.19E+02	7.15E+14	1.95E-08	9.28E-08	0.21005
3.93E+02	4.21E+02	7.12E+14	1.61E-08	9.58E-08	0.16822
3.94E+02	4.23E+02	7.09E+14	7.43E-09	9.89E-08	0.07507
3.95E+02	4.25E+02	7.05E+14	1.91E-08	1.02E-07	0.18683
3.96E+02	4.27E+02	7.02E+14	2.06E-08	1.05E-07	0.19642
3.97E+02	4.29E+02	6.99E+14	2.10E-08	1.08E-07	0.19404
3.98E+02	4.31E+02	6.96E+14	2.41E-08	1.12E-07	0.21651
3.99E+02	4.33E+02	6.92E+14	3.61E-08	1.15E-07	0.31488
4.00E+02	4.35E+02	6.89E+14	3.90E-08	1.18E-07	0.33014
4.01E+02	4.37E+02	6.86E+14	4.07E-08	1.21E-07	0.33526
4.02E+02	4.39E+02	6.83E+14	3.40E-08	1.25E-07	0.27314
4.03E+02	4.41E+02	6.80E+14	3.54E-08	1.28E-07	0.27694
4.04E+02	4.43E+02	6.77E+14	4.05E-08	1.31E-07	0.30881
4.05E+02	4.45E+02	6.74E+14	4.22E-08	1.35E-07	0.31357
4.06E+02	4.47E+02	6.71E+14	4.49E-08	1.38E-07	0.32531
4.07E+02	4.49E+02	6.68E+14	4.88E-08	1.42E-07	0.34482
4.08E+02	4.51E+02	6.65E+14	5.46E-08	1.45E-07	0.37644
4.09E+02	4.53E+02	6.62E+14	4.31E-08	1.49E-07	0.28969
4.10E+02	4.55E+02	6.59E+14	5.03E-08	1.52E-07	0.33052
4.11E+02	4.57E+02	6.56E+14	6.40E-08	1.56E-07	0.4103
4.12E+02	4.59E+02	6.53E+14	5.48E-08	1.59E-07	0.34332
4.13E+02	4.61E+02	6.50E+14	5.89E-08	1.63E-07	0.36105
4.14E+02	4.63E+02	6.48E+14	5.70E-08	1.67E-07	0.34145
4.15E+02	4.65E+02	6.45E+14	5.92E-08	1.71E-07	0.34722
4.16E+02	4.67E+02	6.42E+14	6.34E-08	1.74E-07	0.36365
4.17E+02	4.69E+02	6.39E+14	6.47E-08	1.78E-07	0.36334
4.18E+02	4.71E+02	6.37E+14	6.80E-08	1.82E-07	0.37369
4.19E+02	4.73E+02	6.34E+14	6.79E-08	1.86E-07	0.36532
4.20E+02	4.75E+02	6.31E+14	7.80E-08	1.90E-07	0.41131
4.21E+02	4.77E+02	6.28E+14	5.05E-08	1.94E-07	0.26094
4.22E+02	4.79E+02	6.26E+14	6.35E-08	1.98E-07	0.32124
4.23E+02	4.81E+02	6.23E+14	5.92E-08	2.02E-07	0.29376
4.24E+02	4.83E+02	6.21E+14	6.99E-08	2.06E-07	0.34006
4.25E+02	4.85E+02	6.18E+14	7.19E-08	2.10E-07	0.34201
4.26E+02	4.87E+02	6.16E+14	7.91E-08	2.14E-07	0.36928
4.27E+02	4.89E+02	6.13E+14	9.10E-08	2.18E-07	0.41699
4.28E+02	4.91E+02	6.11E+14	9.91E-08	2.22E-07	0.4456
4.29E+02	4.93E+02	6.08E+14	1.05E-07	2.27E-07	0.46203
4.30E+02	4.95E+02	6.06E+14	1.01E-07	2.31E-07	0.43712
4.31E+02	4.97E+02	6.03E+14	6.81E-08	2.35E-07	0.28966
4.32E+02	4.99E+02	6.01E+14	7.74E-08	2.39E-07	0.32332
4.33E+02	5.01E+02	5.98E+14	5.70E-08	2.44E-07	0.23405
4.34E+02	5.03E+02	5.96E+14	7.54E-08	2.48E-07	0.30403
4.35E+02	5.05E+02	5.94E+14	8.12E-08	2.52E-07	0.32173
4.36E+02	5.07E+02	5.91E+14	9.27E-08	2.57E-07	0.3612
4.37E+02	5.09E+02	5.89E+14	9.49E-08	2.61E-07	0.36329
4.38E+02	5.11E+02	5.87E+14	1.07E-07	2.66E-07	0.40419
4.39E+02	5.13E+02	5.84E+14	1.07E-07	2.70E-07	0.39606
4.40E+02	5.15E+02	5.82E+14	1.08E-07	2.74E-07	0.39308
4.41E+02	5.17E+02	5.80E+14	8.08E-08	2.79E-07	0.28963
4.42E+02	5.19E+02	5.78E+14	7.29E-08	2.83E-07	0.2571
4.43E+02	5.21E+02	5.75E+14	8.50E-08	2.88E-07	0.29517
4.44E+02	5.23E+02	5.73E+14	1.36E-07	2.93E-07	0.46507
4.45E+02	5.25E+02	5.71E+14	1.29E-07	2.97E-07	0.4345
4.46E+02	5.27E+02	5.69E+14	1.24E-07	3.02E-07	0.41006
4.47E+02	5.29E+02	5.67E+14	1.51E-07	3.06E-07	0.49414
4.48E+02	5.31E+02	5.65E+14	1.69E-07	3.11E-07	0.54168
4.49E+02	5.33E+02	5.62E+14	1.48E-07	3.16E-07	0.4676
4.50E+02	5.35E+02	5.60E+14	1.70E-07	3.21E-07	0.52867
4.51E+02	5.37E+02	5.58E+14	1.59E-07	3.25E-07	0.48805
4.52E+02	5.39E+02	5.56E+14	1.67E-07	3.30E-07	0.50475
4.53E+02	5.41E+02	5.54E+14	1.67E-07	3.35E-07	0.49842
4.54E+02	5.43E+02	5.52E+14	1.72E-07	3.40E-07	0.50444
4.55E+02	5.45E+02	5.50E+14	1.47E-07	3.45E-07	0.425
4.56E+02	5.47E+02	5.48E+14	1.36E-07	3.50E-07	0.38953
4.57E+02	5.49E+02	5.46E+14	1.53E-07	3.55E-07	0.43291
4.58E+02	5.51E+02	5.44E+14	1.37E-07	3.59E-07	0.38242
4.59E+02	5.53E+02	5.42E+14	1.67E-07	3.64E-07	0.45807
4.60E+02	5.55E+02	5.40E+14	1.81E-07	3.69E-07	0.48916
4.61E+02	5.57E+02	5.38E+14	1.86E-07	3.74E-07	0.4964
4.62E+02	5.59E+02	5.36E+14	1.80E-07	3.79E-07	0.47527
4.63E+02	5.61E+02	5.34E+14	1.40E-07	3.84E-07	0.36422
4.64E+02	5.63E+02	5.32E+14	1.38E-07	3.90E-07	0.35415
4.65E+02	5.65E+02	5.31E+14	1.53E-07	3.95E-07	0.38783
4.66E+02	5.67E+02	5.29E+14	1.47E-07	4.00E-07	0.36886
4.67E+02	5.69E+02	5.27E+14	1.76E-07	4.05E-07	0.43406
4.68E+02	5.71E+02	5.25E+14	1.72E-07	4.10E-07	0.41834
4.69E+02	5.73E+02	5.23E+14	2.03E-07	4.15E-07	0.48994
4.70E+02	5.75E+02	5.21E+14	2.14E-07	4.20E-07	0.50854
4.71E+02	5.77E+02	5.20E+14	1.97E-07	4.25E-07	0.46258
4.72E+02	5.79E+02	5.18E+14	2.14E-07	4.31E-07	0.49665
4.73E+02	5.81E+02	5.16E+14	2.25E-07	4.36E-07	0.5174
4.74E+02	5.83E+02	5.14E+14	2.36E-07	4.41E-07	0.5361
4.75E+02	5.85E+02	5.12E+14	2.11E-07	4.46E-07	0.47361
4.76E+02	5.87E+02	5.11E+14	1.81E-07	4.51E-07	0.40033
4.77E+02	5.89E+02	5.09E+14	1.24E-07	4.57E-07	0.2711
4.78E+02	5.91E+02	5.07E+14	1.41E-07	4.62E-07	0.30482
4.79E+02	5.93E+02	5.06E+14	1.51E-07	4.67E-07	0.3225
4.80E+02	5.95E+02	5.04E+14	1.59E-07	4.72E-07	0.33678
4.81E+02	5.97E+02	5.02E+14	1.68E-07	4.78E-07	0.35124
4.82E+02	5.99E+02	5.00E+14	1.86E-07	4.83E-07	0.3853
4.83E+02	6.01E+02	4.99E+14	1.94E-07	4.88E-07	0.39712
4.84E+02	6.03E+02	4.97E+14	2.28E-07	4.94E-07	0.4609
4.85E+02	6.05E+02	4.96E+14	2.47E-07	4.99E-07	0.49563
4.86E+02	6.07E+02	4.94E+14	2.69E-07	5.05E-07	0.53298
4.87E+02	6.09E+02	4.92E+14	2.86E-07	5.10E-07	0.55989
4.88E+02	6.11E+02	4.91E+14	2.88E-07	5.15E-07	0.55903
4.89E+02	6.13E+02	4.89E+14	2.90E-07	5.21E-07	0.5571
4.90E+02	6.15E+02	4.87E+14	3.00E-07	5.26E-07	0.57093
4.91E+02	6.17E+02	4.86E+14	1.87E-07	5.32E-07	0.35135
4.92E+02	6.19E+02	4.84E+14	1.82E-07	5.37E-07	0.3387
4.93E+02	6.21E+02	4.83E+14	1.81E-07	5.42E-07	0.33401
4.94E+02	6.23E+02	4.81E+14	1.47E-07	5.48E-07	0.26746
4.95E+02	6.25E+02	4.80E+14	1.66E-07	5.53E-07	0.30042
4.96E+02	6.27E+02	4.78E+14	1.96E-07	5.59E-07	0.35005
4.97E+02	6.29E+02	4.77E+14	2.16E-07	5.65E-07	0.38305
4.98E+02	6.31E+02	4.75E+14	2.42E-07	5.70E-07	0.42442
4.99E+02	6.33E+02	4.74E+14	2.61E-07	5.76E-07	0.45375
5.00E+02	6.35E+02	4.72E+14	2.79E-07	5.81E-07	0.47909
5.01E+02	6.37E+02	4.71E+14	2.78E-07	5.87E-07	0.47436
5.02E+02	6.39E+02	4.69E+14	3.02E-07	5.92E-07	0.50888
5.03E+02	6.41E+02	4.68E+14	3.20E-07	5.98E-07	0.53442
5.04E+02	6.43E+02	4.66E+14	2.97E-07	6.04E-07	0.49175
5.05E+02	6.45E+02	4.65E+14	3.19E-07	6.09E-07	0.52358
5.06E+02	6.47E+02	4.63E+14	3.48E-07	6.15E-07	0.56573
5.07E+02	6.49E+02	4.62E+14	3.10E-07	6.20E-07	0.49962
5.08E+02	6.51E+02	4.61E+14	3.45E-07	6.26E-07	0.55159
5.09E+02	6.53E+02	4.59E+14	3.73E-07	6.32E-07	0.59013
5.10E+02	6.55E+02	4.58E+14	3.59E-07	6.39E-07	0.56114
5.11E+02	6.57E+02	4.56E+14	3.60E-07	6.45E-07	0.55795
5.12E+02	6.59E+02	4.55E+14	3.62E-07	6.51E-07	0.55591
5.13E+02	6.61E+02	4.54E+14	3.59E-07	6.56E-07	0.54641
5.14E+02	6.63E+02	4.52E+14	3.40E-07	6.62E-07	0.51316
5.15E+02	6.65E+02	4.51E+14	3.12E-07	6.67E-07	0.46682
5.16E+02	6.67E+02	4.49E+14	3.03E-07	6.73E-07	0.45037
5.17E+02	6.69E+02	4.48E+14	2.55E-07	6.79E-07	0.37596
5.18E+02	6.71E+02	4.47E+14	2.72E-07	6.84E-07	0.3971
5.19E+02	6.73E+02	4.45E+14	2.31E-07	6.90E-07	0.33506
5.20E+02	6.75E+02	4.44E+14	2.45E-07	6.96E-07	0.35276
5.21E+02	6.77E+02	4.43E+14	2.88E-07	7.01E-07	0.41055
5.22E+02	6.79E+02	4.42E+14	2.54E-07	7.07E-07	0.35889
5.23E+02	6.81E+02	4.40E+14	2.85E-07	7.13E-07	0.3998
5.24E+02	6.83E+02	4.39E+14	3.13E-07	7.18E-07	0.43598
5.25E+02	6.85E+02	4.38E+14	3.26E-07	7.24E-07	0.45061
5.26E+02	6.87E+02	4.36E+14	3.40E-07	7.30E-07	0.46532
5.27E+02	6.89E+02	4.35E+14	3.81E-07	7.35E-07	0.5176
5.28E+02	6.91E+02	4.34E+14	4.22E-07	7.41E-07	0.56948
5.29E+02	6.93E+02	4.33E+14	4.09E-07	7.47E-07	0.54739
5.30E+02	6.95E+02	4.31E+14	4.50E-07	7.52E-07	0.5974
5.31E+02	6.97E+02	4.30E+14	5.01E-07	7.58E-07	0.66149
5.32E+02	6.99E+02	4.29E+14	5.13E-07	7.64E-07	0.67202
5.33E+02	7.01E+02	4.28E+14	5.32E-07	7.70E-07	0.6907
5.34E+02	7.03E+02	4.26E+14	5.62E-07	7.75E-07	0.72484
5.35E+02	7.05E+02	4.25E+14	5.36E-07	7.81E-07	0.68633
5.36E+02	7.07E+02	4.24E+14	4.04E-07	7.87E-07	0.51308
5.37E+02	7.09E+02	4.23E+14	3.64E-07	7.92E-07	0.46004
5.38E+02	7.11E+02	4.22E+14	3.63E-07	7.98E-07	0.45458
5.39E+02	7.13E+02	4.20E+14	2.97E-07	8.04E-07	0.37013
5.40E+02	7.15E+02	4.19E+14	3.06E-07	8.09E-07	0.37785
5.41E+02	7.17E+02	4.18E+14	3.21E-07	8.15E-07	0.39429
5.42E+02	7.19E+02	4.17E+14	3.79E-07	8.21E-07	0.46148
5.43E+02	7.21E+02	4.16E+14	3.53E-07	8.26E-07	0.42777
5.44E+02	7.23E+02	4.15E+14	4.21E-07	8.32E-07	0.5059
5.45E+02	7.25E+02	4.14E+14	4.69E-07	8.39E-07	0.5591
5.46E+02	7.27E+02	4.12E+14	5.08E-07	8.45E-07	0.60138
5.47E+02	7.29E+02	4.11E+14	5.40E-07	8.50E-07	0.63453
5.48E+02	7.31E+02	4.10E+14	5.83E-07	8.59E-07	0.67927
5.49E+02	7.33E+02	4.09E+14	6.25E-07	8.65E-07	0.72343
5.50E+02	7.35E+02	4.08E+14	6.51E-07	8.70E-07	0.74814
5.51E+02	7.37E+02	4.07E+14	7.01E-07	8.76E-07	0.79968
5.52E+02	7.39E+02	4.06E+14	7.20E-07	8.82E-07	0.81621
5.53E+02	7.41E+02	4.05E+14	7.42E-07	8.87E-07	0.83593
5.54E+02	7.43E+02	4.03E+14	7.58E-07	8.93E-07	0.84871
5.55E+02	7.45E+02	4.02E+14	7.77E-07	8.99E-07	0.86454
5.56E+02	7.47E+02	4.01E+14	7.86E-07	9.04E-07	0.86877
5.57E+02	7.49E+02	4.00E+14	7.93E-07	9.10E-07	0.87148
5.58E+02	7.51E+02	3.99E+14	8.15E-07	9.16E-07	0.89029
5.59E+02	7.53E+02	3.98E+14	8.32E-07	9.21E-07	0.90339
5.60E+02	7.55E+02	3.97E+14	8.39E-07	9.27E-07	0.9052
5.61E+02	7.57E+02	3.96E+14	8.41E-07	9.33E-07	0.90126
5.62E+02	7.59E+02	3.95E+14	7.82E-07	9.38E-07	0.83299
5.63E+02	7.61E+02	3.94E+14	7.59E-07	9.44E-07	0.80365
5.64E+02	7.63E+02	3.93E+14	7.25E-07	9.50E-07	0.76372
5.65E+02	7.65E+02	3.92E+14	7.20E-07	9.55E-07	0.75344
5.66E+02	7.67E+02	3.91E+14	6.36E-07	9.61E-07	0.66145
5.67E+02	7.69E+02	3.90E+14	6.40E-07	9.67E-07	0.66224
5.68E+02	7.71E+02	3.89E+14	6.24E-07	9.72E-07	0.64215
5.69E+02	7.73E+02	3.88E+14	6.64E-07	9.78E-07	0.67938
5.70E+02	7.75E+02	3.87E+14	6.41E-07	9.83E-07	0.65228
5.71E+02	7.77E+02	3.86E+14	6.49E-07	9.89E-07	0.65612
5.72E+02	7.79E+02	3.85E+14	6.58E-07	9.95E-07	0.66161
5.73E+02	7.81E+02	3.84E+14	7.13E-07	1.00E-06	0.71324
5.74E+02	7.83E+02	3.83E+14	6.90E-07	1.01E-06	0.68605
5.75E+02	7.85E+02	3.82E+14	7.05E-07	1.01E-06	0.6971
5.76E+02	7.87E+02	3.81E+14	7.37E-07	1.02E-06	0.72447
5.77E+02	7.89E+02	3.80E+14	7.63E-07	1.02E-06	0.74616
5.78E+02	7.91E+02	3.79E+14	7.46E-07	1.03E-06	0.72578
5.79E+02	7.93E+02	3.78E+14	7.73E-07	1.03E-06	0.74783
5.80E+02	7.95E+02	3.77E+14	7.82E-07	1.04E-06	0.75228
5.81E+02	7.97E+02	3.76E+14	8.41E-07	1.04E-06	0.80545
5.82E+02	7.99E+02	3.75E+14	8.40E-07	1.05E-06	0.79995
5.83E+02	8.01E+02	3.74E+14	8.67E-07	1.06E-06	0.82088
5.84E+02	8.03E+02	3.73E+14	8.91E-07	1.06E-06	0.83946
5.85E+02	8.05E+02	3.72E+14	9.05E-07	1.07E-06	0.84852
5.86E+02	8.07E+02	3.71E+14	9.03E-07	1.07E-06	0.84242
5.87E+02	8.09E+02	3.71E+14	9.06E-07	1.08E-06	0.84017
5.88E+02	8.11E+02	3.70E+14	9.18E-07	1.08E-06	0.84736
5.89E+02	8.13E+02	3.69E+14	9.50E-07	1.09E-06	0.87271
5.90E+02	8.15E+02	3.68E+14	9.65E-07	1.09E-06	0.88178
5.91E+02	8.17E+02	3.67E+14	9.83E-07	1.10E-06	0.89389
5.92E+02	8.19E+02	3.66E+14	9.54E-07	1.11E-06	0.8628
5.93E+02	8.21E+02	3.65E+14	9.01E-07	1.11E-06	0.81127
5.94E+02	8.23E+02	3.64E+14	9.47E-07	1.12E-06	0.84859
5.95E+02	8.25E+02	3.63E+14	9.59E-07	1.12E-06	0.85468
5.96E+02	8.27E+02	3.63E+14	9.55E-07	1.13E-06	0.84781
5.97E+02	8.29E+02	3.62E+14	9.21E-07	1.13E-06	0.81345
5.98E+02	8.31E+02	3.61E+14	9.04E-07	1.14E-06	0.79409
5.99E+02	8.33E+02	3.60E+14	9.28E-07	1.14E-06	0.81202
6.00E+02	8.35E+02	3.59E+14	9.15E-07	1.15E-06	0.79653
6.01E+02	8.37E+02	3.58E+14	9.31E-07	1.15E-06	0.80644
6.02E+02	8.39E+02	3.57E+14	9.12E-07	1.16E-06	0.78681
6.03E+02	8.41E+02	3.56E+14	9.63E-07	1.16E-06	0.82696
6.04E+02	8.43E+02	3.56E+14	9.19E-07	1.17E-06	0.78561
6.05E+02	8.45E+02	3.55E+14	8.82E-07	1.18E-06	0.75073
6.06E+02	8.47E+02	3.54E+14	8.73E-07	1.18E-06	0.7396
6.07E+02	8.49E+02	3.53E+14	8.76E-07	1.19E-06	0.73857
6.08E+02	8.51E+02	3.52E+14	8.37E-07	1.19E-06	0.70269
6.09E+02	8.53E+02	3.51E+14	8.70E-07	1.20E-06	0.72717
6.10E+02	8.55E+02	3.51E+14	7.23E-07	1.20E-06	0.60114
6.11E+02	8.57E+02	3.50E+14	9.66E-07	1.21E-06	0.80007
6.12E+02	8.59E+02	3.49E+14	9.89E-07	1.21E-06	0.81548
6.13E+02	8.61E+02	3.48E+14	1.02E-06	1.22E-06	0.83431
6.14E+02	8.63E+02	3.47E+14	1.05E-06	1.22E-06	0.85547
6.15E+02	8.65E+02	3.47E+14	1.03E-06	1.23E-06	0.83918
6.16E+02	8.67E+02	3.46E+14	8.43E-07	1.23E-06	0.68368
6.17E+02	8.69E+02	3.45E+14	1.04E-06	1.24E-06	0.84289
6.18E+02	8.71E+02	3.44E+14	1.11E-06	1.24E-06	0.89598
6.19E+02	8.73E+02	3.43E+14	1.13E-06	1.25E-06	0.90455
6.20E+02	8.75E+02	3.43E+14	1.14E-06	1.25E-06	0.91252
6.21E+02	8.77E+02	3.42E+14	1.15E-06	1.26E-06	0.91586
6.22E+02	8.79E+02	3.41E+14	1.17E-06	1.27E-06	0.92484
6.23E+02	8.81E+02	3.40E+14	1.15E-06	1.27E-06	0.90271
6.24E+02	8.83E+02	3.40E+14	1.17E-06	1.28E-06	0.91589
6.25E+02	8.85E+02	3.39E+14	1.20E-06	1.28E-06	0.93568
6.26E+02	8.87E+02	3.38E+14	9.76E-07	1.29E-06	0.75913
6.27E+02	8.89E+02	3.37E+14	1.02E-06	1.29E-06	0.78718
6.28E+02	8.91E+02	3.36E+14	1.08E-06	1.30E-06	0.83054
6.29E+02	8.93E+02	3.36E+14	1.07E-06	1.30E-06	0.82558
6.30E+02	8.95E+02	3.35E+14	1.04E-06	1.31E-06	0.79757
6.31E+02	8.97E+02	3.34E+14	1.07E-06	1.31E-06	0.8163
6.32E+02	8.99E+02	3.33E+14	1.12E-06	1.32E-06	0.84784
6.33E+02	9.01E+02	3.33E+14	1.11E-06	1.32E-06	0.83925
6.34E+02	9.03E+02	3.32E+14	1.13E-06	1.33E-06	0.855
6.35E+02	9.05E+02	3.31E+14	1.18E-06	1.33E-06	0.88292
6.36E+02	9.07E+02	3.31E+14	1.21E-06	1.34E-06	0.90223
6.37E+02	9.09E+02	3.30E+14	1.19E-06	1.34E-06	0.88888
6.38E+02	9.11E+02	3.29E+14	1.20E-06	1.35E-06	0.89083
6.39E+02	9.13E+02	3.28E+14	1.24E-06	1.35E-06	0.91569
6.40E+02	9.15E+02	3.28E+14	1.20E-06	1.36E-06	0.88611
6.41E+02	9.17E+02	3.27E+14	1.20E-06	1.36E-06	0.87861
6.42E+02	9.19E+02	3.26E+14	1.22E-06	1.37E-06	0.89419
6.43E+02	9.21E+02	3.26E+14	1.20E-06	1.37E-06	0.87786
6.44E+02	9.23E+02	3.25E+14	1.21E-06	1.38E-06	0.87639
6.45E+02	9.25E+02	3.24E+14	1.21E-06	1.38E-06	0.87205
6.46E+02	9.27E+02	3.23E+14	1.23E-06	1.39E-06	0.89006
6.47E+02	9.29E+02	3.23E+14	1.22E-06	1.39E-06	0.87427
6.48E+02	9.31E+02	3.22E+14	1.24E-06	1.40E-06	0.8906
6.49E+02	9.33E+02	3.21E+14	1.26E-06	1.40E-06	0.89801
6.50E+02	9.35E+02	3.21E+14	1.26E-06	1.41E-06	0.89435
6.51E+02	9.37E+02	3.20E+14	1.25E-06	1.41E-06	0.88525
6.52E+02	9.39E+02	3.19E+14	1.25E-06	1.42E-06	0.88068
6.53E+02	9.41E+02	3.19E+14	1.24E-06	1.42E-06	0.87303
6.54E+02	9.43E+02	3.18E+14	1.27E-06	1.43E-06	0.88755
6.55E+02	9.45E+02	3.17E+14	1.24E-06	1.43E-06	0.86944
6.56E+02	9.47E+02	3.17E+14	1.29E-06	1.44E-06	0.89579
6.57E+02	9.49E+02	3.16E+14	1.30E-06	1.44E-06	0.90297
6.58E+02	9.51E+02	3.15E+14	1.32E-06	1.45E-06	0.91278
6.59E+02	9.53E+02	3.15E+14	1.32E-06	1.45E-06	0.91102
6.60E+02	9.55E+02	3.14E+14	1.32E-06	1.46E-06	0.90817
6.61E+02	9.57E+02	3.13E+14	1.34E-06	1.46E-06	0.9155
6.62E+02	9.59E+02	3.13E+14	1.37E-06	1.47E-06	0.93287
6.63E+02	9.61E+02	3.12E+14	1.35E-06	1.47E-06	0.92121
6.64E+02	9.63E+02	3.11E+14	1.37E-06	1.48E-06	0.9296
6.65E+02	9.65E+02	3.11E+14	1.34E-06	1.48E-06	0.90248
6.66E+02	9.67E+02	3.10E+14	1.34E-06	1.48E-06	0.89992
6.67E+02	9.69E+02	3.09E+14	1.38E-06	1.49E-06	0.92365
6.68E+02	9.71E+02	3.09E+14	1.37E-06	1.49E-06	0.91931
6.69E+02	9.73E+02	3.08E+14	1.36E-06	1.50E-06	0.90427
6.70E+02	9.75E+02	3.07E+14	1.34E-06	1.50E-06	0.88793
6.71E+02	9.77E+02	3.07E+14	1.36E-06	1.51E-06	0.90416
6.72E+02	9.79E+02	3.06E+14	1.36E-06	1.51E-06	0.89558
6.73E+02	9.81E+02	3.06E+14	1.39E-06	1.52E-06	0.91369
6.74E+02	9.83E+02	3.05E+14	1.36E-06	1.52E-06	0.89524
6.75E+02	9.85E+02	3.04E+14	1.40E-06	1.53E-06	0.91542
6.76E+02	9.87E+02	3.04E+14	1.41E-06	1.53E-06	0.92228
6.77E+02	9.89E+02	3.03E+14	1.43E-06	1.54E-06	0.92809
6.78E+02	9.91E+02	3.03E+14	1.40E-06	1.54E-06	0.90988
6.79E+02	9.93E+02	3.02E+14	1.42E-06	1.55E-06	0.91877
6.80E+02	9.95E+02	3.01E+14	1.43E-06	1.55E-06	0.92072
6.81E+02	9.97E+02	3.01E+14	1.45E-06	1.56E-06	0.93484
6.82E+02	9.99E+02	3.00E+14	1.46E-06	1.56E-06	0.93741
6.83E+02	1.00E+03	2.99E+14	1.45E-06	1.57E-06	0.92632
6.84E+02	1.01E+03	2.98E+14	1.47E-06	1.58E-06	0.92981
6.85E+02	1.01E+03	2.96E+14	1.50E-06	1.59E-06	0.94312
6.86E+02	1.02E+03	2.95E+14	1.51E-06	1.60E-06	0.93992
6.87E+02	1.02E+03	2.93E+14	1.54E-06	1.61E-06	0.9551
6.88E+02	1.03E+03	2.92E+14	1.56E-06	1.63E-06	0.96067
6.89E+02	1.03E+03	2.90E+14	1.57E-06	1.64E-06	0.95727
6.90E+02	1.04E+03	2.89E+14	1.58E-06	1.65E-06	0.95882
6.91E+02	1.04E+03	2.88E+14	1.60E-06	1.66E-06	0.96548
6.92E+02	1.05E+03	2.86E+14	1.62E-06	1.67E-06	0.96811
6.93E+02	1.05E+03	2.85E+14	1.64E-06	1.68E-06	0.9735
6.94E+02	1.06E+03	2.83E+14	1.64E-06	1.69E-06	0.96859
6.95E+02	1.06E+03	2.82E+14	1.66E-06	1.71E-06	0.97413
6.96E+02	1.07E+03	2.81E+14	1.65E-06	1.72E-06	0.96293
6.97E+02	1.07E+03	2.80E+14	1.67E-06	1.73E-06	0.96615
6.98E+02	1.08E+03	2.78E+14	1.68E-06	1.74E-06	0.9666
6.99E+02	1.08E+03	2.77E+14	1.67E-06	1.75E-06	0.95624
7.00E+02	1.09E+03	2.76E+14	1.68E-06	1.76E-06	0.95383
7.01E+02	1.09E+03	2.74E+14	1.68E-06	1.77E-06	0.9465
7.02E+02	1.10E+03	2.73E+14	1.62E-06	1.78E-06	0.90992
7.03E+02	1.10E+03	2.72E+14	1.63E-06	1.79E-06	0.90752
7.04E+02	1.11E+03	2.71E+14	1.65E-06	1.81E-06	0.91469
7.05E+02	1.11E+03	2.69E+14	1.68E-06	1.82E-06	0.92422
7.06E+02	1.12E+03	2.68E+14	1.71E-06	1.83E-06	0.93282
7.07E+02	1.12E+03	2.67E+14	1.73E-06	1.84E-06	0.93833
7.08E+02	1.13E+03	2.66E+14	1.72E-06	1.85E-06	0.92918
7.09E+02	1.13E+03	2.65E+14	1.75E-06	1.86E-06	0.94008
7.10E+02	1.14E+03	2.64E+14	1.75E-06	1.87E-06	0.93239
7.11E+02	1.14E+03	2.62E+14	1.78E-06	1.88E-06	0.94399
7.12E+02	1.15E+03	2.61E+14	1.81E-06	1.89E-06	0.9567
7.13E+02	1.15E+03	2.60E+14	1.83E-06	1.91E-06	0.96078
7.14E+02	1.16E+03	2.59E+14	1.84E-06	1.92E-06	0.95785
7.15E+02	1.16E+03	2.58E+14	1.83E-06	1.93E-06	0.95097
7.16E+02	1.17E+03	2.57E+14	1.85E-06	1.94E-06	0.95557
7.17E+02	1.17E+03	2.56E+14	1.90E-06	1.95E-06	0.97176
7.18E+02	1.18E+03	2.55E+14	1.88E-06	1.96E-06	0.96055
7.19E+02	1.18E+03	2.54E+14	1.90E-06	1.97E-06	0.96475
7.20E+02	1.19E+03	2.52E+14	1.90E-06	1.99E-06	0.95588
7.21E+02	1.19E+03	2.51E+14	1.94E-06	2.00E-06	0.972
7.22E+02	1.20E+03	2.50E+14	1.90E-06	2.01E-06	0.94706
7.23E+02	1.20E+03	2.49E+14	1.95E-06	2.02E-06	0.96576
7.24E+02	1.21E+03	2.48E+14	1.96E-06	2.03E-06	0.9645
7.25E+02	1.21E+03	2.47E+14	1.99E-06	2.04E-06	0.97193
7.26E+02	1.22E+03	2.46E+14	2.01E-06	2.06E-06	0.97576
7.27E+02	1.22E+03	2.45E+14	2.02E-06	2.07E-06	0.97635
7.28E+02	1.23E+03	2.44E+14	2.02E-06	2.08E-06	0.97361
7.29E+02	1.23E+03	2.43E+14	2.03E-06	2.09E-06	0.97002
7.30E+02	1.24E+03	2.42E+14	2.05E-06	2.10E-06	0.97299
7.31E+02	1.24E+03	2.41E+14	2.05E-06	2.12E-06	0.96834
7.32E+02	1.25E+03	2.40E+14	2.07E-06	2.13E-06	0.97141
7.33E+02	1.25E+03	2.39E+14	2.08E-06	2.14E-06	0.97069
7.34E+02	1.26E+03	2.38E+14	2.09E-06	2.15E-06	0.97212
7.35E+02	1.26E+03	2.37E+14	2.11E-06	2.17E-06	0.97218
7.36E+02	1.27E+03	2.37E+14	2.11E-06	2.18E-06	0.96841
7.37E+02	1.27E+03	2.36E+14	2.13E-06	2.19E-06	0.97239
7.38E+02	1.28E+03	2.35E+14	2.15E-06	2.21E-06	0.97623
7.39E+02	1.28E+03	2.34E+14	2.13E-06	2.22E-06	0.95716
7.40E+02	1.29E+03	2.33E+14	2.17E-06	2.23E-06	0.97153
7.41E+02	1.29E+03	2.32E+14	2.16E-06	2.25E-06	0.96185
7.42E+02	1.30E+03	2.31E+14	2.21E-06	2.26E-06	0.97699
7.43E+02	1.30E+03	2.30E+14	2.21E-06	2.28E-06	0.96956
7.44E+02	1.31E+03	2.29E+14	2.24E-06	2.29E-06	0.97734
7.45E+02	1.31E+03	2.28E+14	2.21E-06	2.31E-06	0.95797
7.46E+02	1.32E+03	2.28E+14	2.24E-06	2.32E-06	0.96506
7.47E+02	1.32E+03	2.27E+14	2.27E-06	2.34E-06	0.97327
7.48E+02	1.33E+03	2.26E+14	2.27E-06	2.35E-06	0.96404
7.49E+02	1.33E+03	2.25E+14	2.30E-06	2.37E-06	0.97093
7.50E+02	1.34E+03	2.24E+14	2.30E-06	2.38E-06	0.96599
7.51E+02	1.34E+03	2.23E+14	2.33E-06	2.40E-06	0.97052
7.52E+02	1.35E+03	2.22E+14	2.35E-06	2.42E-06	0.97144
7.53E+02	1.35E+03	2.22E+14	2.36E-06	2.43E-06	0.97126
7.54E+02	1.36E+03	2.21E+14	2.37E-06	2.45E-06	0.96539
7.55E+02	1.36E+03	2.20E+14	2.38E-06	2.47E-06	0.96387
7.56E+02	1.37E+03	2.19E+14	2.41E-06	2.49E-06	0.96962
7.57E+02	1.37E+03	2.18E+14	2.44E-06	2.51E-06	0.97474
7.58E+02	1.38E+03	2.18E+14	2.45E-06	2.52E-06	0.97238
7.59E+02	1.38E+03	2.17E+14	2.49E-06	2.54E-06	0.97744
7.60E+02	1.39E+03	2.16E+14	2.48E-06	2.56E-06	0.96733
7.61E+02	1.39E+03	2.15E+14	2.35E-06	2.58E-06	0.91083
7.62E+02	1.40E+03	2.15E+14	2.43E-06	2.60E-06	0.93341
7.63E+02	1.40E+03	2.14E+14	2.46E-06	2.62E-06	0.93859
7.64E+02	1.41E+03	2.13E+14	2.44E-06	2.65E-06	0.92276
7.65E+02	1.41E+03	2.12E+14	2.40E-06	2.67E-06	0.90012
7.66E+02	1.42E+03	2.11E+14	2.43E-06	2.69E-06	0.90168
7.67E+02	1.42E+03	2.11E+14	2.47E-06	2.71E-06	0.90832
7.68E+02	1.43E+03	2.10E+14	2.46E-06	2.74E-06	0.89934
7.69E+02	1.43E+03	2.09E+14	2.52E-06	2.76E-06	0.91337
7.70E+02	1.44E+03	2.09E+14	2.54E-06	2.79E-06	0.91228
7.71E+02	1.44E+03	2.08E+14	2.54E-06	2.81E-06	0.90261
7.72E+02	1.45E+03	2.07E+14	2.62E-06	2.84E-06	0.92312
7.73E+02	1.45E+03	2.06E+14	2.57E-06	2.87E-06	0.89744
7.74E+02	1.46E+03	2.06E+14	2.59E-06	2.89E-06	0.89746
7.75E+02	1.46E+03	2.05E+14	2.50E-06	2.92E-06	0.85558
7.76E+02	1.47E+03	2.04E+14	2.54E-06	2.95E-06	0.86154
7.77E+02	1.47E+03	2.04E+14	2.60E-06	2.98E-06	0.87038
7.78E+02	1.48E+03	2.03E+14	2.64E-06	3.01E-06	0.87759
7.79E+02	1.48E+03	2.02E+14	2.70E-06	3.04E-06	0.88632
7.80E+02	1.49E+03	2.02E+14	2.72E-06	3.08E-06	0.88528
7.81E+02	1.49E+03	2.01E+14	2.81E-06	3.11E-06	0.90253
7.82E+02	1.50E+03	2.00E+14	2.85E-06	3.14E-06	0.90818
7.83E+02	1.50E+03	2.00E+14	2.80E-06	3.18E-06	0.88167
7.84E+02	1.51E+03	1.99E+14	2.81E-06	3.21E-06	0.87647
7.85E+02	1.51E+03	1.98E+14	2.83E-06	3.25E-06	0.87111
7.86E+02	1.52E+03	1.98E+14	2.90E-06	3.28E-06	0.88416
7.87E+02	1.52E+03	1.97E+14	2.95E-06	3.32E-06	0.88849
7.88E+02	1.53E+03	1.96E+14	2.95E-06	3.36E-06	0.87815
7.89E+02	1.53E+03	1.96E+14	3.04E-06	3.40E-06	0.89487
7.90E+02	1.54E+03	1.95E+14	3.01E-06	3.44E-06	0.8761
7.91E+02	1.54E+03	1.94E+14	3.03E-06	3.48E-06	0.87014
7.92E+02	1.55E+03	1.94E+14	3.16E-06	3.52E-06	0.89745
7.93E+02	1.55E+03	1.93E+14	3.12E-06	3.56E-06	0.87556
7.94E+02	1.56E+03	1.92E+14	2.99E-06	3.60E-06	0.82978
7.95E+02	1.56E+03	1.92E+14	3.13E-06	3.64E-06	0.85966
7.96E+02	1.57E+03	1.91E+14	3.19E-06	3.68E-06	0.86557
7.97E+02	1.57E+03	1.91E+14	3.26E-06	3.72E-06	0.87662
7.98E+02	1.58E+03	1.90E+14	3.04E-06	3.76E-06	0.80635
7.99E+02	1.58E+03	1.89E+14	3.16E-06	3.80E-06	0.83135
8.00E+02	1.59E+03	1.89E+14	3.19E-06	3.84E-06	0.82988
8.01E+02	1.59E+03	1.88E+14	3.31E-06	3.88E-06	0.85105
8.02E+02	1.60E+03	1.88E+14	3.25E-06	3.92E-06	0.82744
8.03E+02	1.61E+03	1.87E+14	3.29E-06	3.98E-06	0.82657
8.04E+02	1.62E+03	1.86E+14	3.41E-06	4.04E-06	0.84329
8.05E+02	1.63E+03	1.84E+14	3.33E-06	4.09E-06	0.8135
8.06E+02	1.64E+03	1.83E+14	3.52E-06	4.12E-06	0.85462
8.07E+02	1.65E+03	1.82E+14	3.35E-06	4.11E-06	0.81446
8.08E+02	1.66E+03	1.81E+14	3.56E-06	4.08E-06	0.87348
8.09E+02	1.67E+03	1.80E+14	3.34E-06	4.04E-06	0.82694
8.10E+02	1.68E+03	1.79E+14	3.50E-06	4.01E-06	0.87338
8.11E+02	1.69E+03	1.78E+14	3.37E-06	3.98E-06	0.84728
8.12E+02	1.70E+03	1.77E+14	3.50E-06	3.95E-06	0.88739
8.13E+02	1.71E+03	1.76E+14	3.43E-06	3.92E-06	0.87538
8.14E+02	1.72E+03	1.75E+14	3.42E-06	3.89E-06	0.8806
8.15E+02	1.73E+03	1.74E+14	3.44E-06	3.85E-06	0.8917
8.16E+02	1.74E+03	1.73E+14	3.32E-06	3.82E-06	0.86743
8.17E+02	1.75E+03	1.72E+14	3.44E-06	3.79E-06	0.90657
8.18E+02	1.76E+03	1.71E+14	3.33E-06	3.76E-06	0.88468
8.19E+02	1.77E+03	1.70E+14	3.38E-06	3.74E-06	0.90375
8.20E+02	1.78E+03	1.69E+14	3.33E-06	3.71E-06	0.89869
8.21E+02	1.79E+03	1.68E+14	3.31E-06	3.68E-06	0.90088
8.22E+02	1.80E+03	1.67E+14	3.36E-06	3.65E-06	0.92086
8.23E+02	1.81E+03	1.66E+14	3.23E-06	3.62E-06	0.89214
8.24E+02	1.82E+03	1.65E+14	3.30E-06	3.59E-06	0.91931
8.25E+02	1.83E+03	1.64E+14	3.23E-06	3.57E-06	0.90483
8.26E+02	1.84E+03	1.63E+14	3.23E-06	3.54E-06	0.91406
8.27E+02	1.85E+03	1.62E+14	3.20E-06	3.51E-06	0.91077
8.28E+02	1.86E+03	1.62E+14	3.17E-06	3.48E-06	0.91023
8.29E+02	1.87E+03	1.61E+14	3.17E-06	3.46E-06	0.91651
8.30E+02	1.88E+03	1.60E+14	3.14E-06	3.43E-06	0.91536
8.31E+02	1.89E+03	1.59E+14	3.13E-06	3.40E-06	0.91879
8.32E+02	1.90E+03	1.58E+14	3.08E-06	3.38E-06	0.91224
8.33E+02	1.91E+03	1.57E+14	3.13E-06	3.35E-06	0.93357
8.34E+02	1.92E+03	1.57E+14	3.10E-06	3.33E-06	0.9302
8.35E+02	1.93E+03	1.56E+14	3.13E-06	3.30E-06	0.94716
8.36E+02	1.94E+03	1.55E+14	3.04E-06	3.28E-06	0.92618
8.37E+02	1.95E+03	1.54E+14	3.02E-06	3.25E-06	0.92725
8.38E+02	1.96E+03	1.53E+14	3.03E-06	3.23E-06	0.93912
8.39E+02	1.97E+03	1.53E+14	2.97E-06	3.20E-06	0.92607
8.40E+02	1.98E+03	1.52E+14	2.88E-06	3.18E-06	0.90473
8.41E+02	1.99E+03	1.51E+14	2.90E-06	3.16E-06	0.91817
8.42E+02	2.00E+03	1.50E+14	2.87E-06	3.13E-06	0.91719
8.43E+02	2.01E+03	1.50E+14	2.90E-06	3.11E-06	0.93372
8.44E+02	2.02E+03	1.49E+14	2.88E-06	3.09E-06	0.93297
8.45E+02	2.03E+03	1.48E+14	2.82E-06	3.07E-06	0.91929
8.46E+02	2.04E+03	1.47E+14	2.84E-06	3.04E-06	0.93308
8.47E+02	2.05E+03	1.47E+14	2.83E-06	3.02E-06	0.93659
8.48E+02	2.06E+03	1.46E+14	2.76E-06	3.00E-06	0.92119
8.49E+02	2.07E+03	1.45E+14	2.76E-06	2.98E-06	0.92657
8.50E+02	2.08E+03	1.44E+14	2.74E-06	2.96E-06	0.92767
8.51E+02	2.09E+03	1.44E+14	2.73E-06	2.93E-06	0.92903
8.52E+02	2.10E+03	1.43E+14	2.70E-06	2.91E-06	0.92746
8.53E+02	2.11E+03	1.42E+14	2.71E-06	2.89E-06	0.93773
8.54E+02	2.12E+03	1.42E+14	2.70E-06	2.87E-06	0.941
8.55E+02	2.13E+03	1.41E+14	2.68E-06	2.85E-06	0.93915
8.56E+02	2.14E+03	1.40E+14	2.67E-06	2.83E-06	0.94396
8.57E+02	2.15E+03	1.40E+14	2.65E-06	2.81E-06	0.9412
8.58E+02	2.16E+03	1.39E+14	2.63E-06	2.79E-06	0.94334
8.59E+02	2.17E+03	1.38E+14	2.62E-06	2.77E-06	0.94563
8.60E+02	2.18E+03	1.38E+14	2.59E-06	2.75E-06	0.9421
8.61E+02	2.19E+03	1.37E+14	2.59E-06	2.73E-06	0.94751
8.62E+02	2.20E+03	1.37E+14	2.59E-06	2.71E-06	0.9551
8.63E+02	2.21E+03	1.36E+14	2.54E-06	2.70E-06	0.94315
8.64E+02	2.22E+03	1.35E+14	2.59E-06	2.68E-06	0.96764
8.65E+02	2.23E+03	1.35E+14	2.52E-06	2.66E-06	0.94762
8.66E+02	2.24E+03	1.34E+14	2.51E-06	2.64E-06	0.95235
8.67E+02	2.25E+03	1.34E+14	2.50E-06	2.62E-06	0.95471
8.68E+02	2.26E+03	1.33E+14	2.50E-06	2.60E-06	0.96137
8.69E+02	2.27E+03	1.32E+14	2.46E-06	2.59E-06	0.94968
8.70E+02	2.28E+03	1.32E+14	2.49E-06	2.57E-06	0.96777
8.71E+02	2.29E+03	1.31E+14	2.45E-06	2.55E-06	0.95997
8.72E+02	2.30E+03	1.31E+14	2.14E-06	2.54E-06	0.84386
8.73E+02	2.31E+03	1.30E+14	2.28E-06	2.52E-06	0.90722
8.74E+02	2.32E+03	1.30E+14	2.28E-06	2.50E-06	0.91311
8.75E+02	2.33E+03	1.29E+14	2.03E-06	2.48E-06	0.81498
8.76E+02	2.34E+03	1.28E+14	2.14E-06	2.47E-06	0.86719
8.77E+02	2.35E+03	1.28E+14	2.05E-06	2.45E-06	0.83578
8.78E+02	2.36E+03	1.27E+14	1.81E-06	2.44E-06	0.74496
8.79E+02	2.37E+03	1.27E+14	2.02E-06	2.42E-06	0.83421
8.80E+02	2.38E+03	1.26E+14	1.92E-06	2.40E-06	0.79828
8.81E+02	2.39E+03	1.26E+14	1.74E-06	2.39E-06	0.72657
8.82E+02	2.40E+03	1.25E+14	1.92E-06	2.37E-06	0.80901
8.83E+02	2.41E+03	1.25E+14	1.85E-06	2.36E-06	0.783
8.84E+02	2.42E+03	1.24E+14	1.71E-06	2.34E-06	0.73034
8.85E+02	2.43E+03	1.24E+14	1.84E-06	2.33E-06	0.79186
8.86E+02	2.44E+03	1.23E+14	1.80E-06	2.31E-06	0.77719
8.87E+02	2.45E+03	1.23E+14	1.69E-06	2.30E-06	0.73698
8.88E+02	2.46E+03	1.22E+14	1.74E-06	2.28E-06	0.76174
8.89E+02	2.47E+03	1.22E+14	1.78E-06	2.27E-06	0.78449
8.90E+02	2.48E+03	1.21E+14	1.70E-06	2.25E-06	0.75656
8.91E+02	2.49E+03	1.21E+14	1.66E-06	2.24E-06	0.74095
8.92E+02	2.50E+03	1.20E+14	1.70E-06	2.22E-06	0.7656
8.93E+02	2.51E+03	1.20E+14	1.72E-06	2.21E-06	0.77659
8.94E+02	2.52E+03	1.19E+14	1.63E-06	2.20E-06	0.74093
8.95E+02	2.53E+03	1.19E+14	1.63E-06	2.18E-06	0.74561
8.96E+02	2.54E+03	1.18E+14	1.65E-06	2.17E-06	0.76198
8.97E+02	2.55E+03	1.18E+14	1.67E-06	2.15E-06	0.77476
8.98E+02	2.56E+03	1.17E+14	1.66E-06	2.14E-06	0.77675
8.99E+02	2.57E+03	1.17E+14	1.65E-06	2.13E-06	0.77719
9.00E+02	2.58E+03	1.16E+14	1.69E-06	2.11E-06	0.79684
9.01E+02	2.59E+03	1.16E+14	1.62E-06	2.10E-06	0.7731
9.02E+02	2.60E+03	1.16E+14	1.65E-06	2.09E-06	0.79044
9.03E+02	2.61E+03	1.15E+14	1.67E-06	2.08E-06	0.80472
9.04E+02	2.62E+03	1.15E+14	1.68E-06	2.06E-06	0.81554
9.05E+02	2.63E+03	1.14E+14	1.65E-06	2.05E-06	0.80513
9.06E+02	2.64E+03	1.14E+14	1.67E-06	2.04E-06	0.82109
9.07E+02	2.65E+03	1.13E+14	1.69E-06	2.03E-06	0.8321
9.08E+02	2.66E+03	1.13E+14	1.59E-06	2.01E-06	0.79027
9.09E+02	2.67E+03	1.12E+14	1.62E-06	2.00E-06	0.80978
9.10E+02	2.68E+03	1.12E+14	1.68E-06	1.99E-06	0.84497
9.11E+02	2.69E+03	1.12E+14	1.67E-06	1.98E-06	0.84385
9.12E+02	2.70E+03	1.11E+14	1.61E-06	1.97E-06	0.81955
9.13E+02	2.71E+03	1.11E+14	1.65E-06	1.95E-06	0.84383
9.14E+02	2.72E+03	1.10E+14	1.63E-06	1.94E-06	0.84083
9.15E+02	2.73E+03	1.10E+14	1.65E-06	1.93E-06	0.85713
9.16E+02	2.74E+03	1.10E+14	1.59E-06	1.92E-06	0.82817
9.17E+02	2.75E+03	1.09E+14	1.62E-06	1.91E-06	0.84937
9.18E+02	2.76E+03	1.09E+14	1.63E-06	1.90E-06	0.85741
9.19E+02	2.77E+03	1.08E+14	1.60E-06	1.88E-06	0.84885
9.20E+02	2.78E+03	1.08E+14	1.58E-06	1.87E-06	0.8445
9.21E+02	2.79E+03	1.08E+14	1.59E-06	1.86E-06	0.8512
9.22E+02	2.80E+03	1.07E+14	1.54E-06	1.85E-06	0.8299
9.23E+02	2.81E+03	1.07E+14	1.51E-06	1.84E-06	0.82034
9.24E+02	2.82E+03	1.06E+14	1.53E-06	1.83E-06	0.83483
9.25E+02	2.83E+03	1.06E+14	1.52E-06	1.82E-06	0.83599
9.26E+02	2.84E+03	1.06E+14	1.55E-06	1.81E-06	0.85785
9.27E+02	2.85E+03	1.05E+14	1.57E-06	1.80E-06	0.87114
9.28E+02	2.86E+03	1.05E+14	1.51E-06	1.79E-06	0.84533
9.29E+02	2.87E+03	1.05E+14	1.55E-06	1.78E-06	0.86958
9.30E+02	2.88E+03	1.04E+14	1.54E-06	1.77E-06	0.87355
9.31E+02	2.89E+03	1.04E+14	1.52E-06	1.76E-06	0.86279
9.32E+02	2.90E+03	1.04E+14	1.54E-06	1.75E-06	0.87855
9.33E+02	2.91E+03	1.03E+14	1.51E-06	1.74E-06	0.8672
9.34E+02	2.92E+03	1.03E+14	1.53E-06	1.73E-06	0.88743
9.35E+02	2.93E+03	1.02E+14	1.47E-06	1.72E-06	0.85583
9.36E+02	2.94E+03	1.02E+14	1.52E-06	1.71E-06	0.88986
9.37E+02	2.95E+03	1.02E+14	1.42E-06	1.70E-06	0.83563
9.38E+02	2.96E+03	1.01E+14	1.48E-06	1.69E-06	0.87899
9.39E+02	2.97E+03	1.01E+14	1.45E-06	1.68E-06	0.86368
9.40E+02	2.98E+03	1.01E+14	1.48E-06	1.67E-06	0.88402
9.41E+02	2.99E+03	1.00E+14	1.46E-06	1.66E-06	0.87796
9.42E+02	3.00E+03	1.00E+14	1.48E-06	1.65E-06	0.89831
9.43E+02	3.01E+03	9.98E+13	1.43E-06	1.64E-06	0.8716
9.44E+02	3.02E+03	9.94E+13	1.48E-06	1.63E-06	0.90788
9.45E+02	3.03E+03	9.91E+13	1.45E-06	1.62E-06	0.89115
9.46E+02	3.04E+03	9.88E+13	1.46E-06	1.62E-06	0.90594
9.47E+02	3.05E+03	9.85E+13	1.43E-06	1.61E-06	0.88883
9.48E+02	3.06E+03	9.81E+13	1.46E-06	1.60E-06	0.91283
9.49E+02	3.07E+03	9.78E+13	1.45E-06	1.59E-06	0.91109
9.50E+02	3.08E+03	9.75E+13	1.44E-06	1.58E-06	0.90955
9.51E+02	3.09E+03	9.72E+13	1.42E-06	1.57E-06	0.90347
9.52E+02	3.10E+03	9.69E+13	1.40E-06	1.56E-06	0.89864
9.53E+02	3.11E+03	9.66E+13	1.43E-06	1.55E-06	0.92213
9.54E+02	3.12E+03	9.62E+13	1.40E-06	1.55E-06	0.90293
9.55E+02	3.13E+03	9.59E+13	1.42E-06	1.54E-06	0.92042
9.56E+02	3.14E+03	9.56E+13	1.38E-06	1.53E-06	0.90027
9.57E+02	3.15E+03	9.53E+13	1.40E-06	1.52E-06	0.91873
9.58E+02	3.16E+03	9.50E+13	1.40E-06	1.51E-06	0.92204
9.59E+02	3.17E+03	9.47E+13	1.40E-06	1.51E-06	0.93074
9.60E+02	3.18E+03	9.44E+13	1.38E-06	1.50E-06	0.92372
9.61E+02	3.19E+03	9.41E+13	1.38E-06	1.49E-06	0.92932
9.62E+02	3.20E+03	9.38E+13	1.37E-06	1.48E-06	0.92779
9.63E+02	3.21E+03	9.34E+13	1.39E-06	1.47E-06	0.94357
9.64E+02	3.23E+03	9.28E+13	1.35E-06	1.45E-06	0.92999
9.65E+02	3.25E+03	9.22E+13	1.36E-06	1.44E-06	0.94569
9.66E+02	3.27E+03	9.17E+13	1.35E-06	1.42E-06	0.94565
9.67E+02	3.29E+03	9.11E+13	1.33E-06	1.41E-06	0.94224
9.68E+02	3.31E+03	9.06E+13	1.33E-06	1.39E-06	0.95087
9.69E+02	3.33E+03	9.00E+13	1.30E-06	1.38E-06	0.94447
9.70E+02	3.35E+03	8.95E+13	1.30E-06	1.37E-06	0.95481
9.71E+02	3.37E+03	8.90E+13	1.30E-06	1.35E-06	0.9609
9.72E+02	3.39E+03	8.84E+13	1.27E-06	1.34E-06	0.94952
9.73E+02	3.41E+03	8.79E+13	1.27E-06	1.33E-06	0.96006
9.74E+02	3.43E+03	8.74E+13	1.27E-06	1.31E-06	0.97128
9.75E+02	3.45E+03	8.69E+13	1.24E-06	1.30E-06	0.95458
9.76E+02	3.47E+03	8.64E+13	1.25E-06	1.29E-06	0.97102
9.77E+02	3.49E+03	8.59E+13	1.24E-06	1.27E-06	0.97136
9.78E+02	3.51E+03	8.54E+13	1.22E-06	1.26E-06	0.96504
9.79E+02	3.53E+03	8.49E+13	1.21E-06	1.25E-06	0.96729
9.80E+02	3.55E+03	8.44E+13	1.20E-06	1.24E-06	0.9737
9.81E+02	3.57E+03	8.40E+13	1.18E-06	1.22E-06	0.96499
9.82E+02	3.59E+03	8.35E+13	1.17E-06	1.21E-06	0.96824
9.83E+02	3.61E+03	8.30E+13	1.18E-06	1.20E-06	0.98158
9.84E+02	3.63E+03	8.26E+13	1.16E-06	1.19E-06	0.97158
9.85E+02	3.65E+03	8.21E+13	1.15E-06	1.18E-06	0.97417
9.86E+02	3.67E+03	8.17E+13	1.14E-06	1.17E-06	0.97779
9.87E+02	3.69E+03	8.12E+13	1.13E-06	1.16E-06	0.97434
9.88E+02	3.71E+03	8.08E+13	1.11E-06	1.15E-06	0.96675
9.89E+02	3.73E+03	8.04E+13	1.11E-06	1.13E-06	0.97636
9.90E+02	3.75E+03	7.99E+13	1.10E-06	1.12E-06	0.97849
9.91E+02	3.77E+03	7.95E+13	1.08E-06	1.11E-06	0.96953
9.92E+02	3.79E+03	7.91E+13	1.08E-06	1.10E-06	0.98328
9.93E+02	3.81E+03	7.87E+13	1.07E-06	1.09E-06	0.97772
9.94E+02	3.83E+03	7.83E+13	1.06E-06	1.08E-06	0.97971
9.95E+02	3.85E+03	7.79E+13	1.05E-06	1.07E-06	0.98149
9.96E+02	3.87E+03	7.75E+13	1.05E-06	1.06E-06	0.98413
9.97E+02	3.89E+03	7.71E+13	1.03E-06	1.05E-06	0.98058
9.98E+02	3.91E+03	7.67E+13	1.03E-06	1.04E-06	0.98132
9.99E+02	3.93E+03	7.63E+13	1.02E-06	1.04E-06	0.98161
1.00E+03	3.95E+03	7.59E+13	1.01E-06	1.03E-06	0.98633
1.00E+03	3.97E+03	7.55E+13	1.00E-06	1.02E-06	0.98328
1.00E+03	3.99E+03	7.51E+13	9.73E-07	1.01E-06	0.96538
1.00E+03	4.01E+03	7.48E+13	9.37E-07	9.99E-07	0.93777
1.00E+03	4.03E+03	7.44E+13	9.43E-07	9.90E-07	0.95187
1.01E+03	4.05E+03	7.40E+13	8.80E-07	9.82E-07	0.89603
1.01E+03	4.07E+03	7.37E+13	8.94E-07	9.73E-07	0.91821
1.01E+03	4.09E+03	7.33E+13	8.50E-07	9.65E-07	0.8815
1.01E+03	4.11E+03	7.29E+13	8.69E-07	9.56E-07	0.90907
1.01E+03	4.13E+03	7.26E+13	8.25E-07	9.48E-07	0.86996
1.01E+03	4.15E+03	7.22E+13	8.43E-07	9.40E-07	0.89673
1.01E+03	4.17E+03	7.19E+13	8.06E-07	9.32E-07	0.86435
1.01E+03	4.19E+03	7.15E+13	8.25E-07	9.24E-07	0.89306
1.01E+03	4.21E+03	7.12E+13	8.00E-07	9.17E-07	0.87295
1.01E+03	4.23E+03	7.09E+13	8.02E-07	9.09E-07	0.88289
1.02E+03	4.25E+03	7.05E+13	7.84E-07	9.01E-07	0.87008
1.02E+03	4.27E+03	7.02E+13	7.87E-07	8.94E-07	0.88059
1.02E+03	4.29E+03	6.99E+13	7.58E-07	8.86E-07	0.85515
1.02E+03	4.31E+03	6.96E+13	7.19E-07	8.79E-07	0.81808
1.02E+03	4.33E+03	6.92E+13	7.45E-07	8.72E-07	0.85497
1.02E+03	4.35E+03	6.89E+13	6.88E-07	8.65E-07	0.79589
1.02E+03	4.37E+03	6.86E+13	6.93E-07	8.58E-07	0.80781
1.02E+03	4.39E+03	6.83E+13	6.70E-07	8.51E-07	0.78766
1.02E+03	4.41E+03	6.80E+13	6.40E-07	8.44E-07	0.75895
1.02E+03	4.43E+03	6.77E+13	6.46E-07	8.37E-07	0.77141
1.03E+03	4.45E+03	6.74E+13	6.28E-07	8.30E-07	0.75669
1.03E+03	4.47E+03	6.71E+13	6.12E-07	8.24E-07	0.7426
1.03E+03	4.49E+03	6.68E+13	6.19E-07	8.17E-07	0.75737
1.03E+03	4.51E+03	6.65E+13	6.03E-07	8.10E-07	0.74463
1.03E+03	4.53E+03	6.62E+13	5.89E-07	8.04E-07	0.73233
1.03E+03	4.55E+03	6.59E+13	6.03E-07	7.98E-07	0.75616
1.03E+03	4.57E+03	6.56E+13	5.94E-07	7.91E-07	0.75089
1.03E+03	4.59E+03	6.53E+13	5.74E-07	7.85E-07	0.73094
1.03E+03	4.61E+03	6.50E+13	5.93E-07	7.79E-07	0.76085
1.03E+03	4.63E+03	6.48E+13	5.79E-07	7.73E-07	0.74927
1.04E+03	4.65E+03	6.45E+13	5.83E-07	7.67E-07	0.75969
1.04E+03	4.67E+03	6.42E+13	5.89E-07	7.61E-07	0.77325
1.04E+03	4.69E+03	6.39E+13	5.78E-07	7.55E-07	0.76492
1.04E+03	4.71E+03	6.37E+13	5.73E-07	7.50E-07	0.76491
1.04E+03	4.73E+03	6.34E+13	5.85E-07	7.44E-07	0.7859
1.04E+03	4.75E+03	6.31E+13	5.76E-07	7.38E-07	0.78018
1.04E+03	4.77E+03	6.28E+13	5.72E-07	7.33E-07	0.78106
1.04E+03	4.79E+03	6.26E+13	5.71E-07	7.27E-07	0.78503
1.04E+03	4.81E+03	6.23E+13	5.60E-07	7.22E-07	0.77598
1.04E+03	4.83E+03	6.21E+13	5.75E-07	7.16E-07	0.80233
1.05E+03	4.85E+03	6.18E+13	5.65E-07	7.11E-07	0.79486
1.05E+03	4.87E+03	6.16E+13	5.56E-07	7.06E-07	0.78854
1.05E+03	4.89E+03	6.13E+13	5.58E-07	7.00E-07	0.79597
1.05E+03	4.91E+03	6.11E+13	5.58E-07	6.95E-07	0.80228
1.05E+03	4.93E+03	6.08E+13	5.51E-07	6.90E-07	0.79854
1.05E+03	4.95E+03	6.06E+13	5.45E-07	6.85E-07	0.7957
1.05E+03	4.97E+03	6.03E+13	5.52E-07	6.80E-07	0.81097
1.05E+03	4.99E+03	6.01E+13	5.48E-07	6.75E-07	0.8111
1.05E+03	5.01E+03	5.98E+13	5.36E-07	6.70E-07	0.7993
1.05E+03	5.03E+03	5.96E+13	5.45E-07	6.65E-07	0.81954
1.06E+03	5.05E+03	5.94E+13	5.35E-07	6.61E-07	0.81045
1.06E+03	5.07E+03	5.91E+13	5.38E-07	6.56E-07	0.82038
1.06E+03	5.09E+03	5.89E+13	5.35E-07	6.51E-07	0.82223
1.06E+03	5.11E+03	5.87E+13	5.30E-07	6.47E-07	0.81929
1.06E+03	5.13E+03	5.84E+13	5.28E-07	6.42E-07	0.82271
1.06E+03	5.15E+03	5.82E+13	5.27E-07	6.38E-07	0.82609
1.06E+03	5.17E+03	5.80E+13	5.27E-07	6.33E-07	0.83178
1.06E+03	5.19E+03	5.78E+13	5.26E-07	6.29E-07	0.83744
1.06E+03	5.21E+03	5.75E+13	5.21E-07	6.24E-07	0.83503
1.06E+03	5.23E+03	5.73E+13	5.21E-07	6.20E-07	0.84109
1.07E+03	5.25E+03	5.71E+13	5.19E-07	6.16E-07	0.84381
1.07E+03	5.27E+03	5.69E+13	5.27E-07	6.11E-07	0.86141
1.07E+03	5.29E+03	5.67E+13	5.09E-07	6.07E-07	0.83916
1.07E+03	5.31E+03	5.65E+13	5.12E-07	6.03E-07	0.84942
1.07E+03	5.33E+03	5.62E+13	5.08E-07	5.99E-07	0.84806
1.07E+03	5.35E+03	5.60E+13	5.10E-07	5.95E-07	0.85705
1.07E+03	5.37E+03	5.58E+13	5.06E-07	5.91E-07	0.85701
1.07E+03	5.39E+03	5.56E+13	5.05E-07	5.87E-07	0.86131
1.07E+03	5.41E+03	5.54E+13	5.05E-07	5.83E-07	0.86647
1.07E+03	5.43E+03	5.52E+13	4.96E-07	5.79E-07	0.85629
1.08E+03	5.45E+03	5.50E+13	5.03E-07	5.75E-07	0.87473
1.08E+03	5.47E+03	5.48E+13	4.94E-07	5.71E-07	0.86566
1.08E+03	5.49E+03	5.46E+13	4.96E-07	5.67E-07	0.875
1.08E+03	5.51E+03	5.44E+13	4.90E-07	5.63E-07	0.86967
1.08E+03	5.53E+03	5.42E+13	4.98E-07	5.60E-07	0.8904
1.08E+03	5.55E+03	5.40E+13	4.87E-07	5.56E-07	0.87595
1.08E+03	5.57E+03	5.38E+13	4.90E-07	5.52E-07	0.8875
1.08E+03	5.59E+03	5.36E+13	4.86E-07	5.49E-07	0.88529
1.08E+03	5.61E+03	5.34E+13	4.88E-07	5.45E-07	0.89583
1.08E+03	5.63E+03	5.32E+13	4.82E-07	5.42E-07	0.88958
1.09E+03	5.65E+03	5.31E+13	4.83E-07	5.38E-07	0.89833
1.09E+03	5.67E+03	5.29E+13	4.80E-07	5.35E-07	0.89803
1.09E+03	5.69E+03	5.27E+13	4.71E-07	5.31E-07	0.88694
1.09E+03	5.71E+03	5.25E+13	4.77E-07	5.28E-07	0.90437
1.09E+03	5.73E+03	5.23E+13	4.74E-07	5.24E-07	0.90346
1.09E+03	5.75E+03	5.21E+13	4.73E-07	5.21E-07	0.90707
1.09E+03	5.77E+03	5.20E+13	4.70E-07	5.18E-07	0.90787
1.09E+03	5.79E+03	5.18E+13	4.69E-07	5.14E-07	0.91145
1.09E+03	5.81E+03	5.16E+13	4.69E-07	5.11E-07	0.91683
1.09E+03	5.83E+03	5.14E+13	4.64E-07	5.08E-07	0.91443
1.10E+03	5.85E+03	5.12E+13	4.64E-07	5.05E-07	0.91863
1.10E+03	5.87E+03	5.11E+13	4.58E-07	5.01E-07	0.91429
1.10E+03	5.89E+03	5.09E+13	4.58E-07	4.98E-07	0.91928
1.10E+03	5.91E+03	5.07E+13	4.56E-07	4.95E-07	0.92078
1.10E+03	5.93E+03	5.06E+13	4.56E-07	4.92E-07	0.92704
1.10E+03	5.95E+03	5.04E+13	4.52E-07	4.89E-07	0.92334
1.10E+03	5.97E+03	5.02E+13	4.52E-07	4.86E-07	0.92935
1.10E+03	5.99E+03	5.00E+13	4.51E-07	4.83E-07	0.93285
1.10E+03	6.01E+03	4.99E+13	4.50E-07	4.80E-07	0.93803
1.10E+03	6.03E+03	4.97E+13	4.45E-07	4.77E-07	0.9334
1.11E+03	6.05E+03	4.96E+13	4.41E-07	4.74E-07	0.92977
1.11E+03	6.07E+03	4.94E+13	4.42E-07	4.71E-07	0.93827
1.11E+03	6.09E+03	4.92E+13	4.39E-07	4.69E-07	0.93641
1.11E+03	6.11E+03	4.91E+13	4.35E-07	4.66E-07	0.93499
1.11E+03	6.13E+03	4.89E+13	4.38E-07	4.63E-07	0.94518
1.11E+03	6.15E+03	4.87E+13	4.34E-07	4.60E-07	0.94387
1.11E+03	6.17E+03	4.86E+13	4.34E-07	4.57E-07	0.94835
1.11E+03	6.19E+03	4.84E+13	4.31E-07	4.55E-07	0.94919
1.11E+03	6.21E+03	4.83E+13	4.31E-07	4.52E-07	0.95403
1.11E+03	6.23E+03	4.81E+13	4.28E-07	4.49E-07	0.95364
1.12E+03	6.25E+03	4.80E+13	4.24E-07	4.47E-07	0.94923
1.12E+03	6.27E+03	4.78E+13	4.22E-07	4.44E-07	0.95057
1.12E+03	6.29E+03	4.77E+13	4.21E-07	4.41E-07	0.95371
1.12E+03	6.31E+03	4.75E+13	4.18E-07	4.39E-07	0.9522
1.12E+03	6.33E+03	4.74E+13	4.18E-07	4.36E-07	0.95896
1.12E+03	6.35E+03	4.72E+13	4.13E-07	4.34E-07	0.95297
1.12E+03	6.37E+03	4.71E+13	4.15E-07	4.31E-07	0.96303
1.12E+03	6.39E+03	4.69E+13	4.10E-07	4.29E-07	0.95682
1.12E+03	6.42E+03	4.67E+13	4.07E-07	4.25E-07	0.95905
1.12E+03	6.46E+03	4.64E+13	3.99E-07	4.20E-07	0.94993
1.13E+03	6.50E+03	4.61E+13	3.94E-07	4.15E-07	0.94891
1.13E+03	6.54E+03	4.58E+13	3.89E-07	4.10E-07	0.9475
1.13E+03	6.58E+03	4.56E+13	3.82E-07	4.06E-07	0.94052
1.13E+03	6.62E+03	4.53E+13	3.76E-07	4.01E-07	0.93829
1.13E+03	6.66E+03	4.50E+13	3.74E-07	3.97E-07	0.94356
1.13E+03	6.70E+03	4.47E+13	3.70E-07	3.92E-07	0.94364
1.13E+03	6.74E+03	4.45E+13	3.67E-07	3.88E-07	0.94677
1.13E+03	6.78E+03	4.42E+13	3.61E-07	3.84E-07	0.94106
1.13E+03	6.82E+03	4.40E+13	3.58E-07	3.80E-07	0.94221
1.13E+03	6.86E+03	4.37E+13	3.57E-07	3.75E-07	0.95118
1.14E+03	6.90E+03	4.34E+13	3.52E-07	3.71E-07	0.94758
1.14E+03	6.94E+03	4.32E+13	3.48E-07	3.67E-07	0.94777
1.14E+03	6.98E+03	4.30E+13	3.48E-07	3.63E-07	0.95666
1.14E+03	7.02E+03	4.27E+13	3.42E-07	3.60E-07	0.95096
1.14E+03	7.06E+03	4.25E+13	3.39E-07	3.56E-07	0.95328
1.14E+03	7.10E+03	4.22E+13	3.36E-07	3.52E-07	0.95305
1.14E+03	7.14E+03	4.20E+13	3.33E-07	3.48E-07	0.95625
1.14E+03	7.18E+03	4.18E+13	3.31E-07	3.45E-07	0.95983
1.14E+03	7.22E+03	4.15E+13	3.26E-07	3.41E-07	0.95549
1.14E+03	7.26E+03	4.13E+13	3.23E-07	3.38E-07	0.95796
1.15E+03	7.30E+03	4.11E+13	3.21E-07	3.34E-07	0.961
1.15E+03	7.34E+03	4.08E+13	3.17E-07	3.31E-07	0.95802
1.15E+03	7.38E+03	4.06E+13	3.15E-07	3.27E-07	0.96266
1.15E+03	7.42E+03	4.04E+13	3.10E-07	3.24E-07	0.95771
1.15E+03	7.46E+03	4.02E+13	3.09E-07	3.21E-07	0.96333
1.15E+03	7.50E+03	4.00E+13	3.06E-07	3.18E-07	0.96217
1.15E+03	7.54E+03	3.98E+13	2.99E-07	3.15E-07	0.95113
1.15E+03	7.58E+03	3.96E+13	2.90E-07	3.11E-07	0.93071
1.15E+03	7.62E+03	3.93E+13	2.81E-07	3.08E-07	0.91074
1.15E+03	7.66E+03	3.91E+13	2.75E-07	3.05E-07	0.90023
1.16E+03	7.70E+03	3.89E+13	2.72E-07	3.02E-07	0.89832
1.16E+03	7.74E+03	3.87E+13	2.63E-07	2.99E-07	0.87776
1.16E+03	7.78E+03	3.85E+13	2.60E-07	2.97E-07	0.87534
1.16E+03	7.82E+03	3.83E+13	2.55E-07	2.94E-07	0.86878
1.16E+03	7.86E+03	3.81E+13	2.51E-07	2.91E-07	0.86285
1.16E+03	7.90E+03	3.79E+13	2.48E-07	2.88E-07	0.86119
1.16E+03	7.94E+03	3.78E+13	2.44E-07	2.85E-07	0.85525
1.16E+03	7.98E+03	3.76E+13	2.41E-07	2.83E-07	0.85298
1.16E+03	8.02E+03	3.74E+13	2.39E-07	2.80E-07	0.8543
1.16E+03	8.06E+03	3.72E+13	2.36E-07	2.77E-07	0.84989
1.17E+03	8.10E+03	3.70E+13	2.34E-07	2.75E-07	0.85334
1.17E+03	8.14E+03	3.68E+13	2.32E-07	2.72E-07	0.85387
1.17E+03	8.18E+03	3.66E+13	2.30E-07	2.70E-07	0.85334
1.17E+03	8.22E+03	3.65E+13	2.28E-07	2.67E-07	0.85347
1.17E+03	8.26E+03	3.63E+13	2.28E-07	2.65E-07	0.85995
1.17E+03	8.30E+03	3.61E+13	2.23E-07	2.62E-07	0.84914
1.17E+03	8.34E+03	3.59E+13	2.23E-07	2.60E-07	0.85883
1.17E+03	8.38E+03	3.58E+13	2.20E-07	2.58E-07	0.85349
1.17E+03	8.42E+03	3.56E+13	2.20E-07	2.55E-07	0.86179
1.17E+03	8.46E+03	3.54E+13	2.17E-07	2.53E-07	0.85683
1.18E+03	8.50E+03	3.53E+13	2.17E-07	2.51E-07	0.86398
1.18E+03	8.54E+03	3.51E+13	2.16E-07	2.49E-07	0.86745
1.18E+03	8.58E+03	3.49E+13	2.13E-07	2.46E-07	0.86568
1.18E+03	8.62E+03	3.48E+13	2.13E-07	2.44E-07	0.87327
1.18E+03	8.66E+03	3.46E+13	2.10E-07	2.42E-07	0.86642
1.18E+03	8.70E+03	3.45E+13	2.11E-07	2.40E-07	0.8771
1.18E+03	8.74E+03	3.43E+13	2.09E-07	2.38E-07	0.87634
1.18E+03	8.78E+03	3.41E+13	2.07E-07	2.36E-07	0.87809
1.18E+03	8.82E+03	3.40E+13	2.05E-07	2.34E-07	0.87742
1.18E+03	8.86E+03	3.38E+13	2.04E-07	2.32E-07	0.8782
1.19E+03	8.90E+03	3.37E+13	2.03E-07	2.30E-07	0.88518
1.19E+03	8.94E+03	3.35E+13	2.03E-07	2.28E-07	0.88982
1.19E+03	8.98E+03	3.34E+13	2.01E-07	2.26E-07	0.88886
1.19E+03	9.02E+03	3.32E+13	2.00E-07	2.24E-07	0.89284
1.19E+03	9.06E+03	3.31E+13	2.00E-07	2.22E-07	0.90003
1.19E+03	9.10E+03	3.29E+13	1.98E-07	2.20E-07	0.89832
1.19E+03	9.14E+03	3.28E+13	1.96E-07	2.19E-07	0.89602
1.19E+03	9.18E+03	3.27E+13	1.96E-07	2.17E-07	0.9028
1.19E+03	9.22E+03	3.25E+13	1.92E-07	2.15E-07	0.89458
1.19E+03	9.26E+03	3.24E+13	1.93E-07	2.13E-07	0.90472
1.20E+03	9.30E+03	3.22E+13	1.92E-07	2.11E-07	0.90955
1.20E+03	9.34E+03	3.21E+13	1.91E-07	2.10E-07	0.90939
1.20E+03	9.38E+03	3.20E+13	1.88E-07	2.08E-07	0.90332
1.20E+03	9.42E+03	3.18E+13	1.87E-07	2.06E-07	0.90744
1.20E+03	9.46E+03	3.17E+13	1.85E-07	2.05E-07	0.90607
1.20E+03	9.50E+03	3.16E+13	1.86E-07	2.03E-07	0.91423
1.20E+03	9.54E+03	3.14E+13	1.85E-07	2.01E-07	0.91652
1.20E+03	9.58E+03	3.13E+13	1.83E-07	2.00E-07	0.91343
1.20E+03	9.62E+03	3.12E+13	1.82E-07	1.98E-07	0.91617
1.20E+03	9.66E+03	3.10E+13	1.80E-07	1.97E-07	0.91506
1.21E+03	9.70E+03	3.09E+13	1.80E-07	1.95E-07	0.92045
1.21E+03	9.74E+03	3.08E+13	1.78E-07	1.94E-07	0.92003
1.21E+03	9.78E+03	3.07E+13	1.77E-07	1.92E-07	0.92038
1.21E+03	9.82E+03	3.05E+13	1.76E-07	1.91E-07	0.92398
1.21E+03	9.86E+03	3.04E+13	1.75E-07	1.89E-07	0.92725
1.21E+03	9.90E+03	3.03E+13	1.73E-07	1.88E-07	0.92205
1.21E+03	9.94E+03	3.02E+13	1.72E-07	1.86E-07	0.9232
1.21E+03	9.98E+03	3.00E+13	1.72E-07	1.85E-07	0.92876
1.21E+03	1.00E+04	2.99E+13	1.70E-07	1.83E-07	0.92901
1.21E+03	2.00E+04	1.50E+13	4.61E-08	4.80E-08	0.96017
1.22E+03	4.00E+04	7.49E+12	1.19E-08	1.22E-08	0.97617
1.22E+03	6.00E+04	5.00E+12	5.30E-09	5.39E-09	0.98204
1.22E+03	8.00E+04	3.75E+12	2.98E-09	3.02E-09	0.98509
1.22E+09	3.00E+12	1.90E-09	1.93E-09	0.9872	
1.22E+09	2.50E+12	1.32E-09	1.33E-09	0.98862	
1.22E+09	2.14E+12	9.65E-10	9.75E-10	0.9898	
1.22E+09	1.87E+12	7.37E-10	7.44E-10	0.99064	

