TEFF   7750.  GRAVITY 2.00000 LTE 
TITLE  [ 0.0] VTURB=0  L/H=1.25 NOVER NEW ODF                                   
FLUX    1     9.09        3.298047E+16   2.5000E-39   2.5000E-39   1.00000
FLUX    2     9.35        3.206337E+16   2.5000E-39   2.5000E-39   1.00000
FLUX    3     9.61        3.119589E+16   2.5000E-39   2.5000E-39   1.00000
FLUX    4     9.77        3.068500E+16   2.5000E-39   2.5000E-39   1.00000
FLUX    5     9.96        3.009965E+16   2.5000E-39   2.5000E-39   1.00000
FLUX    6    10.20        2.939142E+16   2.5000E-39   2.5000E-39   1.00000
FLUX    7    10.38        2.888174E+16   2.5000E-39   2.5000E-39   1.00000
FLUX    8    10.56        2.838944E+16   2.5000E-39   2.5000E-39   1.00000
FLUX    9    10.77        2.783589E+16   2.5000E-39   2.5000E-39   1.00000
FLUX   10    11.04        2.715512E+16   2.5000E-39   2.5000E-39   1.00000
FLUX   11    11.40        2.629759E+16   2.5000E-39   2.5000E-39   1.00000
FLUX   12    11.78        2.544928E+16   2.5000E-39   2.5000E-39   1.00000
FLUX   13    12.13        2.471496E+16   2.5000E-39   2.5000E-39   1.00000
FLUX   14    12.48        2.402184E+16   2.5000E-39   2.5000E-39   1.00000
FLUX   15    12.71        2.358714E+16   2.5000E-39   2.5000E-39   1.00000
FLUX   16    12.84        2.334833E+16   2.5000E-39   2.5000E-39   1.00000
FLUX   17    13.05        2.297260E+16   2.5000E-39   2.5000E-39   1.00000
FLUX   18    13.24        2.264294E+16   2.5000E-39   2.5000E-39   1.00000
FLUX   19    13.39        2.238928E+16   2.5000E-39   2.5000E-39   1.00000
FLUX   20    13.66        2.194674E+16   2.5000E-39   2.5000E-39   1.00000
FLUX   21    13.98        2.144439E+16   2.5000E-39   2.5000E-39   1.00000
FLUX   22    14.33        2.092062E+16   2.5000E-39   2.5000E-39   1.00000
FLUX   23    14.72        2.036634E+16   2.5000E-39   2.5000E-39   1.00000
FLUX   24    15.10        1.985381E+16   2.5000E-39   2.5000E-39   1.00000
FLUX   25    15.52        1.931653E+16   2.5000E-39   2.5000E-39   1.00000
FLUX   26    15.88        1.887862E+16   2.5000E-39   2.5000E-39   1.00000
FLUX   27    16.20        1.850571E+16   2.5000E-39   2.5000E-39   1.00000
FLUX   28    16.60        1.805979E+16   2.5000E-39   2.5000E-39   1.00000
FLUX   29    17.03        1.760379E+16   2.5000E-39   2.5000E-39   1.00000
FLUX   30    17.34        1.728907E+16   2.5000E-39   2.5000E-39   1.00000
FLUX   31    17.68        1.695659E+16   2.5000E-39   2.5000E-39   1.00000
FLUX   32    18.02        1.663665E+16   2.5000E-39   2.5000E-39   1.00000
FLUX   33    18.17        1.649931E+16   2.5000E-39   2.5000E-39   1.00000
FLUX   34    18.61        1.610921E+16   2.5000E-39   2.5000E-39   1.00000
FLUX   35    19.10        1.569594E+16   2.5000E-39   2.5000E-39   1.00000
FLUX   36    19.39        1.546119E+16   2.5000E-39   2.5000E-39   1.00000
FLUX   37    19.84        1.511051E+16   2.5000E-39   2.5000E-39   1.00000
FLUX   38    20.18        1.485592E+16   2.5000E-39   2.5000E-39   1.00000
FLUX   39    20.50        1.462402E+16   2.5000E-39   2.5000E-39   1.00000
FLUX   40    21.05        1.424192E+16   2.5000E-39   2.5000E-39   1.00000
FLUX   41    21.62        1.386644E+16   2.5000E-39   2.5000E-39   1.00000
FLUX   42    21.98        1.363933E+16   2.5000E-39   2.5000E-39   1.00000
FLUX   43    22.30        1.344361E+16   2.5000E-39   2.5000E-39   1.00000
FLUX   44    22.68        1.321836E+16   2.5000E-39   2.5000E-39   1.00000
FLUX   45    23.00        1.303446E+16   2.5000E-39   2.5000E-39   1.00000
FLUX   46    23.40        1.281165E+16   2.5000E-39   2.5000E-39   1.00000
FLUX   47    24.00        1.249135E+16   2.5000E-39   2.5000E-39   1.00000
FLUX   48    24.65        1.216197E+16   2.5000E-39   2.5000E-39   1.00000
FLUX   49    25.24        1.187767E+16   2.5000E-39   2.5000E-39   1.00000
FLUX   50    25.68        1.167416E+16   2.5000E-39   2.5000E-39   1.00000
FLUX   51    26.00        1.153048E+16   2.5000E-39   2.5000E-39   1.00000
FLUX   52    26.40        1.135578E+16   2.5000E-39   2.5000E-39   1.00000
FLUX   53    26.85        1.116546E+16   2.5000E-39   2.5000E-39   1.00000
FLUX   54    27.35        1.096133E+16   2.5000E-39   2.5000E-39   1.00000
FLUX   55    27.85        1.076454E+16   2.5000E-39   2.5000E-39   1.00000
FLUX   56    28.40        1.055607E+16   2.5000E-39   2.5000E-39   1.00000
FLUX   57    29.00        1.033767E+16   2.5000E-39   2.5000E-39   1.00000
FLUX   58    29.60        1.012812E+16   2.5000E-39   2.5000E-39   1.00000
FLUX   59    30.10        9.959883E+15   2.5000E-39   2.5000E-39   1.00000
FLUX   60    30.80        9.733523E+15   2.5000E-39   2.5000E-39   1.00000
FLUX   61    31.80        9.427437E+15   2.5000E-39   2.5000E-39   1.00000
FLUX   62    32.80        9.140015E+15   2.5000E-39   2.5000E-39   1.00000
FLUX   63    33.80        8.869601E+15   2.5000E-39   2.5000E-39   1.00000
FLUX   64    34.80        8.614727E+15   2.5000E-39   2.5000E-39   1.00000
FLUX   65    35.70        8.397549E+15   7.2134E-39   7.2134E-39   1.00000
FLUX   66    36.60        8.191052E+15   5.9149E-38   5.9149E-38   1.00000
FLUX   67    37.50        7.994467E+15   4.3765E-37   4.3765E-37   1.00000
FLUX   68    38.50        7.786818E+15   3.6172E-36   3.6172E-36   1.00000
FLUX   69    39.50        7.589683E+15   2.6811E-35   2.6811E-35   1.00000
FLUX   70    40.50        7.402284E+15   1.7967E-34   1.7967E-34   1.00000
FLUX   71    41.40        7.241364E+15   9.1883E-34   9.1883E-34   1.00000
FLUX   72    42.20        7.104087E+15   3.6928E-33   3.6928E-33   1.00000
FLUX   73    43.00        6.971919E+15   1.4078E-32   1.4078E-32   1.00000
FLUX   74    44.10        6.798016E+15   6.1236E-33   6.1240E-33   0.99993
FLUX   75    45.10        6.647284E+15   2.5882E-32   2.5883E-32   0.99998
FLUX   76    46.00        6.517228E+15   8.9547E-32   8.9549E-32   0.99997
FLUX   77    47.00        6.378564E+15   3.3550E-31   3.3554E-31   0.99988
FLUX   78    48.00        6.245677E+15   1.1861E-30   1.1861E-30   0.99998
FLUX   79    49.00        6.118214E+15   3.9734E-30   3.9734E-30   0.99998
FLUX   80    50.00        5.995850E+15   1.2638E-29   1.2639E-29   0.99998
FLUX   81    50.60        5.924753E+15   3.8700E-28   5.4327E-28   0.71236
FLUX   82    51.20        5.855322E+15   7.1217E-29   1.0910E-27   0.06528
FLUX   83    52.00        5.765240E+15   1.6593E-28   1.6756E-28   0.99029
FLUX   84    53.00        5.656462E+15   4.6225E-28   4.6235E-28   0.99980
FLUX   85    54.00        5.551713E+15   1.2164E-27   1.2259E-27   0.99224
FLUX   86    55.00        5.450773E+15   3.1307E-27   3.1321E-27   0.99955
FLUX   87    56.00        5.353437E+15   7.7208E-27   7.7216E-27   0.99990
FLUX   88    57.00        5.259517E+15   1.8403E-26   1.8404E-26   0.99998
FLUX   89    58.00        5.168836E+15   4.2005E-26   4.2496E-26   0.98846
FLUX   90    59.00        5.081229E+15   9.5111E-26   9.5159E-26   0.99949
FLUX   91    60.00        4.996542E+15   2.0689E-25   2.0704E-25   0.99929
FLUX   92    61.00        4.914631E+15   4.3830E-25   4.3831E-25   0.99998
FLUX   93    62.00        4.835363E+15   9.0403E-25   9.0412E-25   0.99990
FLUX   94    63.00        4.758611E+15   1.8193E-24   1.8194E-24   0.99992
FLUX   95    64.00        4.684258E+15   3.5770E-24   3.5782E-24   0.99969
FLUX   96    65.00        4.612192E+15   6.8809E-24   6.8814E-24   0.99992
FLUX   97    65.80        4.556117E+15   1.1433E-23   1.1434E-23   0.99993
FLUX   98    66.50        4.508158E+15   1.7617E-23   1.7637E-23   0.99885
FLUX   99    67.50        4.441370E+15   3.2188E-23   3.2211E-23   0.99929
FLUX  100    68.50        4.376533E+15   5.7697E-23   5.7720E-23   0.99960
FLUX  101    69.50        4.313561E+15   1.0156E-22   1.0156E-22   0.99997
FLUX  102    70.50        4.252376E+15   1.7505E-22   1.7562E-22   0.99671
FLUX  103    71.60        4.187046E+15   3.1466E-22   3.1469E-22   0.99990
FLUX  104    72.60        4.129373E+15   5.2587E-22   5.2588E-22   0.99998
FLUX  105    73.50        4.078809E+15   8.2413E-22   8.2425E-22   0.99987
FLUX  106    74.50        4.024060E+15   1.3387E-21   1.3395E-21   0.99937
FLUX  107    75.50        3.970762E+15   2.1446E-21   2.1465E-21   0.99912
FLUX  108    76.50        3.918856E+15   3.3919E-21   3.3937E-21   0.99946
FLUX  109    77.50        3.868290E+15   5.2924E-21   5.2964E-21   0.99924
FLUX  110    78.50        3.819013E+15   8.1635E-21   8.1637E-21   0.99998
FLUX  111    79.50        3.770975E+15   1.2350E-20   1.2433E-20   0.99326
FLUX  112    80.50        3.724130E+15   1.8657E-20   1.8720E-20   0.99663
FLUX  113    81.50        3.678436E+15   2.7862E-20   2.7875E-20   0.99954
FLUX  114    82.50        3.633848E+15   4.1060E-20   4.1073E-20   0.99969
FLUX  115    83.50        3.590329E+15   5.9891E-20   5.9913E-20   0.99963
FLUX  116    84.50        3.547840E+15   8.6527E-20   8.6537E-20   0.99989
FLUX  117    85.50        3.506345E+15   1.2381E-19   1.2383E-19   0.99984
FLUX  118    86.50        3.465809E+15   1.7552E-19   1.7553E-19   0.99993
FLUX  119    87.50        3.426200E+15   2.4598E-19   2.4664E-19   0.99731
FLUX  120    88.50        3.387486E+15   3.4358E-19   3.4363E-19   0.99985
FLUX  121    89.50        3.349637E+15   4.7481E-19   4.7485E-19   0.99993
FLUX  122    90.50        3.312624E+15   6.4828E-19   6.5095E-19   0.99589
FLUX  123    91.50        3.276421E+15   4.3376E-16   1.1340E-15   0.38251
FLUX  124    92.50        3.241000E+15   1.3725E-15   1.5615E-15   0.87894
FLUX  125    93.50        3.206337E+15   1.8544E-15   2.1211E-15   0.87429
FLUX  126    94.50        3.172407E+15   2.5355E-15   2.8546E-15   0.88821
FLUX  127    95.50        3.139188E+15   3.5904E-15   3.8154E-15   0.94101
FLUX  128    96.50        3.106658E+15   4.8296E-15   5.0521E-15   0.95596
FLUX  129    97.50        3.074795E+15   6.2009E-15   6.6311E-15   0.93513
FLUX  130    98.50        3.043579E+15   8.2752E-15   8.7344E-15   0.94743
FLUX  131    99.50        3.012990E+15   1.0552E-14   1.1366E-14   0.92840
FLUX  132   100.50        2.983010E+15   1.4317E-14   1.4698E-14   0.97408
FLUX  133   101.50        2.953621E+15   1.8536E-14   1.8846E-14   0.98354
FLUX  134   102.50        2.924805E+15   2.2993E-14   2.4292E-14   0.94652
FLUX  135   103.50        2.896546E+15   3.0082E-14   3.0955E-14   0.97180
FLUX  136   104.50        2.868828E+15   3.8839E-14   3.9367E-14   0.98658
FLUX  137   105.50        2.841635E+15   4.9343E-14   4.9881E-14   0.98921
FLUX  138   106.50        2.814953E+15   6.1441E-14   6.3026E-14   0.97486
FLUX  139   107.50        2.788767E+15   7.8096E-14   7.9390E-14   0.98370
FLUX  140   108.50        2.763064E+15   9.7934E-14   9.9606E-14   0.98322
FLUX  141   109.50        2.737831E+15   1.2025E-13   1.2437E-13   0.96682
FLUX  142   110.50        2.713054E+15   3.8184E-13   1.4020E-12   0.27236
FLUX  143   111.50        2.688722E+15   1.2666E-12   1.8863E-12   0.67149
FLUX  144   112.50        2.664822E+15   1.8574E-12   2.4677E-12   0.75268
FLUX  145   113.50        2.641344E+15   2.5773E-12   3.1413E-12   0.82047
FLUX  146   114.50        2.618275E+15   3.2358E-12   3.8790E-12   0.83419
FLUX  147   115.50        2.595606E+15   3.6318E-12   4.6511E-12   0.78086
FLUX  148   116.50        2.573326E+15   4.8162E-12   5.3929E-12   0.89306
FLUX  149   117.50        2.551426E+15   5.5196E-12   5.9819E-12   0.92271
FLUX  150   118.50        2.529894E+15   6.0647E-12   8.8746E-12   0.68338
FLUX  151   119.50        2.508724E+15   2.7546E-12   1.0483E-11   0.26278
FLUX  152   120.50        2.487905E+15   2.4425E-12   1.2303E-11   0.19854
FLUX  153   121.50        2.467428E+15   6.1499E-13   1.4362E-11   0.04282
FLUX  154   122.50        2.447286E+15   2.9494E-12   1.7382E-11   0.16968
FLUX  155   123.50        2.427470E+15   7.7567E-12   2.0116E-11   0.38560
FLUX  156   124.50        2.407972E+15   1.8463E-11   2.9324E-11   0.62961
FLUX  157   125.50        2.388785E+15   4.4324E-11   5.4317E-11   0.81603
FLUX  158   126.50        2.369901E+15   4.6056E-11   8.6858E-11   0.53024
FLUX  159   127.50        2.351314E+15   8.6051E-11   1.1982E-10   0.71816
FLUX  160   128.50        2.333016E+15   1.3188E-10   1.6190E-10   0.81453
FLUX  161   129.50        2.315000E+15   1.7310E-10   2.0458E-10   0.84609
FLUX  162   130.50        2.297261E+15   1.3249E-10   2.5428E-10   0.52102
FLUX  163   131.50        2.279791E+15   2.4189E-10   3.0649E-10   0.78922
FLUX  164   132.50        2.262585E+15   3.0106E-10   3.6423E-10   0.82656
FLUX  165   133.50        2.245637E+15   3.2716E-10   4.2581E-10   0.76833
FLUX  166   134.50        2.228940E+15   4.4560E-10   4.9254E-10   0.90470
FLUX  167   135.50        2.212491E+15   4.7250E-10   5.6506E-10   0.83619
FLUX  168   136.50        2.196282E+15   5.4023E-10   6.4547E-10   0.83696
FLUX  169   137.50        2.180309E+15   6.0870E-10   7.3223E-10   0.83130
FLUX  170   138.50        2.164567E+15   6.8615E-10   8.2638E-10   0.83030
FLUX  171   139.50        2.149050E+15   8.0203E-10   9.2765E-10   0.86458
FLUX  172   140.50        2.133754E+15   9.1491E-10   1.0376E-09   0.88176
FLUX  173   141.50        2.118675E+15   9.6165E-10   1.1555E-09   0.83226
FLUX  174   142.50        2.103807E+15   1.1123E-09   1.2883E-09   0.86338
FLUX  175   143.50        2.089146E+15   1.1605E-09   1.4257E-09   0.81399
FLUX  176   144.20        2.079005E+15   1.3453E-09   1.5287E-09   0.88003
FLUX  177   144.70        2.071821E+15   1.4622E-09   1.7822E-09   0.82046
FLUX  178   145.50        2.060430E+15   1.6608E-09   1.9245E-09   0.86299
FLUX  179   146.50        2.046365E+15   1.7251E-09   2.1147E-09   0.81578
FLUX  180   147.50        2.032492E+15   1.9435E-09   2.3180E-09   0.83843
FLUX  181   148.50        2.018805E+15   2.1822E-09   2.5350E-09   0.86084
FLUX  182   149.50        2.005301E+15   2.4900E-09   2.7673E-09   0.89982
FLUX  183   150.50        1.991977E+15   2.7873E-09   3.0139E-09   0.92480
FLUX  184   151.20        1.982755E+15   2.8541E-09   3.1966E-09   0.89285
FLUX  185   151.70        1.976220E+15   3.1171E-09   3.8980E-09   0.79966
FLUX  186   152.50        1.965852E+15   3.5113E-09   3.1226E-08   0.11245
FLUX  187   153.50        1.953046E+15   1.3644E-08   2.6008E-07   0.05246
FLUX  188   154.50        1.940405E+15   5.8018E-08   2.7442E-07   0.21142
FLUX  189   155.50        1.927926E+15   4.9744E-08   2.8780E-07   0.17284
FLUX  190   156.50        1.915607E+15   3.7268E-08   3.0128E-07   0.12370
FLUX  191   157.50        1.903444E+15   7.7731E-08   3.4248E-07   0.22696
FLUX  192   158.50        1.891435E+15   9.7642E-08   3.5522E-07   0.27488
FLUX  193   159.50        1.879577E+15   1.3196E-07   3.6768E-07   0.35889
FLUX  194   160.50        1.867866E+15   1.1014E-07   3.7932E-07   0.29036
FLUX  195   161.50        1.856300E+15   1.0549E-07   3.9031E-07   0.27027
FLUX  196   162.50        1.844877E+15   9.0585E-08   4.1349E-07   0.21908
FLUX  197   163.50        1.833593E+15   1.0619E-07   4.2446E-07   0.25019
FLUX  198   164.50        1.822447E+15   1.5894E-07   4.3502E-07   0.36538
FLUX  199   165.50        1.811435E+15   7.4636E-08   4.4537E-07   0.16758
FLUX  200   166.50        1.800556E+15   1.3188E-07   4.5506E-07   0.28980
FLUX  201   167.20        1.793017E+15   3.4588E-08   4.6168E-07   0.07492
FLUX  202   167.70        1.787671E+15   2.0657E-07   8.6574E-07   0.23861
FLUX  203   168.50        1.779184E+15   3.3990E-07   1.2228E-06   0.27797
FLUX  204   169.50        1.768687E+15   3.6519E-07   1.2385E-06   0.29486
FLUX  205   170.50        1.758314E+15   3.5661E-07   1.2542E-06   0.28433
FLUX  206   171.50        1.748061E+15   5.0995E-07   1.3063E-06   0.39039
FLUX  207   172.50        1.737928E+15   5.5047E-07   1.3221E-06   0.41635
FLUX  208   173.50        1.727911E+15   6.9706E-07   1.3362E-06   0.52169
FLUX  209   174.50        1.718009E+15   5.9868E-07   1.3513E-06   0.44302
FLUX  210   175.50        1.708219E+15   7.7705E-07   1.3650E-06   0.56926
FLUX  211   176.50        1.698541E+15   5.9643E-07   1.3780E-06   0.43282
FLUX  212   177.50        1.688972E+15   7.9426E-07   1.3910E-06   0.57102
FLUX  213   178.50        1.679510E+15   6.8148E-07   1.4039E-06   0.48542
FLUX  214   179.50        1.670153E+15   9.6173E-07   1.4163E-06   0.67906
FLUX  215   180.50        1.660900E+15   7.9557E-07   1.4288E-06   0.55682
FLUX  216   181.50        1.651749E+15   9.2299E-07   1.4410E-06   0.64052
FLUX  217   182.50        1.642699E+15   7.8991E-07   1.4533E-06   0.54354
FLUX  218   183.50        1.633747E+15   7.6598E-07   1.4654E-06   0.52273
FLUX  219   184.50        1.624892E+15   7.1957E-07   1.4774E-06   0.48704
FLUX  220   185.50        1.616132E+15   8.3570E-07   1.4900E-06   0.56087
FLUX  221   186.50        1.607466E+15   9.3738E-07   1.5019E-06   0.62411
FLUX  222   187.50        1.598893E+15   8.8855E-07   1.5216E-06   0.58397
FLUX  223   188.50        1.590411E+15   9.2461E-07   1.5331E-06   0.60310
FLUX  224   189.50        1.582018E+15   1.0344E-06   1.5446E-06   0.66972
FLUX  225   190.50        1.573714E+15   9.5592E-07   1.5559E-06   0.61440
FLUX  226   191.50        1.565496E+15   1.0027E-06   1.5675E-06   0.63972
FLUX  227   192.50        1.557364E+15   9.7639E-07   1.5787E-06   0.61849
FLUX  228   193.50        1.549315E+15   6.8620E-07   1.5900E-06   0.43157
FLUX  229   194.50        1.541350E+15   1.1143E-06   1.6011E-06   0.69597
FLUX  230   195.50        1.533465E+15   1.1484E-06   1.6121E-06   0.71237
FLUX  231   196.70        1.524110E+15   1.2682E-06   1.6256E-06   0.78014
FLUX  232   197.60        1.517168E+15   1.2399E-06   1.6542E-06   0.74957
FLUX  233   198.40        1.511051E+15   1.2202E-06   1.6637E-06   0.73341
FLUX  234   199.50        1.502719E+15   1.2081E-06   1.6862E-06   0.71650
FLUX  235   200.50        1.495224E+15   1.1393E-06   1.6983E-06   0.67087
FLUX  236   201.50        1.487804E+15   1.0517E-06   1.7105E-06   0.61484
FLUX  237   202.50        1.480457E+15   1.0470E-06   1.7229E-06   0.60767
FLUX  238   203.50        1.473182E+15   1.2061E-06   1.7352E-06   0.69505
FLUX  239   204.50        1.465978E+15   1.3160E-06   1.7477E-06   0.75300
FLUX  240   205.50        1.458844E+15   1.1668E-06   1.7603E-06   0.66281
FLUX  241   206.50        1.451780E+15   1.1393E-06   1.7731E-06   0.64255
FLUX  242   207.40        1.445480E+15   1.4227E-06   1.7846E-06   0.79722
FLUX  243   207.80        1.442697E+15   1.5203E-06   1.9370E-06   0.78484
FLUX  244   208.50        1.437854E+15   1.4680E-06   1.9482E-06   0.75349
FLUX  245   209.50        1.430990E+15   1.4030E-06   1.9643E-06   0.71422
FLUX  246   210.50        1.424192E+15   1.3500E-06   1.9806E-06   0.68161
FLUX  247   211.50        1.417459E+15   1.3840E-06   1.9971E-06   0.69299
FLUX  248   212.50        1.410788E+15   1.4125E-06   2.0136E-06   0.70151
FLUX  249   213.50        1.404180E+15   1.1544E-06   2.0302E-06   0.56863
FLUX  250   214.50        1.397634E+15   1.3824E-06   2.0470E-06   0.67535
FLUX  251   215.50        1.391148E+15   1.4364E-06   2.0640E-06   0.69594
FLUX  252   216.50        1.384723E+15   1.2780E-06   2.0812E-06   0.61407
FLUX  253   217.50        1.378356E+15   1.3163E-06   2.0986E-06   0.62725
FLUX  254   218.50        1.372048E+15   1.3884E-06   2.1161E-06   0.65614
FLUX  255   219.50        1.365797E+15   1.5477E-06   2.1338E-06   0.72530
FLUX  256   220.50        1.359603E+15   1.4409E-06   2.1518E-06   0.66963
FLUX  257   221.50        1.353465E+15   1.2447E-06   2.1700E-06   0.57361
FLUX  258   222.50        1.347382E+15   1.2164E-06   2.1893E-06   0.55562
FLUX  259   223.50        1.341353E+15   1.5482E-06   2.2078E-06   0.70124
FLUX  260   224.50        1.335379E+15   1.4236E-06   2.2266E-06   0.63937
FLUX  261   225.50        1.329457E+15   1.2063E-06   2.2514E-06   0.53580
FLUX  262   226.50        1.323587E+15   1.2287E-06   2.2702E-06   0.54120
FLUX  263   227.50        1.317769E+15   1.4362E-06   2.2893E-06   0.62737
FLUX  264   228.50        1.312002E+15   1.5108E-06   2.3084E-06   0.65448
FLUX  265   229.50        1.306285E+15   1.3944E-06   2.3277E-06   0.59905
FLUX  266   230.50        1.300618E+15   1.4773E-06   2.3471E-06   0.62940
FLUX  267   231.50        1.295000E+15   1.3948E-06   2.3667E-06   0.58932
FLUX  268   232.50        1.289430E+15   1.3300E-06   2.3866E-06   0.55727
FLUX  269   233.50        1.283908E+15   9.3877E-07   2.4079E-06   0.38987
FLUX  270   234.50        1.278433E+15   7.1610E-07   2.4279E-06   0.29494
FLUX  271   235.50        1.273004E+15   1.2193E-06   2.4482E-06   0.49804
FLUX  272   236.50        1.267622E+15   7.2352E-07   2.4686E-06   0.29310
FLUX  273   237.50        1.262284E+15   9.9643E-07   2.4892E-06   0.40031
FLUX  274   238.50        1.256992E+15   5.6174E-07   2.5100E-06   0.22380
FLUX  275   239.50        1.251743E+15   7.9965E-07   2.5310E-06   0.31595
FLUX  276   240.50        1.246538E+15   7.4885E-07   2.5521E-06   0.29343
FLUX  277   241.50        1.241377E+15   9.7283E-07   2.5733E-06   0.37805
FLUX  278   242.50        1.236258E+15   1.5354E-06   2.5947E-06   0.59174
FLUX  279   243.50        1.231181E+15   1.4742E-06   2.6163E-06   0.56347
FLUX  280   244.50        1.226145E+15   1.5871E-06   2.6400E-06   0.60119
FLUX  281   245.50        1.221151E+15   1.6289E-06   2.6618E-06   0.61194
FLUX  282   246.50        1.216197E+15   1.5504E-06   2.6838E-06   0.57769
FLUX  283   247.50        1.211283E+15   1.4999E-06   2.7059E-06   0.55431
FLUX  284   248.50        1.206408E+15   1.5140E-06   2.7282E-06   0.55496
FLUX  285   249.50        1.201573E+15   1.4789E-06   2.7506E-06   0.53765
FLUX  286   250.50        1.196776E+15   1.8595E-06   2.7747E-06   0.67016
FLUX  287   251.30        1.192967E+15   1.5173E-06   2.7929E-06   0.54327
FLUX  288   251.80        1.190598E+15   1.6280E-06   2.8660E-06   0.56802
FLUX  289   252.50        1.187297E+15   1.3804E-06   2.8825E-06   0.47888
FLUX  290   253.50        1.182613E+15   1.3287E-06   2.9063E-06   0.45719
FLUX  291   254.50        1.177967E+15   1.3777E-06   2.9303E-06   0.47018
FLUX  292   255.50        1.173356E+15   1.6503E-06   2.9544E-06   0.55859
FLUX  293   256.50        1.168782E+15   1.4156E-06   2.9787E-06   0.47523
FLUX  294   257.50        1.164243E+15   1.6428E-06   3.0031E-06   0.54703
FLUX  295   258.50        1.159739E+15   1.5160E-06   3.0276E-06   0.50074
FLUX  296   259.50        1.155270E+15   1.3479E-06   3.0523E-06   0.44160
FLUX  297   260.50        1.150835E+15   1.1926E-06   3.0772E-06   0.38757
FLUX  298   261.50        1.146434E+15   1.1285E-06   3.1021E-06   0.36379
FLUX  299   262.50        1.142067E+15   1.4414E-06   3.1272E-06   0.46094
FLUX  300   263.50        1.137732E+15   1.7584E-06   3.1528E-06   0.55772
FLUX  301   264.50        1.133431E+15   2.4567E-06   3.1781E-06   0.77300
FLUX  302   265.50        1.129162E+15   2.5275E-06   3.2036E-06   0.78897
FLUX  303   266.50        1.124925E+15   2.1208E-06   3.2292E-06   0.65675
FLUX  304   267.50        1.120720E+15   2.3250E-06   3.2549E-06   0.71429
FLUX  305   268.50        1.116546E+15   2.3412E-06   3.2808E-06   0.71361
FLUX  306   269.50        1.112403E+15   2.2481E-06   3.3067E-06   0.67985
FLUX  307   270.50        1.108290E+15   2.3836E-06   3.3333E-06   0.71507
FLUX  308   271.50        1.104208E+15   2.0884E-06   3.3595E-06   0.62166
FLUX  309   272.50        1.100156E+15   2.1434E-06   3.3857E-06   0.63308
FLUX  310   273.50        1.096133E+15   2.2501E-06   3.4121E-06   0.65945
FLUX  311   274.50        1.092140E+15   1.3907E-06   3.4386E-06   0.40443
FLUX  312   275.50        1.088176E+15   1.6581E-06   3.4653E-06   0.47851
FLUX  313   276.50        1.084240E+15   1.9699E-06   3.4920E-06   0.56411
FLUX  314   277.50        1.080333E+15   2.3367E-06   3.5188E-06   0.66407
FLUX  315   278.50        1.076454E+15   1.9238E-06   3.5457E-06   0.54257
FLUX  316   279.50        1.072603E+15   7.0296E-07   3.5728E-06   0.19675
FLUX  317   280.50        1.068779E+15   9.3030E-07   3.5999E-06   0.25842
FLUX  318   281.50        1.064982E+15   2.3192E-06   3.6272E-06   0.63939
FLUX  319   282.50        1.061212E+15   2.7882E-06   3.6545E-06   0.76295
FLUX  320   283.50        1.057469E+15   2.6980E-06   3.6820E-06   0.73277
FLUX  321   284.50        1.053752E+15   2.6612E-06   3.7095E-06   0.71740
FLUX  322   285.50        1.050061E+15   2.4169E-06   3.7372E-06   0.64672
FLUX  323   286.50        1.046396E+15   2.8323E-06   3.7649E-06   0.75229
FLUX  324   287.50        1.042757E+15   2.8061E-06   3.7927E-06   0.73987
FLUX  325   288.50        1.039142E+15   2.8834E-06   3.8206E-06   0.75470
FLUX  326   289.50        1.035553E+15   2.7880E-06   3.8486E-06   0.72443
FLUX  327   291.00        1.030215E+15   3.2364E-06   3.8911E-06   0.83174
FLUX  328   293.00        1.023183E+15   3.1137E-06   3.9476E-06   0.78876
FLUX  329   295.00        1.016246E+15   3.1161E-06   4.0044E-06   0.77818
FLUX  330   297.00        1.009402E+15   3.3629E-06   4.0614E-06   0.82802
FLUX  331   299.00        1.002650E+15   3.4304E-06   4.1187E-06   0.83289
FLUX  332   301.00        9.959884E+14   3.6186E-06   4.1763E-06   0.86647
FLUX  333   303.00        9.894142E+14   3.6487E-06   4.2342E-06   0.86173
FLUX  334   305.00        9.829262E+14   3.6767E-06   4.2923E-06   0.85658
FLUX  335   307.00        9.765228E+14   3.7306E-06   4.3506E-06   0.85749
FLUX  336   309.00        9.702023E+14   3.8968E-06   4.4094E-06   0.88375
FLUX  337   311.00        9.639630E+14   3.8567E-06   4.4681E-06   0.86316
FLUX  338   313.00        9.578035E+14   3.8694E-06   4.5270E-06   0.85473
FLUX  339   315.00        9.517222E+14   4.0497E-06   4.5861E-06   0.88303
FLUX  340   317.00        9.457177E+14   4.0901E-06   4.6456E-06   0.88044
FLUX  341   319.00        9.397884E+14   3.9043E-06   4.7051E-06   0.82979
FLUX  342   321.00        9.339330E+14   4.1395E-06   4.7648E-06   0.86876
FLUX  343   323.00        9.281501E+14   4.0237E-06   4.8248E-06   0.83396
FLUX  344   325.00        9.224385E+14   4.2714E-06   4.8847E-06   0.87445
FLUX  345   327.00        9.167966E+14   4.4285E-06   4.9447E-06   0.89560
FLUX  346   329.00        9.112234E+14   4.5040E-06   5.0048E-06   0.89992
FLUX  347   331.00        9.057175E+14   4.6410E-06   5.0650E-06   0.91630
FLUX  348   333.00        9.002778E+14   4.5981E-06   5.1251E-06   0.89716
FLUX  349   335.00        8.949030E+14   4.6141E-06   5.1854E-06   0.88982
FLUX  350   337.00        8.895920E+14   4.6094E-06   5.2456E-06   0.87871
FLUX  351   339.00        8.843436E+14   4.7583E-06   5.3060E-06   0.89678
FLUX  352   341.00        8.791569E+14   4.8877E-06   5.3663E-06   0.91081
FLUX  353   343.00        8.740306E+14   4.9970E-06   5.4266E-06   0.92084
FLUX  354   345.00        8.689638E+14   5.0480E-06   5.4869E-06   0.92001
FLUX  355   347.00        8.639553E+14   5.0426E-06   5.5471E-06   0.90904
FLUX  356   349.00        8.590043E+14   5.0812E-06   5.6073E-06   0.90617
FLUX  357   351.00        8.541097E+14   5.2627E-06   5.6675E-06   0.92857
FLUX  358   353.00        8.492705E+14   5.3346E-06   5.7276E-06   0.93138
FLUX  359   355.00        8.444859E+14   5.5202E-06   5.7877E-06   0.95379
FLUX  360   357.00        8.397549E+14   5.3759E-06   5.8476E-06   0.91933
FLUX  361   359.00        8.350766E+14   5.4568E-06   5.9075E-06   0.92371
FLUX  362   361.00        8.304501E+14   5.5413E-06   5.9675E-06   0.92858
FLUX  363   363.00        8.258746E+14   5.6501E-06   6.0270E-06   0.93746
FLUX  364   364.00        8.236058E+14   5.6078E-06   6.0570E-06   0.92584
FLUX  365   365.00        8.213493E+14   5.8335E-06   3.3820E-05   0.17249
FLUX  366   367.00        8.168733E+14   5.7942E-06   3.3713E-05   0.17187
FLUX  367   369.00        8.124458E+14   6.0407E-06   3.3612E-05   0.17972
FLUX  368   371.00        8.080660E+14   7.6621E-06   3.3506E-05   0.22868
FLUX  369   373.00        8.037332E+14   9.6342E-06   3.3399E-05   0.28845
FLUX  370   375.00        7.994467E+14   1.4189E-05   3.3294E-05   0.42617
FLUX  371   377.00        7.952056E+14   1.5542E-05   3.3202E-05   0.46809
FLUX  372   379.00        7.910092E+14   1.9675E-05   3.3098E-05   0.59445
FLUX  373   381.00        7.868569E+14   2.2897E-05   3.2993E-05   0.69401
FLUX  374   383.00        7.827480E+14   1.8101E-05   3.2889E-05   0.55039
FLUX  375   385.00        7.786818E+14   2.4980E-05   3.2786E-05   0.76191
FLUX  376   387.00        7.746576E+14   2.7548E-05   3.2683E-05   0.84290
FLUX  377   389.00        7.706748E+14   1.6795E-05   3.2580E-05   0.51551
FLUX  378   391.00        7.667327E+14   2.6977E-05   3.2478E-05   0.83063
FLUX  379   393.00        7.628308E+14   2.0040E-05   3.2376E-05   0.61898
FLUX  380   395.00        7.589683E+14   2.6520E-05   3.2274E-05   0.82170
FLUX  381   397.00        7.551448E+14   1.4680E-05   3.2173E-05   0.45630
FLUX  382   399.00        7.513596E+14   2.7454E-05   3.2072E-05   0.85601
FLUX  383   401.00        7.476122E+14   2.9035E-05   3.1973E-05   0.90812
FLUX  384   403.00        7.439020E+14   2.8836E-05   3.1873E-05   0.90471
FLUX  385   405.00        7.402284E+14   2.8784E-05   3.1773E-05   0.90593
FLUX  386   407.00        7.365909E+14   2.8383E-05   3.1674E-05   0.89608
FLUX  387   409.00        7.329890E+14   2.5080E-05   3.1576E-05   0.79428
FLUX  388   411.00        7.294221E+14   1.9472E-05   3.1478E-05   0.61859
FLUX  389   413.00        7.258898E+14   2.8204E-05   3.1382E-05   0.89873
FLUX  390   415.00        7.223916E+14   2.9144E-05   3.1286E-05   0.93154
FLUX  391   417.00        7.189269E+14   2.8747E-05   3.1192E-05   0.92163
FLUX  392   419.00        7.154952E+14   2.8772E-05   3.1097E-05   0.92524
FLUX  393   421.00        7.120962E+14   2.8769E-05   3.1003E-05   0.92794
FLUX  394   423.00        7.087293E+14   2.8387E-05   3.0909E-05   0.91839
FLUX  395   425.00        7.053941E+14   2.8648E-05   3.0816E-05   0.92965
FLUX  396   427.00        7.020902E+14   2.7899E-05   3.0724E-05   0.90806
FLUX  397   429.00        6.988170E+14   2.8401E-05   3.0631E-05   0.92717
FLUX  398   431.00        6.955742E+14   2.7196E-05   3.0540E-05   0.89052
FLUX  399   433.00        6.923614E+14   2.3148E-05   3.0449E-05   0.76022
FLUX  400   435.00        6.891782E+14   1.9841E-05   3.0358E-05   0.65355
FLUX  401   437.00        6.860240E+14   2.8005E-05   3.0268E-05   0.92521
FLUX  402   439.00        6.828986E+14   2.8050E-05   3.0179E-05   0.92945
FLUX  403   441.00        6.798016E+14   2.7708E-05   3.0090E-05   0.92084
FLUX  404   443.00        6.767325E+14   2.7597E-05   3.0001E-05   0.91988
FLUX  405   445.00        6.736910E+14   2.8119E-05   2.9913E-05   0.94004
FLUX  406   447.00        6.706767E+14   2.8109E-05   2.9825E-05   0.94245
FLUX  407   449.00        6.676893E+14   2.8025E-05   2.9738E-05   0.94241
FLUX  408   451.00        6.647284E+14   2.8666E-05   2.9651E-05   0.96675
FLUX  409   453.00        6.617936E+14   2.7889E-05   2.9565E-05   0.94331
FLUX  410   455.00        6.588846E+14   2.7675E-05   2.9480E-05   0.93878
FLUX  411   457.00        6.560011E+14   2.8475E-05   2.9395E-05   0.96870
FLUX  412   459.00        6.531427E+14   2.7667E-05   2.9310E-05   0.94395
FLUX  413   461.00        6.503091E+14   2.8384E-05   2.9226E-05   0.97119
FLUX  414   463.00        6.475000E+14   2.7836E-05   2.9142E-05   0.95517
FLUX  415   465.00        6.447150E+14   2.8167E-05   2.9059E-05   0.96931
FLUX  416   467.00        6.419540E+14   2.8166E-05   2.8976E-05   0.97203
FLUX  417   469.00        6.392164E+14   2.7484E-05   2.8894E-05   0.95117
FLUX  418   471.00        6.365021E+14   2.6874E-05   2.8813E-05   0.93270
FLUX  419   473.00        6.338108E+14   2.7902E-05   2.8732E-05   0.97113
FLUX  420   475.00        6.311421E+14   2.8060E-05   2.8651E-05   0.97936
FLUX  421   477.00        6.284958E+14   2.7718E-05   2.8571E-05   0.97015
FLUX  422   479.00        6.258716E+14   2.7731E-05   2.8491E-05   0.97330
FLUX  423   481.00        6.232692E+14   2.7512E-05   2.8412E-05   0.96831
FLUX  424   483.00        6.206884E+14   2.7133E-05   2.8333E-05   0.95767
FLUX  425   485.00        6.181289E+14   2.2850E-05   2.8262E-05   0.80853
FLUX  426   487.00        6.155903E+14   1.8385E-05   2.8183E-05   0.65235
FLUX  427   489.00        6.130726E+14   2.6482E-05   2.8106E-05   0.94221
FLUX  428   491.00        6.105753E+14   2.7056E-05   2.8028E-05   0.96532
FLUX  429   493.00        6.080984E+14   2.6747E-05   2.7952E-05   0.95689
FLUX  430   495.00        6.056414E+14   2.7175E-05   2.7875E-05   0.97487
FLUX  431   497.00        6.032042E+14   2.7393E-05   2.7799E-05   0.98540
FLUX  432   499.00        6.007866E+14   2.6694E-05   2.7724E-05   0.96287
FLUX  433   501.00        5.983882E+14   2.5991E-05   2.7649E-05   0.94006
FLUX  434   503.00        5.960089E+14   2.6603E-05   2.7574E-05   0.96481
FLUX  435   505.00        5.936485E+14   2.6381E-05   2.7500E-05   0.95933
FLUX  436   507.00        5.913067E+14   2.6815E-05   2.7426E-05   0.97772
FLUX  437   509.00        5.889833E+14   2.6667E-05   2.7352E-05   0.97496
FLUX  438   511.00        5.866781E+14   2.6670E-05   2.7279E-05   0.97767
FLUX  439   513.00        5.843908E+14   2.6323E-05   2.7207E-05   0.96753
FLUX  440   515.00        5.821214E+14   2.6034E-05   2.7134E-05   0.95946
FLUX  441   517.00        5.798694E+14   2.5721E-05   2.7062E-05   0.95043
FLUX  442   519.00        5.776349E+14   2.5716E-05   2.6991E-05   0.95278
FLUX  443   521.00        5.754175E+14   2.5848E-05   2.6919E-05   0.96019
FLUX  444   523.00        5.732170E+14   2.5756E-05   2.6848E-05   0.95930
FLUX  445   525.00        5.710333E+14   2.6083E-05   2.6778E-05   0.97406
FLUX  446   527.00        5.688662E+14   2.5097E-05   2.6708E-05   0.93969
FLUX  447   529.00        5.667155E+14   2.5913E-05   2.6638E-05   0.97278
FLUX  448   531.00        5.645810E+14   2.5596E-05   2.6568E-05   0.96339
FLUX  449   533.00        5.624625E+14   2.5240E-05   2.6499E-05   0.95250
FLUX  450   535.00        5.603598E+14   2.5795E-05   2.6430E-05   0.97595
FLUX  451   537.00        5.582728E+14   2.5754E-05   2.6363E-05   0.97692
FLUX  452   539.00        5.562013E+14   2.5543E-05   2.6297E-05   0.97130
FLUX  453   541.00        5.541451E+14   2.5297E-05   2.6230E-05   0.96444
FLUX  454   543.00        5.521040E+14   2.5407E-05   2.6162E-05   0.97112
FLUX  455   545.00        5.500780E+14   2.5636E-05   2.6095E-05   0.98238
FLUX  456   547.00        5.480667E+14   2.5485E-05   2.6029E-05   0.97912
FLUX  457   549.00        5.460701E+14   2.5473E-05   2.5962E-05   0.98117
FLUX  458   551.00        5.440880E+14   2.5367E-05   2.5896E-05   0.97955
FLUX  459   553.00        5.421202E+14   2.5313E-05   2.5831E-05   0.97995
FLUX  460   555.00        5.401667E+14   2.5401E-05   2.5765E-05   0.98586
FLUX  461   557.00        5.382271E+14   2.5245E-05   2.5700E-05   0.98229
FLUX  462   559.00        5.363014E+14   2.5173E-05   2.5635E-05   0.98195
FLUX  463   561.00        5.343895E+14   2.5217E-05   2.5570E-05   0.98618
FLUX  464   563.00        5.324911E+14   2.5242E-05   2.5509E-05   0.98954
FLUX  465   565.00        5.306062E+14   2.5048E-05   2.5445E-05   0.98438
FLUX  466   567.00        5.287346E+14   2.4896E-05   2.5381E-05   0.98086
FLUX  467   569.00        5.268761E+14   2.5023E-05   2.5318E-05   0.98835
FLUX  468   571.00        5.250306E+14   2.4973E-05   2.5255E-05   0.98886
FLUX  469   573.00        5.231981E+14   2.5113E-05   2.5192E-05   0.99686
FLUX  470   575.00        5.213783E+14   2.4921E-05   2.5129E-05   0.99172
FLUX  471   577.00        5.195711E+14   2.4919E-05   2.5067E-05   0.99413
FLUX  472   579.00        5.177763E+14   2.4785E-05   2.5004E-05   0.99124
FLUX  473   581.00        5.159940E+14   2.4774E-05   2.4943E-05   0.99324
FLUX  474   583.00        5.142238E+14   2.4741E-05   2.4881E-05   0.99438
FLUX  475   585.00        5.124658E+14   2.4682E-05   2.4820E-05   0.99444
FLUX  476   587.00        5.107198E+14   2.4640E-05   2.4759E-05   0.99520
FLUX  477   589.00        5.089856E+14   2.4276E-05   2.4698E-05   0.98291
FLUX  478   591.00        5.072631E+14   2.4494E-05   2.4637E-05   0.99421
FLUX  479   593.00        5.055523E+14   2.4438E-05   2.4577E-05   0.99436
FLUX  480   595.00        5.038529E+14   2.4348E-05   2.4518E-05   0.99306
FLUX  481   597.00        5.021650E+14   2.4350E-05   2.4458E-05   0.99558
FLUX  482   599.00        5.004883E+14   2.4180E-05   2.4398E-05   0.99105
FLUX  483   601.00        4.988228E+14   2.4029E-05   2.4339E-05   0.98727
FLUX  484   603.00        4.971683E+14   2.4114E-05   2.4280E-05   0.99318
FLUX  485   605.00        4.955248E+14   2.4043E-05   2.4221E-05   0.99263
FLUX  486   607.00        4.938921E+14   2.4080E-05   2.4163E-05   0.99657
FLUX  487   609.00        4.922701E+14   2.3955E-05   2.4105E-05   0.99377
FLUX  488   611.00        4.906588E+14   2.3823E-05   2.4047E-05   0.99071
FLUX  489   613.00        4.890579E+14   2.3644E-05   2.3989E-05   0.98562
FLUX  490   615.00        4.874675E+14   2.3361E-05   2.3932E-05   0.97614
FLUX  491   617.00        4.858874E+14   2.3501E-05   2.3875E-05   0.98435
FLUX  492   619.00        4.843174E+14   2.3695E-05   2.3818E-05   0.99487
FLUX  493   621.00        4.827576E+14   2.3655E-05   2.3761E-05   0.99556
FLUX  494   623.00        4.812079E+14   2.3479E-05   2.3704E-05   0.99051
FLUX  495   625.00        4.796680E+14   2.3047E-05   2.3648E-05   0.97458
FLUX  496   627.00        4.781380E+14   2.3517E-05   2.3597E-05   0.99663
FLUX  497   629.00        4.766176E+14   2.3461E-05   2.3541E-05   0.99660
FLUX  498   631.00        4.751070E+14   2.3205E-05   2.3485E-05   0.98806
FLUX  499   633.00        4.736058E+14   2.3260E-05   2.3430E-05   0.99278
FLUX  500   635.00        4.721142E+14   2.3056E-05   2.3375E-05   0.98635
FLUX  501   637.00        4.706319E+14   2.3045E-05   2.3319E-05   0.98825
FLUX  502   639.00        4.691588E+14   2.3108E-05   2.3264E-05   0.99327
FLUX  503   641.00        4.676950E+14   2.2924E-05   2.3210E-05   0.98770
FLUX  504   643.00        4.662403E+14   2.2968E-05   2.3155E-05   0.99192
FLUX  505   645.00        4.647946E+14   2.2687E-05   2.3101E-05   0.98211
FLUX  506   647.00        4.633578E+14   2.2887E-05   2.3046E-05   0.99310
FLUX  507   649.00        4.619299E+14   2.2579E-05   2.2992E-05   0.98201
FLUX  508   651.00        4.605107E+14   2.2616E-05   2.2939E-05   0.98593
FLUX  509   653.00        4.591003E+14   2.2417E-05   2.2886E-05   0.97955
FLUX  510   655.00        4.576985E+14   2.0327E-05   2.2835E-05   0.89015
FLUX  511   657.00        4.563052E+14   1.6158E-05   2.2782E-05   0.70927
FLUX  512   659.00        4.549203E+14   2.1836E-05   2.2729E-05   0.96071
FLUX  513   661.00        4.535439E+14   2.2352E-05   2.2676E-05   0.98574
FLUX  514   663.00        4.521757E+14   2.2468E-05   2.2623E-05   0.99316
FLUX  515   665.00        4.508158E+14   2.2441E-05   2.2570E-05   0.99428
FLUX  516   667.00        4.494640E+14   2.2364E-05   2.2518E-05   0.99319
FLUX  517   669.00        4.481203E+14   2.2375E-05   2.2466E-05   0.99599
FLUX  518   671.00        4.467846E+14   2.2323E-05   2.2413E-05   0.99595
FLUX  519   673.00        4.454569E+14   2.2252E-05   2.2361E-05   0.99510
FLUX  520   675.00        4.441370E+14   2.2141E-05   2.2310E-05   0.99246
FLUX  521   677.00        4.428250E+14   2.2216E-05   2.2258E-05   0.99809
FLUX  522   679.00        4.415206E+14   2.2137E-05   2.2207E-05   0.99685
FLUX  523   681.00        4.402239E+14   2.2103E-05   2.2155E-05   0.99762
FLUX  524   683.00        4.389348E+14   2.1981E-05   2.2104E-05   0.99442
FLUX  525   685.00        4.376533E+14   2.1959E-05   2.2053E-05   0.99570
FLUX  526   687.00        4.363792E+14   2.1953E-05   2.2003E-05   0.99773
FLUX  527   689.00        4.351125E+14   2.1910E-05   2.1952E-05   0.99808
FLUX  528   691.00        4.338531E+14   2.1848E-05   2.1902E-05   0.99754
FLUX  529   693.00        4.326010E+14   2.1781E-05   2.1851E-05   0.99680
FLUX  530   695.00        4.313561E+14   2.1745E-05   2.1801E-05   0.99743
FLUX  531   697.00        4.301184E+14   2.1677E-05   2.1751E-05   0.99659
FLUX  532   699.00        4.288877E+14   2.1656E-05   2.1702E-05   0.99788
FLUX  533   701.00        4.276640E+14   2.1454E-05   2.1652E-05   0.99086
FLUX  534   703.00        4.264474E+14   2.1501E-05   2.1603E-05   0.99531
FLUX  535   705.00        4.252376E+14   2.1484E-05   2.1554E-05   0.99677
FLUX  536   707.00        4.240346E+14   2.1456E-05   2.1504E-05   0.99776
FLUX  537   709.00        4.228385E+14   2.1413E-05   2.1455E-05   0.99802
FLUX  538   711.00        4.216491E+14   2.0985E-05   2.1407E-05   0.98030
FLUX  539   713.00        4.204663E+14   2.1190E-05   2.1358E-05   0.99214
FLUX  540   715.00        4.192902E+14   2.1191E-05   2.1310E-05   0.99445
FLUX  541   717.00        4.181206E+14   2.1153E-05   2.1261E-05   0.99492
FLUX  542   719.00        4.169576E+14   2.1062E-05   2.1213E-05   0.99291
FLUX  543   721.00        4.158010E+14   2.1045E-05   2.1165E-05   0.99435
FLUX  544   723.00        4.146508E+14   2.0979E-05   2.1117E-05   0.99347
FLUX  545   725.00        4.135069E+14   2.0908E-05   2.1071E-05   0.99226
FLUX  546   727.00        4.123693E+14   2.0951E-05   2.1023E-05   0.99655
FLUX  547   729.00        4.112380E+14   2.0810E-05   2.0976E-05   0.99210
FLUX  548   731.00        4.101129E+14   2.0766E-05   2.0932E-05   0.99210
FLUX  549   733.00        4.089939E+14   2.0756E-05   2.0885E-05   0.99387
FLUX  550   735.00        4.078809E+14   2.0750E-05   2.0837E-05   0.99579
FLUX  551   737.00        4.067741E+14   2.0746E-05   2.0790E-05   0.99789
FLUX  552   739.00        4.056732E+14   2.0626E-05   2.0743E-05   0.99431
FLUX  553   741.00        4.045783E+14   2.0502E-05   2.0697E-05   0.99059
FLUX  554   743.00        4.034892E+14   2.0397E-05   2.0650E-05   0.98773
FLUX  555   745.00        4.024060E+14   2.0427E-05   2.0604E-05   0.99145
FLUX  556   747.00        4.013286E+14   2.0274E-05   2.0557E-05   0.98622
FLUX  557   749.00        4.002570E+14   2.0316E-05   2.0511E-05   0.99047
FLUX  558   751.00        3.991911E+14   2.0322E-05   2.0465E-05   0.99302
FLUX  559   753.00        3.981308E+14   2.0314E-05   2.0419E-05   0.99483
FLUX  560   755.00        3.970762E+14   2.0346E-05   2.0374E-05   0.99865
FLUX  561   757.00        3.960271E+14   2.0247E-05   2.0328E-05   0.99600
FLUX  562   759.00        3.949835E+14   2.0240E-05   2.0282E-05   0.99789
FLUX  563   761.00        3.939455E+14   2.0199E-05   2.0237E-05   0.99813
FLUX  564   763.00        3.929128E+14   2.0154E-05   2.0192E-05   0.99809
FLUX  565   765.00        3.918856E+14   2.0053E-05   2.0147E-05   0.99535
FLUX  566   767.00        3.908638E+14   1.9951E-05   2.0102E-05   0.99247
FLUX  567   769.00        3.898472E+14   1.9960E-05   2.0057E-05   0.99514
FLUX  568   771.00        3.888359E+14   1.9891E-05   2.0013E-05   0.99393
FLUX  569   773.00        3.878299E+14   1.9916E-05   1.9968E-05   0.99740
FLUX  570   775.00        3.868290E+14   1.9850E-05   1.9924E-05   0.99632
FLUX  571   777.00        3.858333E+14   1.9448E-05   1.9879E-05   0.97831
FLUX  572   779.00        3.848427E+14   1.9814E-05   1.9835E-05   0.99892
FLUX  573   781.00        3.838572E+14   1.9751E-05   1.9791E-05   0.99800
FLUX  574   783.00        3.828768E+14   1.9636E-05   1.9747E-05   0.99439
FLUX  575   785.00        3.819013E+14   1.9526E-05   1.9703E-05   0.99101
FLUX  576   787.00        3.809307E+14   1.9515E-05   1.9660E-05   0.99265
FLUX  577   789.00        3.799651E+14   1.9436E-05   1.9616E-05   0.99084
FLUX  578   791.00        3.790044E+14   1.9401E-05   1.9573E-05   0.99125
FLUX  579   793.00        3.780485E+14   1.9382E-05   1.9529E-05   0.99245
FLUX  580   795.00        3.770975E+14   1.9283E-05   1.9486E-05   0.98960
FLUX  581   797.00        3.761512E+14   1.9415E-05   1.9443E-05   0.99856
FLUX  582   799.00        3.752096E+14   1.9172E-05   1.9400E-05   0.98826
FLUX  583   801.00        3.742728E+14   1.9295E-05   1.9357E-05   0.99680
FLUX  584   803.00        3.733406E+14   1.9208E-05   1.9315E-05   0.99448
FLUX  585   805.00        3.724130E+14   1.9217E-05   1.9272E-05   0.99716
FLUX  586   807.00        3.714901E+14   1.9147E-05   1.9229E-05   0.99570
FLUX  587   809.00        3.705717E+14   1.9107E-05   1.9187E-05   0.99583
FLUX  588   811.00        3.696578E+14   1.9111E-05   1.9145E-05   0.99823
FLUX  589   813.00        3.687485E+14   1.9088E-05   1.9103E-05   0.99922
FLUX  590   815.00        3.678436E+14   1.9041E-05   1.9061E-05   0.99895
FLUX  591   817.00        3.669431E+14   1.9001E-05   1.9019E-05   0.99907
FLUX  592   819.00        3.660470E+14   1.8729E-05   1.8977E-05   0.98692
FLUX  593   821.00        3.651553E+14   1.8738E-05   2.3832E-05   0.78626
FLUX  594   823.00        3.642679E+14   1.8717E-05   2.3767E-05   0.78750
FLUX  595   825.00        3.633848E+14   1.8723E-05   2.3703E-05   0.78992
FLUX  596   827.00        3.625060E+14   1.8864E-05   2.3639E-05   0.79801
FLUX  597   829.00        3.616315E+14   1.8800E-05   2.3575E-05   0.79744
FLUX  598   831.00        3.607611E+14   1.8717E-05   2.3512E-05   0.79609
FLUX  599   833.00        3.598950E+14   1.8486E-05   2.3449E-05   0.78836
FLUX  600   835.00        3.590329E+14   1.8603E-05   2.3386E-05   0.79550
FLUX  601   837.00        3.581750E+14   1.8382E-05   2.3323E-05   0.78817
FLUX  602   839.00        3.573212E+14   1.8322E-05   2.3261E-05   0.78769
FLUX  603   841.00        3.564715E+14   1.8226E-05   2.3198E-05   0.78565
FLUX  604   843.00        3.556257E+14   1.8486E-05   2.3137E-05   0.79898
FLUX  605   845.00        3.547840E+14   1.8239E-05   2.3075E-05   0.79045
FLUX  606   847.00        3.539463E+14   1.7654E-05   2.3014E-05   0.76710
FLUX  607   849.00        3.531125E+14   1.9150E-05   2.2952E-05   0.83435
FLUX  608   851.00        3.522826E+14   1.7137E-05   2.2892E-05   0.74860
FLUX  609   853.00        3.514566E+14   1.9598E-05   2.2831E-05   0.85838
FLUX  610   855.00        3.506345E+14   1.6021E-05   2.2771E-05   0.70355
FLUX  611   857.00        3.498162E+14   2.0237E-05   2.2711E-05   0.89105
FLUX  612   859.00        3.490017E+14   1.8757E-05   2.2651E-05   0.82806
FLUX  613   861.00        3.481911E+14   1.8202E-05   2.2592E-05   0.80569
FLUX  614   863.00        3.473841E+14   2.0912E-05   2.2532E-05   0.92808
FLUX  615   865.00        3.465809E+14   2.0350E-05   2.2473E-05   0.90553
FLUX  616   867.00        3.457814E+14   1.5954E-05   2.2414E-05   0.71179
FLUX  617   869.00        3.449856E+14   2.0647E-05   2.2356E-05   0.92357
FLUX  618   871.00        3.441935E+14   2.1577E-05   2.2297E-05   0.96768
FLUX  619   873.00        3.434049E+14   2.1027E-05   2.2239E-05   0.94552
FLUX  620   875.00        3.426200E+14   1.6581E-05   2.2181E-05   0.74752
FLUX  621   877.00        3.418387E+14   2.0412E-05   2.2123E-05   0.92264
FLUX  622   879.00        3.410609E+14   2.1621E-05   2.2066E-05   0.97984
FLUX  623   881.00        3.402866E+14   2.1593E-05   2.2009E-05   0.98112
FLUX  624   883.00        3.395159E+14   2.1103E-05   2.1952E-05   0.96132
FLUX  625   885.00        3.387486E+14   1.9636E-05   2.1895E-05   0.89681
FLUX  626   887.00        3.379848E+14   1.6553E-05   2.1838E-05   0.75799
FLUX  627   889.00        3.372244E+14   2.0859E-05   2.1782E-05   0.95763
FLUX  628   891.00        3.364674E+14   2.1312E-05   2.1726E-05   0.98093
FLUX  629   893.00        3.357139E+14   2.1300E-05   2.1670E-05   0.98294
FLUX  630   895.00        3.349637E+14   2.1423E-05   2.1614E-05   0.99114
FLUX  631   897.00        3.342168E+14   2.1236E-05   2.1559E-05   0.98504
FLUX  632   899.00        3.334733E+14   2.0768E-05   2.1504E-05   0.96578
FLUX  633   901.00        3.327331E+14   1.6867E-05   2.1449E-05   0.78640
FLUX  634   903.00        3.319961E+14   1.8784E-05   2.1394E-05   0.87800
FLUX  635   905.00        3.312624E+14   2.0853E-05   2.1339E-05   0.97720
FLUX  636   907.00        3.305320E+14   2.0587E-05   2.1285E-05   0.96719
FLUX  637   909.00        3.298047E+14   2.0416E-05   2.1231E-05   0.96161
FLUX  638   911.00        3.290807E+14   2.0822E-05   2.1177E-05   0.98324
FLUX  639   913.00        3.283598E+14   2.0941E-05   2.1123E-05   0.99136
FLUX  640   915.00        3.276421E+14   2.0974E-05   2.1070E-05   0.99545
FLUX  641   917.00        3.269275E+14   2.0818E-05   2.1016E-05   0.99056
FLUX  642   919.00        3.262160E+14   2.0545E-05   2.0963E-05   0.98006
FLUX  643   921.00        3.255076E+14   1.9677E-05   2.0910E-05   0.94103
FLUX  644   923.00        3.248023E+14   1.5584E-05   2.0857E-05   0.74716
FLUX  645   925.00        3.241000E+14   1.9132E-05   2.0805E-05   0.91958
FLUX  646   927.00        3.234008E+14   1.9904E-05   2.0753E-05   0.95913
FLUX  647   929.00        3.227045E+14   2.0536E-05   2.0701E-05   0.99205
FLUX  648   931.00        3.220113E+14   2.0559E-05   2.0649E-05   0.99564
FLUX  649   933.00        3.213210E+14   2.0490E-05   2.0597E-05   0.99480
FLUX  650   935.00        3.206337E+14   2.0494E-05   2.0546E-05   0.99748
FLUX  651   937.00        3.199493E+14   2.0469E-05   2.0494E-05   0.99878
FLUX  652   939.00        3.192678E+14   2.0266E-05   2.0443E-05   0.99135
FLUX  653   941.00        3.185893E+14   1.9763E-05   2.0392E-05   0.96915
FLUX  654   943.00        3.179136E+14   2.0136E-05   2.0342E-05   0.98991
FLUX  655   945.00        3.172407E+14   2.0131E-05   2.0291E-05   0.99212
FLUX  656   947.00        3.165707E+14   2.0124E-05   2.0241E-05   0.99424
FLUX  657   949.00        3.159036E+14   2.0065E-05   2.0191E-05   0.99379
FLUX  658   951.00        3.152392E+14   1.9824E-05   2.0141E-05   0.98428
FLUX  659   953.00        3.145776E+14   1.8807E-05   2.0091E-05   0.93611
FLUX  660   955.00        3.139188E+14   1.5232E-05   2.0041E-05   0.76002
FLUX  661   957.00        3.132628E+14   1.8979E-05   1.9992E-05   0.94934
FLUX  662   959.00        3.126095E+14   1.9679E-05   1.9943E-05   0.98677
FLUX  663   961.00        3.119589E+14   1.9601E-05   1.9893E-05   0.98531
FLUX  664   963.00        3.113110E+14   1.9398E-05   1.9845E-05   0.97748
FLUX  665   965.00        3.106658E+14   1.9651E-05   1.9796E-05   0.99269
FLUX  666   967.00        3.100233E+14   1.9417E-05   1.9747E-05   0.98326
FLUX  667   969.00        3.093834E+14   1.9429E-05   1.9699E-05   0.98627
FLUX  668   971.00        3.087461E+14   1.9623E-05   1.9651E-05   0.99858
FLUX  669   973.00        3.081115E+14   1.9543E-05   1.9603E-05   0.99693
FLUX  670   975.00        3.074795E+14   1.9385E-05   1.9555E-05   0.99131
FLUX  671   977.00        3.068500E+14   1.9476E-05   1.9507E-05   0.99841
FLUX  672   979.00        3.062232E+14   1.9418E-05   1.9460E-05   0.99783
FLUX  673   981.00        3.055989E+14   1.9359E-05   1.9413E-05   0.99725
FLUX  674   983.00        3.049771E+14   1.9284E-05   1.9365E-05   0.99578
FLUX  675   985.00        3.043579E+14   1.9142E-05   1.9318E-05   0.99085
FLUX  676   987.00        3.037411E+14   1.9114E-05   1.9272E-05   0.99182
FLUX  677   989.00        3.031269E+14   1.9010E-05   1.9225E-05   0.98881
FLUX  678   991.00        3.025151E+14   1.9013E-05   1.9178E-05   0.99137
FLUX  679   993.00        3.019058E+14   1.9022E-05   1.9132E-05   0.99425
FLUX  680   995.00        3.012990E+14   1.8959E-05   1.9086E-05   0.99334
FLUX  681   997.00        3.006946E+14   1.8958E-05   1.9040E-05   0.99568
FLUX  682   999.00        3.000926E+14   1.8871E-05   1.8994E-05   0.99352
FLUX  683  1002.50        2.990449E+14   1.7784E-05   1.8914E-05   0.94025
FLUX  684  1007.50        2.975608E+14   1.7039E-05   1.8801E-05   0.90625
FLUX  685  1012.50        2.960914E+14   1.8395E-05   1.8689E-05   0.98424
FLUX  686  1017.50        2.946364E+14   1.8467E-05   1.8578E-05   0.99400
FLUX  687  1022.50        2.931956E+14   1.8424E-05   1.8468E-05   0.99763
FLUX  688  1027.50        2.917689E+14   1.8334E-05   1.8359E-05   0.99864
FLUX  689  1032.50        2.903559E+14   1.8170E-05   1.8251E-05   0.99561
FLUX  690  1037.50        2.889566E+14   1.8080E-05   1.8143E-05   0.99652
FLUX  691  1042.50        2.875707E+14   1.7975E-05   1.8037E-05   0.99658
FLUX  692  1047.50        2.861981E+14   1.7684E-05   1.7932E-05   0.98618
FLUX  693  1052.50        2.848385E+14   1.7650E-05   1.7827E-05   0.99007
FLUX  694  1057.50        2.834917E+14   1.7601E-05   1.7723E-05   0.99310
FLUX  695  1062.50        2.821576E+14   1.7514E-05   1.7621E-05   0.99394
FLUX  696  1067.50        2.808361E+14   1.7142E-05   1.7519E-05   0.97851
FLUX  697  1072.50        2.795268E+14   1.7219E-05   1.7418E-05   0.98861
FLUX  698  1077.50        2.782297E+14   1.7145E-05   1.7317E-05   0.99003
FLUX  699  1082.50        2.769446E+14   1.7052E-05   1.7218E-05   0.99038
FLUX  700  1087.50        2.756713E+14   1.6901E-05   1.7119E-05   0.98725
FLUX  701  1092.50        2.744096E+14   1.4974E-05   1.7021E-05   0.87973
FLUX  702  1097.50        2.731595E+14   1.6248E-05   1.6924E-05   0.96006
FLUX  703  1102.50        2.719206E+14   1.6750E-05   1.6828E-05   0.99539
FLUX  704  1107.50        2.706930E+14   1.6706E-05   1.6733E-05   0.99840
FLUX  705  1112.50        2.694764E+14   1.6570E-05   1.6638E-05   0.99593
FLUX  706  1117.50        2.682707E+14   1.6489E-05   1.6544E-05   0.99668
FLUX  707  1122.50        2.670757E+14   1.6422E-05   1.6451E-05   0.99827
FLUX  708  1127.50        2.658913E+14   1.6049E-05   1.6358E-05   0.98107
FLUX  709  1132.50        2.647174E+14   1.5986E-05   1.6267E-05   0.98275
FLUX  710  1137.50        2.635538E+14   1.6061E-05   1.6176E-05   0.99288
FLUX  711  1142.50        2.624004E+14   1.5894E-05   1.6086E-05   0.98810
FLUX  712  1147.50        2.612571E+14   1.5966E-05   1.5996E-05   0.99809
FLUX  713  1152.50        2.601236E+14   1.5889E-05   1.5907E-05   0.99886
FLUX  714  1157.50        2.590000E+14   1.5775E-05   1.5819E-05   0.99720
FLUX  715  1162.50        2.578860E+14   1.5518E-05   1.5732E-05   0.98639
FLUX  716  1167.50        2.567816E+14   1.5357E-05   1.5645E-05   0.98162
FLUX  717  1172.50        2.556866E+14   1.5533E-05   1.5559E-05   0.99832
FLUX  718  1177.50        2.546008E+14   1.5188E-05   1.5473E-05   0.98155
FLUX  719  1182.50        2.535243E+14   1.5233E-05   1.5389E-05   0.98986
FLUX  720  1187.50        2.524568E+14   1.5057E-05   1.5305E-05   0.98384
FLUX  721  1192.50        2.513983E+14   1.5217E-05   1.5221E-05   0.99972
FLUX  722  1197.50        2.503486E+14   1.5009E-05   1.5138E-05   0.99148
FLUX  723  1202.50        2.493077E+14   1.4996E-05   1.5056E-05   0.99599
FLUX  724  1207.50        2.482754E+14   1.4870E-05   1.4974E-05   0.99305
FLUX  725  1212.50        2.472515E+14   1.4804E-05   1.4893E-05   0.99401
FLUX  726  1217.50        2.462361E+14   1.4770E-05   1.4813E-05   0.99711
FLUX  727  1222.50        2.452290E+14   1.4665E-05   1.4733E-05   0.99536
FLUX  728  1227.50        2.442301E+14   1.4569E-05   1.4654E-05   0.99418
FLUX  729  1232.50        2.432393E+14   1.4501E-05   1.4575E-05   0.99493
FLUX  730  1237.50        2.422566E+14   1.4446E-05   1.4497E-05   0.99649
FLUX  731  1242.50        2.412817E+14   1.4404E-05   1.4420E-05   0.99888
FLUX  732  1247.50        2.403146E+14   1.4284E-05   1.4343E-05   0.99588
FLUX  733  1252.50        2.393553E+14   1.4208E-05   1.4267E-05   0.99589
FLUX  734  1257.50        2.384036E+14   1.4045E-05   1.4191E-05   0.98974
FLUX  735  1262.50        2.374594E+14   1.4033E-05   1.4116E-05   0.99413
FLUX  736  1267.50        2.365227E+14   1.4011E-05   1.4041E-05   0.99786
FLUX  737  1272.50        2.355933E+14   1.3934E-05   1.3967E-05   0.99765
FLUX  738  1277.50        2.346712E+14   1.3687E-05   1.3894E-05   0.98510
FLUX  739  1282.50        2.337563E+14   1.2141E-05   1.3821E-05   0.87844
FLUX  740  1287.50        2.328485E+14   1.3592E-05   1.3748E-05   0.98866
FLUX  741  1292.50        2.319478E+14   1.3626E-05   1.3677E-05   0.99633
FLUX  742  1297.50        2.310539E+14   1.3574E-05   1.3605E-05   0.99770
FLUX  743  1302.50        2.301670E+14   1.3517E-05   1.3534E-05   0.99871
FLUX  744  1307.50        2.292868E+14   1.3457E-05   1.3464E-05   0.99950
FLUX  745  1312.50        2.284133E+14   1.3371E-05   1.3394E-05   0.99826
FLUX  746  1317.50        2.275465E+14   1.3252E-05   1.3325E-05   0.99459
FLUX  747  1322.50        2.266862E+14   1.3242E-05   1.3256E-05   0.99896
FLUX  748  1327.50        2.258324E+14   1.3169E-05   1.3187E-05   0.99862
FLUX  749  1332.50        2.249850E+14   1.3110E-05   1.3119E-05   0.99928
FLUX  750  1337.50        2.241439E+14   1.3040E-05   1.3052E-05   0.99912
FLUX  751  1342.50        2.233091E+14   1.2967E-05   1.2985E-05   0.99863
FLUX  752  1347.50        2.224805E+14   1.2901E-05   1.2918E-05   0.99867
FLUX  753  1352.50        2.216580E+14   1.2799E-05   1.2852E-05   0.99587
FLUX  754  1357.50        2.208416E+14   1.2729E-05   1.2787E-05   0.99549
FLUX  755  1362.50        2.200312E+14   1.2699E-05   1.2721E-05   0.99824
FLUX  756  1367.50        2.192267E+14   1.2616E-05   1.2657E-05   0.99677
FLUX  757  1372.50        2.184280E+14   1.2454E-05   1.2593E-05   0.98898
FLUX  758  1377.50        2.176352E+14   1.2474E-05   1.2529E-05   0.99561
FLUX  759  1382.50        2.168481E+14   1.2426E-05   1.2465E-05   0.99687
FLUX  760  1387.50        2.160667E+14   1.2398E-05   1.2402E-05   0.99963
FLUX  761  1392.50        2.152908E+14   1.2281E-05   1.2340E-05   0.99525
FLUX  762  1397.50        2.145206E+14   1.2249E-05   1.2278E-05   0.99764
FLUX  763  1402.50        2.137558E+14   1.2195E-05   1.2216E-05   0.99823
FLUX  764  1407.50        2.129964E+14   1.2147E-05   1.2155E-05   0.99938
FLUX  765  1412.50        2.122425E+14   1.2067E-05   1.2094E-05   0.99776
FLUX  766  1417.50        2.114938E+14   1.2014E-05   1.2034E-05   0.99837
FLUX  767  1422.50        2.107504E+14   1.1945E-05   1.1974E-05   0.99763
FLUX  768  1427.50        2.100123E+14   1.1880E-05   1.1914E-05   0.99711
FLUX  769  1432.50        2.092792E+14   1.1834E-05   1.1855E-05   0.99819
FLUX  770  1437.50        2.085513E+14   1.1791E-05   1.1796E-05   0.99953
FLUX  771  1442.50        2.078284E+14   1.1531E-05   1.1738E-05   0.98237
FLUX  772  1447.50        2.071105E+14   1.1657E-05   1.1680E-05   0.99806
FLUX  773  1452.50        2.063976E+14   1.1497E-05   1.1622E-05   0.98921
FLUX  774  1457.00        2.057601E+14   1.1548E-05   1.1570E-05   0.99811
FLUX  775  1462.00        2.050564E+14   1.1458E-05   1.2347E-05   0.92800
FLUX  776  1467.50        2.042879E+14   1.1441E-05   1.2279E-05   0.93177
FLUX  777  1472.50        2.035942E+14   1.1362E-05   1.2217E-05   0.92997
FLUX  778  1477.50        2.029052E+14   1.1270E-05   1.2156E-05   0.92710
FLUX  779  1482.50        2.022209E+14   1.1247E-05   1.2095E-05   0.92991
FLUX  780  1487.50        2.015412E+14   1.1152E-05   1.2035E-05   0.92664
FLUX  781  1492.50        2.008660E+14   1.1189E-05   1.1975E-05   0.93437
FLUX  782  1497.50        2.001953E+14   1.1102E-05   1.1915E-05   0.93180
FLUX  783  1502.50        1.995291E+14   1.0997E-05   1.1856E-05   0.92760
FLUX  784  1507.50        1.988673E+14   1.0932E-05   1.1797E-05   0.92672
FLUX  785  1512.50        1.982099E+14   1.0911E-05   1.1738E-05   0.92954
FLUX  786  1517.50        1.975568E+14   1.0859E-05   1.1680E-05   0.92974
FLUX  787  1522.50        1.969080E+14   1.0893E-05   1.1622E-05   0.93728
FLUX  788  1527.50        1.962635E+14   1.0673E-05   1.1564E-05   0.92293
FLUX  789  1532.50        1.956232E+14   1.0625E-05   1.1507E-05   0.92337
FLUX  790  1537.50        1.949870E+14   1.0766E-05   1.1450E-05   0.94025
FLUX  791  1542.50        1.943549E+14   1.0366E-05   1.1394E-05   0.90979
FLUX  792  1547.50        1.937270E+14   1.0699E-05   1.1338E-05   0.94369
FLUX  793  1552.50        1.931031E+14   1.0715E-05   1.1282E-05   0.94975
FLUX  794  1557.50        1.924831E+14   1.0110E-05   1.1226E-05   0.90057
FLUX  795  1562.50        1.918672E+14   1.0797E-05   1.1171E-05   0.96652
FLUX  796  1567.50        1.912552E+14   1.0458E-05   1.1116E-05   0.94080
FLUX  797  1572.50        1.906471E+14   9.9901E-06   1.1061E-05   0.90316
FLUX  798  1577.50        1.900428E+14   1.0661E-05   1.1007E-05   0.96856
FLUX  799  1582.50        1.894423E+14   1.0667E-05   1.0953E-05   0.97391
FLUX  800  1587.50        1.888457E+14   9.5584E-06   1.0899E-05   0.87698
FLUX  801  1592.50        1.882527E+14   1.0474E-05   1.0846E-05   0.96571
FLUX  802  1597.50        1.876635E+14   1.0636E-05   1.0793E-05   0.98549
FLUX  803  1605.00        1.867866E+14   1.0439E-05   1.0714E-05   0.97441
FLUX  804  1615.00        1.856300E+14   9.8900E-06   1.0609E-05   0.93225
FLUX  805  1625.00        1.844877E+14   1.0458E-05   1.0505E-05   0.99554
FLUX  806  1635.00        1.833593E+14   1.0159E-05   1.0402E-05   0.97663
FLUX  807  1645.00        1.822447E+14   9.6070E-06   1.0299E-05   0.93280
FLUX  808  1655.00        1.811435E+14   1.0160E-05   1.0197E-05   0.99634
FLUX  809  1665.00        1.800556E+14   1.0072E-05   1.0097E-05   0.99756
FLUX  810  1675.00        1.789806E+14   9.7722E-06   9.9978E-06   0.97743
FLUX  811  1685.00        1.779184E+14   9.2492E-06   9.9003E-06   0.93423
FLUX  812  1695.00        1.768687E+14   9.7797E-06   9.8042E-06   0.99751
FLUX  813  1705.00        1.758314E+14   9.6547E-06   9.7094E-06   0.99437
FLUX  814  1715.00        1.748061E+14   9.5991E-06   9.6160E-06   0.99825
FLUX  815  1725.00        1.737928E+14   9.4383E-06   9.5239E-06   0.99101
FLUX  816  1735.00        1.727911E+14   8.6827E-06   9.4332E-06   0.92044
FLUX  817  1745.00        1.718009E+14   9.1924E-06   9.3438E-06   0.98380
FLUX  818  1755.00        1.708219E+14   9.1897E-06   9.2556E-06   0.99288
FLUX  819  1765.00        1.698541E+14   9.0994E-06   9.1687E-06   0.99244
FLUX  820  1775.00        1.688972E+14   9.0390E-06   9.0830E-06   0.99515
FLUX  821  1785.00        1.679510E+14   8.9440E-06   8.9986E-06   0.99394
FLUX  822  1795.00        1.670153E+14   8.9033E-06   8.9153E-06   0.99865
FLUX  823  1805.00        1.660900E+14   8.7644E-06   8.8332E-06   0.99221
FLUX  824  1815.00        1.651749E+14   8.1504E-06   8.7522E-06   0.93124
FLUX  825  1825.00        1.642699E+14   8.5238E-06   8.6723E-06   0.98288
FLUX  826  1835.00        1.633747E+14   8.5660E-06   8.5935E-06   0.99679
FLUX  827  1845.00        1.624892E+14   8.4950E-06   8.5158E-06   0.99756
FLUX  828  1855.00        1.616132E+14   8.3952E-06   8.4391E-06   0.99480
FLUX  829  1865.00        1.607466E+14   8.3152E-06   8.3635E-06   0.99422
FLUX  830  1875.00        1.598893E+14   7.6592E-06   8.2888E-06   0.92403
FLUX  831  1885.00        1.590411E+14   8.1381E-06   8.2152E-06   0.99061
FLUX  832  1895.00        1.582018E+14   8.0783E-06   8.1426E-06   0.99211
FLUX  833  1905.00        1.573714E+14   8.0647E-06   8.0709E-06   0.99923
FLUX  834  1915.00        1.565496E+14   7.9901E-06   8.0001E-06   0.99874
FLUX  835  1925.00        1.557364E+14   7.9160E-06   7.9303E-06   0.99820
FLUX  836  1935.00        1.549315E+14   7.8188E-06   7.8614E-06   0.99458
FLUX  837  1945.00        1.541350E+14   7.2363E-06   7.7934E-06   0.92852
FLUX  838  1955.00        1.533465E+14   7.6882E-06   7.7262E-06   0.99508
FLUX  839  1965.00        1.525662E+14   7.6500E-06   7.6599E-06   0.99870
FLUX  840  1975.00        1.517937E+14   7.5673E-06   7.5945E-06   0.99642
FLUX  841  1985.00        1.510290E+14   7.5205E-06   7.5299E-06   0.99875
FLUX  842  1995.00        1.502719E+14   7.4573E-06   7.4661E-06   0.99881
FLUX  843  2005.00        1.495224E+14   7.3982E-06   7.4032E-06   0.99933
FLUX  844  2015.00        1.487804E+14   7.3391E-06   7.3410E-06   0.99973
FLUX  845  2025.00        1.480457E+14   7.2716E-06   7.2796E-06   0.99890
FLUX  846  2035.00        1.473182E+14   7.2051E-06   7.2189E-06   0.99808
FLUX  847  2045.00        1.465978E+14   7.1576E-06   7.1590E-06   0.99980
FLUX  848  2055.00        1.458844E+14   7.0964E-06   7.0999E-06   0.99950
FLUX  849  2065.00        1.451780E+14   7.0282E-06   7.0415E-06   0.99811
FLUX  850  2075.00        1.444783E+14   6.9733E-06   6.9838E-06   0.99849
FLUX  851  2085.00        1.437854E+14   6.9198E-06   6.9268E-06   0.99899
FLUX  852  2095.00        1.430990E+14   6.8624E-06   6.8705E-06   0.99881
FLUX  853  2105.00        1.424192E+14   6.8041E-06   6.8149E-06   0.99841
FLUX  854  2115.00        1.417459E+14   6.7329E-06   6.7600E-06   0.99599
FLUX  855  2125.00        1.410788E+14   6.6822E-06   6.7058E-06   0.99648
FLUX  856  2135.00        1.404180E+14   6.6299E-06   6.6522E-06   0.99666
FLUX  857  2145.00        1.397634E+14   6.5942E-06   6.5992E-06   0.99924
FLUX  858  2155.00        1.391148E+14   6.5257E-06   6.5469E-06   0.99677
FLUX  859  2165.00        1.384723E+14   6.0590E-06   6.4952E-06   0.93285
FLUX  860  2175.00        1.378356E+14   6.3969E-06   6.4441E-06   0.99267
FLUX  861  2185.00        1.372048E+14   6.3849E-06   6.3936E-06   0.99864
FLUX  862  2195.00        1.365797E+14   6.3429E-06   6.3437E-06   0.99987
FLUX  863  2205.00        1.359603E+14   6.2806E-06   6.2944E-06   0.99782
FLUX  864  2215.00        1.353465E+14   6.2244E-06   6.2456E-06   0.99660
FLUX  865  2225.00        1.347382E+14   6.1961E-06   6.1974E-06   0.99978
FLUX  866  2235.00        1.341353E+14   6.1476E-06   6.1498E-06   0.99964
FLUX  867  2245.00        1.335379E+14   6.1014E-06   6.1027E-06   0.99978
FLUX  868  2255.00        1.329457E+14   6.0386E-06   6.0562E-06   0.99709
FLUX  869  2265.00        1.323587E+14   6.0044E-06   6.0102E-06   0.99904
FLUX  870  2275.00        1.317769E+14   5.9620E-06   5.9647E-06   0.99954
FLUX  871  2285.00        1.312002E+14   5.9166E-06   6.0704E-06   0.97466
FLUX  872  2295.00        1.306285E+14   5.8676E-06   6.0242E-06   0.97401
FLUX  873  2305.00        1.300618E+14   5.8335E-06   5.9784E-06   0.97575
FLUX  874  2315.00        1.295000E+14   5.7888E-06   5.9332E-06   0.97566
FLUX  875  2325.00        1.289430E+14   5.7504E-06   5.8885E-06   0.97655
FLUX  876  2335.00        1.283908E+14   5.7069E-06   5.8443E-06   0.97648
FLUX  877  2345.00        1.278433E+14   5.6662E-06   5.8007E-06   0.97681
FLUX  878  2355.00        1.273004E+14   5.6250E-06   5.7575E-06   0.97700
FLUX  879  2365.00        1.267622E+14   5.5834E-06   5.7148E-06   0.97701
FLUX  880  2375.00        1.262284E+14   5.5404E-06   5.6725E-06   0.97671
FLUX  881  2385.00        1.256992E+14   5.4986E-06   5.6308E-06   0.97653
FLUX  882  2395.00        1.251743E+14   5.4579E-06   5.5895E-06   0.97646
FLUX  883  2405.00        1.246538E+14   5.4107E-06   5.5486E-06   0.97516
FLUX  884  2415.00        1.241377E+14   5.3641E-06   5.5082E-06   0.97383
FLUX  885  2425.00        1.236258E+14   5.3545E-06   5.4682E-06   0.97920
FLUX  886  2435.00        1.231181E+14   5.2840E-06   5.4287E-06   0.97334
FLUX  887  2445.00        1.226145E+14   5.2376E-06   5.3896E-06   0.97179
FLUX  888  2455.00        1.221151E+14   5.2389E-06   5.3509E-06   0.97906
FLUX  889  2465.00        1.216197E+14   5.1727E-06   5.3127E-06   0.97365
FLUX  890  2475.00        1.211283E+14   5.1380E-06   5.2748E-06   0.97407
FLUX  891  2485.00        1.206408E+14   5.1529E-06   5.2374E-06   0.98387
FLUX  892  2495.00        1.201573E+14   4.9720E-06   5.2003E-06   0.95610
FLUX  893  2505.00        1.196776E+14   5.0973E-06   5.1637E-06   0.98715
FLUX  894  2515.00        1.192018E+14   5.0646E-06   5.1274E-06   0.98776
FLUX  895  2525.00        1.187297E+14   4.8418E-06   5.0915E-06   0.95095
FLUX  896  2535.00        1.182613E+14   4.9931E-06   5.0560E-06   0.98756
FLUX  897  2545.00        1.177967E+14   4.9762E-06   5.0208E-06   0.99111
FLUX  898  2555.00        1.173356E+14   4.9231E-06   4.9861E-06   0.98738
FLUX  899  2565.00        1.168782E+14   4.6664E-06   4.9516E-06   0.94239
FLUX  900  2575.00        1.164243E+14   4.8673E-06   4.9176E-06   0.98978
FLUX  901  2585.00        1.159739E+14   4.8421E-06   4.8838E-06   0.99146
FLUX  902  2595.00        1.155270E+14   4.8242E-06   4.8505E-06   0.99459
FLUX  903  2605.00        1.150835E+14   4.7498E-06   4.8174E-06   0.98597
FLUX  904  2615.00        1.146434E+14   4.4903E-06   4.7848E-06   0.93847
FLUX  905  2625.00        1.142067E+14   4.4060E-06   4.7524E-06   0.92712
FLUX  906  2635.00        1.137732E+14   4.6686E-06   4.7204E-06   0.98904
FLUX  907  2645.00        1.133431E+14   4.6725E-06   4.6887E-06   0.99656
FLUX  908  2655.00        1.129162E+14   4.6461E-06   4.6573E-06   0.99761
FLUX  909  2665.00        1.124925E+14   4.5845E-06   4.6262E-06   0.99100
FLUX  910  2675.00        1.120720E+14   4.2927E-06   4.5954E-06   0.93413
FLUX  911  2685.00        1.116546E+14   4.5330E-06   4.5650E-06   0.99300
FLUX  912  2695.00        1.112403E+14   4.5320E-06   4.5348E-06   0.99939
FLUX  913  2705.00        1.108290E+14   4.5003E-06   4.5049E-06   0.99898
FLUX  914  2715.00        1.104208E+14   4.4740E-06   4.4754E-06   0.99970
FLUX  915  2725.00        1.100156E+14   4.4445E-06   4.4461E-06   0.99963
FLUX  916  2735.00        1.096133E+14   4.4147E-06   4.4171E-06   0.99945
FLUX  917  2745.00        1.092140E+14   4.3779E-06   4.3884E-06   0.99762
FLUX  918  2755.00        1.088176E+14   4.1094E-06   4.3600E-06   0.94254
FLUX  919  2765.00        1.084240E+14   4.2497E-06   4.3318E-06   0.98104
FLUX  920  2775.00        1.080333E+14   4.2987E-06   4.3039E-06   0.99880
FLUX  921  2785.00        1.076454E+14   4.2748E-06   4.2763E-06   0.99965
FLUX  922  2795.00        1.072603E+14   4.2487E-06   4.2490E-06   0.99993
FLUX  923  2805.00        1.068779E+14   4.2213E-06   4.2219E-06   0.99986
FLUX  924  2815.00        1.064982E+14   4.1938E-06   4.1951E-06   0.99970
FLUX  925  2825.00        1.061212E+14   4.1672E-06   4.1685E-06   0.99968
FLUX  926  2835.00        1.057469E+14   4.1419E-06   4.1422E-06   0.99993
FLUX  927  2845.00        1.053752E+14   4.1116E-06   4.1162E-06   0.99888
FLUX  928  2855.00        1.050061E+14   4.0883E-06   4.0903E-06   0.99950
FLUX  929  2865.00        1.046396E+14   4.0207E-06   4.0648E-06   0.98917
FLUX  930  2875.00        1.042757E+14   3.7883E-06   4.0394E-06   0.93782
FLUX  931  2885.00        1.039142E+14   3.9993E-06   4.0143E-06   0.99627
FLUX  932  2895.00        1.035553E+14   3.9839E-06   3.9895E-06   0.99861
FLUX  933  2905.00        1.031988E+14   3.9643E-06   3.9648E-06   0.99986
FLUX  934  2915.00        1.028448E+14   3.9330E-06   3.9404E-06   0.99811
FLUX  935  2925.00        1.024932E+14   3.9135E-06   3.9163E-06   0.99931
FLUX  936  2935.00        1.021440E+14   3.8914E-06   3.8923E-06   0.99978
FLUX  937  2945.00        1.017971E+14   3.8674E-06   3.8686E-06   0.99970
FLUX  938  2955.00        1.014526E+14   3.8445E-06   3.8450E-06   0.99987
FLUX  939  2965.00        1.011105E+14   3.8213E-06   3.8217E-06   0.99989
FLUX  940  2975.00        1.007706E+14   3.7979E-06   3.7986E-06   0.99981
FLUX  941  2985.00        1.004330E+14   3.7753E-06   3.7757E-06   0.99990
FLUX  942  2995.00        1.000977E+14   3.7513E-06   3.7531E-06   0.99953
FLUX  943  3005.00        9.976456E+13   3.7286E-06   3.7306E-06   0.99946
FLUX  944  3015.00        9.943366E+13   3.7055E-06   3.7083E-06   0.99924
FLUX  945  3025.00        9.910496E+13   3.6788E-06   3.6862E-06   0.99799
FLUX  946  3035.00        9.877842E+13   3.4891E-06   3.6643E-06   0.95218
FLUX  947  3045.00        9.845402E+13   3.5549E-06   3.6426E-06   0.97590
FLUX  948  3055.00        9.813175E+13   3.6152E-06   3.6211E-06   0.99836
FLUX  949  3065.00        9.781158E+13   3.5978E-06   3.5998E-06   0.99944
FLUX  950  3075.00        9.749349E+13   3.5771E-06   3.5787E-06   0.99954
FLUX  951  3085.00        9.717747E+13   3.5500E-06   3.5578E-06   0.99782
FLUX  952  3095.00        9.686349E+13   3.5330E-06   3.5370E-06   0.99888
FLUX  953  3105.00        9.655153E+13   3.5119E-06   3.5164E-06   0.99871
FLUX  954  3115.00        9.624157E+13   3.4866E-06   3.4960E-06   0.99731
FLUX  955  3125.00        9.593360E+13   3.4704E-06   3.4758E-06   0.99844
FLUX  956  3135.00        9.562759E+13   3.4504E-06   3.4558E-06   0.99845
FLUX  957  3145.00        9.532353E+13   3.4295E-06   3.4359E-06   0.99815
FLUX  958  3155.00        9.502139E+13   3.4144E-06   3.4162E-06   0.99947
FLUX  959  3165.00        9.472117E+13   3.3960E-06   3.3967E-06   0.99981
FLUX  960  3175.00        9.442283E+13   3.3729E-06   3.3773E-06   0.99870
FLUX  961  3185.00        9.412637E+13   3.3576E-06   3.3581E-06   0.99984
FLUX  962  3195.00        9.383177E+13   3.3379E-06   3.3391E-06   0.99964
FLUX  963  3210.00        9.339330E+13   3.3095E-06   3.3108E-06   0.99960
FLUX  964  3230.00        9.281501E+13   3.2734E-06   3.2737E-06   0.99989
FLUX  965  3250.00        9.224385E+13   3.2367E-06   3.2372E-06   0.99983
FLUX  966  3270.00        9.167966E+13   3.1998E-06   3.2013E-06   0.99952
FLUX  967  3290.00        9.112234E+13   3.0476E-06   3.1988E-06   0.95273
FLUX  968  3310.00        9.057175E+13   3.0996E-06   3.1635E-06   0.97980
FLUX  969  3330.00        9.002778E+13   3.0824E-06   3.1288E-06   0.98516
FLUX  970  3350.00        8.949030E+13   3.0524E-06   3.0947E-06   0.98634
FLUX  971  3370.00        8.895920E+13   3.0151E-06   3.0611E-06   0.98497
FLUX  972  3390.00        8.843436E+13   2.9843E-06   3.0281E-06   0.98554
FLUX  973  3410.00        8.791569E+13   2.9536E-06   2.9956E-06   0.98598
FLUX  974  3430.00        8.740306E+13   2.9254E-06   2.9637E-06   0.98708
FLUX  975  3450.00        8.689638E+13   2.8978E-06   2.9322E-06   0.98827
FLUX  976  3470.00        8.639553E+13   2.8667E-06   2.9012E-06   0.98810
FLUX  977  3490.00        8.590043E+13   2.8374E-06   2.8708E-06   0.98838
FLUX  978  3510.00        8.541097E+13   2.8084E-06   2.8408E-06   0.98862
FLUX  979  3530.00        8.492705E+13   2.7795E-06   2.8113E-06   0.98870
FLUX  980  3550.00        8.444859E+13   2.7492E-06   2.7822E-06   0.98815
FLUX  981  3570.00        8.397549E+13   2.7179E-06   2.7536E-06   0.98706
FLUX  982  3590.00        8.350766E+13   2.7003E-06   2.7254E-06   0.99078
FLUX  983  3610.00        8.304501E+13   2.6603E-06   2.6977E-06   0.98613
FLUX  984  3630.00        8.258746E+13   2.6486E-06   2.6703E-06   0.99184
FLUX  985  3650.00        8.213493E+13   2.6031E-06   2.6434E-06   0.98475
FLUX  986  3670.00        8.168733E+13   2.5975E-06   2.6169E-06   0.99256
FLUX  987  3690.00        8.124458E+13   2.5409E-06   2.5908E-06   0.98073
FLUX  988  3710.00        8.080660E+13   2.5442E-06   2.5651E-06   0.99183
FLUX  989  3730.00        8.037332E+13   2.4848E-06   2.5398E-06   0.97835
FLUX  990  3750.00        7.994467E+13   2.4098E-06   2.5148E-06   0.95822
FLUX  991  3770.00        7.952056E+13   2.4728E-06   2.4902E-06   0.99301
FLUX  992  3790.00        7.910092E+13   2.4526E-06   2.4660E-06   0.99456
FLUX  993  3810.00        7.868569E+13   2.3984E-06   2.4421E-06   0.98209
FLUX  994  3830.00        7.827480E+13   2.3878E-06   2.4186E-06   0.98726
FLUX  995  3850.00        7.786818E+13   2.3860E-06   2.3954E-06   0.99610
FLUX  996  3870.00        7.746576E+13   2.3607E-06   2.3725E-06   0.99504
FLUX  997  3890.00        7.706748E+13   2.3361E-06   2.3499E-06   0.99411
FLUX  998  3910.00        7.667327E+13   2.2608E-06   2.3277E-06   0.97125
FLUX  999  3930.00        7.628308E+13   2.2985E-06   2.3058E-06   0.99684
FLUX 1000  3950.00        7.589683E+13   2.2805E-06   2.2842E-06   0.99839
FLUX 1001  3970.00        7.551448E+13   2.2608E-06   2.2629E-06   0.99907
FLUX 1002  3990.00        7.513596E+13   2.2351E-06   2.2419E-06   0.99696
FLUX 1003  4010.00        7.476122E+13   2.1894E-06   2.2212E-06   0.98569
FLUX 1004  4030.00        7.439020E+13   2.1503E-06   2.2008E-06   0.97706
FLUX 1005  4050.00        7.402284E+13   2.1101E-06   2.1806E-06   0.96767
FLUX 1006  4070.00        7.365909E+13   2.1562E-06   2.1608E-06   0.99788
FLUX 1007  4090.00        7.329890E+13   2.1375E-06   2.1412E-06   0.99828
FLUX 1008  4110.00        7.294221E+13   2.1214E-06   2.1218E-06   0.99978
FLUX 1009  4130.00        7.258898E+13   2.1023E-06   2.1028E-06   0.99977
FLUX 1010  4150.00        7.223916E+13   2.0803E-06   2.0839E-06   0.99823
FLUX 1011  4170.00        7.189269E+13   1.9958E-06   2.0654E-06   0.96632
FLUX 1012  4190.00        7.154952E+13   2.0420E-06   2.0471E-06   0.99754
FLUX 1013  4210.00        7.120962E+13   2.0256E-06   2.0290E-06   0.99834
FLUX 1014  4230.00        7.087293E+13   2.0110E-06   2.0112E-06   0.99990
FLUX 1015  4250.00        7.053941E+13   1.9931E-06   1.9936E-06   0.99979
FLUX 1016  4270.00        7.020902E+13   1.9761E-06   1.9762E-06   0.99993
FLUX 1017  4290.00        6.988170E+13   1.9590E-06   1.9590E-06   0.99997
FLUX 1018  4310.00        6.955742E+13   1.9419E-06   1.9421E-06   0.99988
FLUX 1019  4330.00        6.923614E+13   1.9248E-06   1.9254E-06   0.99970
FLUX 1020  4350.00        6.891782E+13   1.9084E-06   1.9089E-06   0.99969
FLUX 1021  4370.00        6.860240E+13   1.8353E-06   1.8927E-06   0.96967
FLUX 1022  4390.00        6.828986E+13   1.8656E-06   1.8766E-06   0.99413
FLUX 1023  4410.00        6.798016E+13   1.8592E-06   1.8607E-06   0.99920
FLUX 1024  4430.00        6.767325E+13   1.8444E-06   1.8451E-06   0.99964
FLUX 1025  4450.00        6.736910E+13   1.8287E-06   1.8296E-06   0.99954
FLUX 1026  4470.00        6.706767E+13   1.8172E-06   1.8229E-06   0.99684
FLUX 1027  4490.00        6.676893E+13   1.7984E-06   1.8078E-06   0.99482
FLUX 1028  4510.00        6.647284E+13   1.7841E-06   1.7927E-06   0.99516
FLUX 1029  4530.00        6.617936E+13   1.7691E-06   1.7779E-06   0.99505
FLUX 1030  4550.00        6.588846E+13   1.7549E-06   1.7633E-06   0.99522
FLUX 1031  4570.00        6.560011E+13   1.7399E-06   1.7488E-06   0.99490
FLUX 1032  4590.00        6.531427E+13   1.7255E-06   1.7346E-06   0.99478
FLUX 1033  4610.00        6.503091E+13   1.7121E-06   1.7204E-06   0.99516
FLUX 1034  4630.00        6.475000E+13   1.6965E-06   1.7065E-06   0.99415
FLUX 1035  4650.00        6.447150E+13   1.6290E-06   1.6927E-06   0.96234
FLUX 1036  4670.00        6.419540E+13   1.6134E-06   1.6791E-06   0.96083
FLUX 1037  4690.00        6.392164E+13   1.6532E-06   1.6657E-06   0.99252
FLUX 1038  4710.00        6.365021E+13   1.6443E-06   1.6524E-06   0.99512
FLUX 1039  4730.00        6.338108E+13   1.6321E-06   1.6393E-06   0.99561
FLUX 1040  4750.00        6.311421E+13   1.6184E-06   1.6263E-06   0.99512
FLUX 1041  4770.00        6.284958E+13   1.6061E-06   1.6135E-06   0.99539
FLUX 1042  4790.00        6.258716E+13   1.5939E-06   1.6008E-06   0.99569
FLUX 1043  4810.00        6.232692E+13   1.5814E-06   1.5883E-06   0.99566
FLUX 1044  4830.00        6.206884E+13   1.5695E-06   1.5760E-06   0.99593
FLUX 1045  4850.00        6.181289E+13   1.5567E-06   1.5637E-06   0.99551
FLUX 1046  4870.00        6.155903E+13   1.5455E-06   1.5517E-06   0.99605
FLUX 1047  4890.00        6.130726E+13   1.5328E-06   1.5397E-06   0.99552
FLUX 1048  4910.00        6.105753E+13   1.5216E-06   1.5279E-06   0.99586
FLUX 1049  4930.00        6.080984E+13   1.5088E-06   1.5162E-06   0.99511
FLUX 1050  4950.00        6.056414E+13   1.4996E-06   1.5047E-06   0.99658
FLUX 1051  4970.00        6.032042E+13   1.4848E-06   1.4933E-06   0.99430
FLUX 1052  4990.00        6.007866E+13   1.4770E-06   1.4820E-06   0.99662
FLUX 1053  5010.00        5.983882E+13   1.4657E-06   1.4709E-06   0.99648
FLUX 1054  5030.00        5.960089E+13   1.4503E-06   1.4599E-06   0.99345
FLUX 1055  5050.00        5.936485E+13   1.4447E-06   1.4490E-06   0.99708
FLUX 1056  5070.00        5.913067E+13   1.4340E-06   1.4382E-06   0.99707
FLUX 1057  5090.00        5.889833E+13   1.4159E-06   1.4275E-06   0.99186
FLUX 1058  5110.00        5.866781E+13   1.4094E-06   1.4170E-06   0.99466
FLUX 1059  5130.00        5.843908E+13   1.3567E-06   1.4066E-06   0.96458
FLUX 1060  5150.00        5.821214E+13   1.3902E-06   1.3962E-06   0.99565
FLUX 1061  5170.00        5.798694E+13   1.3722E-06   1.3861E-06   0.99003
FLUX 1062  5190.00        5.776349E+13   1.3724E-06   1.3760E-06   0.99738
FLUX 1063  5210.00        5.754175E+13   1.3644E-06   1.3660E-06   0.99882
FLUX 1064  5230.00        5.732170E+13   1.3546E-06   1.3561E-06   0.99886
FLUX 1065  5250.00        5.710333E+13   1.3406E-06   1.3464E-06   0.99575
FLUX 1066  5270.00        5.688662E+13   1.3217E-06   1.3367E-06   0.98880
FLUX 1067  5290.00        5.667155E+13   1.3257E-06   1.3272E-06   0.99890
FLUX 1068  5310.00        5.645810E+13   1.3175E-06   1.3177E-06   0.99987
FLUX 1069  5330.00        5.624625E+13   1.3082E-06   1.3084E-06   0.99987
FLUX 1070  5350.00        5.603598E+13   1.2985E-06   1.2991E-06   0.99954
FLUX 1071  5370.00        5.582728E+13   1.2767E-06   1.2900E-06   0.98974
FLUX 1072  5390.00        5.562013E+13   1.2694E-06   1.2809E-06   0.99099
FLUX 1073  5410.00        5.541451E+13   1.2717E-06   1.2719E-06   0.99977
FLUX 1074  5430.00        5.521040E+13   1.2626E-06   1.2631E-06   0.99964
FLUX 1075  5450.00        5.500780E+13   1.2540E-06   1.2543E-06   0.99976
FLUX 1076  5470.00        5.480667E+13   1.2450E-06   1.2456E-06   0.99952
FLUX 1077  5490.00        5.460701E+13   1.2368E-06   1.2370E-06   0.99982
FLUX 1078  5510.00        5.440880E+13   1.2240E-06   1.2285E-06   0.99635
FLUX 1079  5530.00        5.421202E+13   1.1964E-06   1.2201E-06   0.98060
FLUX 1080  5550.00        5.401667E+13   1.2108E-06   1.2118E-06   0.99922
FLUX 1081  5570.00        5.382271E+13   1.2030E-06   1.2035E-06   0.99959
FLUX 1082  5590.00        5.363014E+13   1.1940E-06   1.1953E-06   0.99889
FLUX 1083  5610.00        5.343895E+13   1.1868E-06   1.1873E-06   0.99964
FLUX 1084  5630.00        5.324911E+13   1.1790E-06   1.1793E-06   0.99982
FLUX 1085  5650.00        5.306062E+13   1.1712E-06   1.1713E-06   0.99990
FLUX 1086  5670.00        5.287346E+13   1.1633E-06   1.1635E-06   0.99981
FLUX 1087  5690.00        5.268761E+13   1.1543E-06   1.1557E-06   0.99880
FLUX 1088  5710.00        5.250306E+13   1.1193E-06   1.1480E-06   0.97498
FLUX 1089  5730.00        5.231981E+13   1.1380E-06   1.1404E-06   0.99789
FLUX 1090  5750.00        5.213783E+13   1.1328E-06   1.1329E-06   0.99992
FLUX 1091  5770.00        5.195711E+13   1.1253E-06   1.1254E-06   0.99991
FLUX 1092  5790.00        5.177763E+13   1.1178E-06   1.1181E-06   0.99974
FLUX 1093  5810.00        5.159940E+13   1.1107E-06   1.1108E-06   0.99993
FLUX 1094  5830.00        5.142238E+13   1.1028E-06   1.1035E-06   0.99934
FLUX 1095  5850.00        5.124658E+13   1.0957E-06   1.0990E-06   0.99700
FLUX 1096  5870.00        5.107198E+13   1.0883E-06   1.0919E-06   0.99674
FLUX 1097  5890.00        5.089856E+13   1.0785E-06   1.0848E-06   0.99414
FLUX 1098  5910.00        5.072631E+13   1.0396E-06   1.0778E-06   0.96451
FLUX 1099  5930.00        5.055523E+13   1.0653E-06   1.0709E-06   0.99478
FLUX 1100  5950.00        5.038529E+13   1.0334E-06   1.0641E-06   0.97117
FLUX 1101  5970.00        5.021650E+13   1.0470E-06   1.0573E-06   0.99027
FLUX 1102  5990.00        5.004883E+13   1.0472E-06   1.0505E-06   0.99686
FLUX 1103  6010.00        4.988228E+13   1.0410E-06   1.0439E-06   0.99727
FLUX 1104  6030.00        4.971683E+13   1.0347E-06   1.0373E-06   0.99752
FLUX 1105  6050.00        4.955248E+13   1.0283E-06   1.0307E-06   0.99759
FLUX 1106  6070.00        4.938921E+13   1.0218E-06   1.0243E-06   0.99754
FLUX 1107  6090.00        4.922701E+13   1.0153E-06   1.0179E-06   0.99750
FLUX 1108  6110.00        4.906588E+13   1.0086E-06   1.0115E-06   0.99716
FLUX 1109  6130.00        4.890579E+13   1.0029E-06   1.0052E-06   0.99773
FLUX 1110  6150.00        4.874675E+13   9.9671E-07   9.9897E-07   0.99773
FLUX 1111  6170.00        4.858874E+13   9.9059E-07   9.9279E-07   0.99778
FLUX 1112  6190.00        4.843174E+13   9.8438E-07   9.8667E-07   0.99768
FLUX 1113  6210.00        4.827576E+13   9.7846E-07   9.8061E-07   0.99781
FLUX 1114  6230.00        4.812079E+13   9.7202E-07   9.7460E-07   0.99735
FLUX 1115  6250.00        4.796680E+13   9.6621E-07   9.6864E-07   0.99749
FLUX 1116  6270.00        4.781380E+13   9.5874E-07   9.6275E-07   0.99584
FLUX 1117  6290.00        4.766176E+13   9.2505E-07   9.5690E-07   0.96672
FLUX 1118  6310.00        4.751070E+13   9.4579E-07   9.5111E-07   0.99441
FLUX 1119  6330.00        4.736058E+13   9.4285E-07   9.4537E-07   0.99734
FLUX 1120  6350.00        4.721142E+13   9.3735E-07   9.3968E-07   0.99752
FLUX 1121  6370.00        4.706319E+13   9.3301E-07   9.3404E-07   0.99890
FLUX 1122  6390.00        4.691588E+13   9.2686E-07   9.2845E-07   0.99829
FLUX 1123  6420.00        4.669665E+13   9.1936E-07   9.2017E-07   0.99912
FLUX 1124  6460.00        4.640751E+13   9.0816E-07   9.0929E-07   0.99876
FLUX 1125  6500.00        4.612192E+13   8.9697E-07   8.9860E-07   0.99819
FLUX 1126  6540.00        4.583983E+13   8.8750E-07   8.8810E-07   0.99933
FLUX 1127  6580.00        4.556117E+13   8.7650E-07   8.7778E-07   0.99854
FLUX 1128  6620.00        4.528588E+13   8.6632E-07   8.6764E-07   0.99848
FLUX 1129  6660.00        4.501389E+13   8.5674E-07   8.5767E-07   0.99891
FLUX 1130  6700.00        4.474515E+13   8.4699E-07   8.4787E-07   0.99896
FLUX 1131  6740.00        4.447960E+13   8.3515E-07   8.3824E-07   0.99631
FLUX 1132  6780.00        4.421718E+13   8.1308E-07   8.2878E-07   0.98106
FLUX 1133  6820.00        4.395784E+13   8.1674E-07   8.1947E-07   0.99667
FLUX 1134  6860.00        4.370153E+13   8.1000E-07   8.1032E-07   0.99961
FLUX 1135  6900.00        4.344819E+13   8.0082E-07   8.0132E-07   0.99937
FLUX 1136  6940.00        4.319777E+13   7.8933E-07   7.9247E-07   0.99605
FLUX 1137  6980.00        4.295021E+13   7.8318E-07   7.8376E-07   0.99926
FLUX 1138  7020.00        4.270548E+13   7.7486E-07   7.7520E-07   0.99956
FLUX 1139  7060.00        4.246353E+13   7.6618E-07   7.6677E-07   0.99923
FLUX 1140  7100.00        4.222430E+13   7.5505E-07   7.5849E-07   0.99546
FLUX 1141  7140.00        4.198774E+13   7.5004E-07   7.5033E-07   0.99961
FLUX 1142  7180.00        4.175383E+13   7.4203E-07   7.4231E-07   0.99963
FLUX 1143  7220.00        4.152251E+13   7.3370E-07   7.3441E-07   0.99903
FLUX 1144  7260.00        4.129373E+13   7.2234E-07   7.2664E-07   0.99408
FLUX 1145  7300.00        4.106747E+13   7.1835E-07   7.1899E-07   0.99910
FLUX 1146  7340.00        4.084366E+13   7.1124E-07   7.1147E-07   0.99968
FLUX 1147  7380.00        4.062229E+13   7.0341E-07   7.0405E-07   0.99908
FLUX 1148  7420.00        4.040330E+13   6.9484E-07   6.9678E-07   0.99722
FLUX 1149  7460.00        4.018666E+13   6.7539E-07   6.8962E-07   0.97936
FLUX 1150  7500.00        3.997233E+13   6.5879E-07   6.8257E-07   0.96516
FLUX 1151  7540.00        3.976028E+13   6.7308E-07   6.7563E-07   0.99624
FLUX 1152  7580.00        3.955046E+13   6.6809E-07   6.6879E-07   0.99896
FLUX 1153  7620.00        3.934285E+13   6.6186E-07   6.6205E-07   0.99971
FLUX 1154  7660.00        3.913740E+13   6.5521E-07   6.5541E-07   0.99969
FLUX 1155  7700.00        3.893409E+13   6.4871E-07   6.4887E-07   0.99975
FLUX 1156  7740.00        3.873288E+13   6.4184E-07   6.4243E-07   0.99908
FLUX 1157  7780.00        3.853374E+13   6.2859E-07   6.3609E-07   0.98822
FLUX 1158  7820.00        3.833664E+13   6.2928E-07   6.2983E-07   0.99913
FLUX 1159  7860.00        3.814154E+13   6.2361E-07   6.2367E-07   0.99990
FLUX 1160  7900.00        3.794842E+13   6.1758E-07   6.1760E-07   0.99997
FLUX 1161  7940.00        3.775724E+13   6.1155E-07   6.1162E-07   0.99989
FLUX 1162  7980.00        3.756798E+13   6.0563E-07   6.0572E-07   0.99986
FLUX 1163  8020.00        3.738061E+13   5.9975E-07   5.9990E-07   0.99975
FLUX 1164  8060.00        3.719510E+13   5.9403E-07   5.9417E-07   0.99976
FLUX 1165  8100.00        3.701142E+13   5.8846E-07   5.8852E-07   0.99989
FLUX 1166  8140.00        3.682955E+13   5.7560E-07   5.8296E-07   0.98738
FLUX 1167  8180.00        3.664945E+13   5.7548E-07   5.7746E-07   0.99656
FLUX 1168  8220.00        3.647111E+13   5.7199E-07   5.7205E-07   0.99989
FLUX 1169  8260.00        3.629449E+13   5.6666E-07   5.6671E-07   0.99991
FLUX 1170  8300.00        3.611958E+13   5.6137E-07   5.6145E-07   0.99986
FLUX 1171  8340.00        3.594634E+13   5.5599E-07   5.5626E-07   0.99953
FLUX 1172  8380.00        3.577476E+13   5.5076E-07   5.5114E-07   0.99932
FLUX 1173  8420.00        3.560481E+13   5.4585E-07   5.4609E-07   0.99956
FLUX 1174  8460.00        3.543647E+13   5.4103E-07   5.4111E-07   0.99986
FLUX 1175  8500.00        3.526971E+13   5.3614E-07   5.3619E-07   0.99990
FLUX 1176  8540.00        3.510451E+13   5.3127E-07   5.3135E-07   0.99986
FLUX 1177  8580.00        3.494085E+13   5.2631E-07   5.2657E-07   0.99952
FLUX 1178  8620.00        3.477871E+13   5.2158E-07   5.2185E-07   0.99949
FLUX 1179  8660.00        3.461807E+13   5.0829E-07   5.1719E-07   0.98279
FLUX 1180  8700.00        3.445891E+13   5.1187E-07   5.1260E-07   0.99857
FLUX 1181  8740.00        3.430120E+13   5.0251E-07   5.0807E-07   0.98907
FLUX 1182  8780.00        3.414493E+13   4.9851E-07   5.0360E-07   0.98990
FLUX 1183  8820.00        3.399008E+13   4.9906E-07   4.9918E-07   0.99975
FLUX 1184  8860.00        3.383662E+13   4.9413E-07   4.9483E-07   0.99859
FLUX 1185  8900.00        3.368455E+13   4.9044E-07   4.9053E-07   0.99983
FLUX 1186  8940.00        3.353384E+13   4.8624E-07   4.8628E-07   0.99992
FLUX 1187  8980.00        3.338447E+13   4.8198E-07   4.8209E-07   0.99977
FLUX 1188  9020.00        3.323642E+13   4.7774E-07   4.7796E-07   0.99955
FLUX 1189  9060.00        3.308968E+13   4.7310E-07   4.7387E-07   0.99838
FLUX 1190  9100.00        3.294423E+13   4.6972E-07   4.6984E-07   0.99975
FLUX 1191  9140.00        3.280005E+13   4.6579E-07   4.6586E-07   0.99985
FLUX 1192  9180.00        3.265713E+13   4.6188E-07   4.6193E-07   0.99990
FLUX 1193  9220.00        3.251546E+13   4.5799E-07   4.5805E-07   0.99988
FLUX 1194  9260.00        3.237500E+13   4.5250E-07   4.5422E-07   0.99621
FLUX 1195  9300.00        3.223575E+13   4.5038E-07   4.5043E-07   0.99989
FLUX 1196  9340.00        3.209770E+13   4.4660E-07   4.4669E-07   0.99979
FLUX 1197  9380.00        3.196082E+13   4.3515E-07   4.4300E-07   0.98229
FLUX 1198  9420.00        3.182511E+13   4.3800E-07   4.3935E-07   0.99692
FLUX 1199  9460.00        3.169054E+13   4.3570E-07   4.3575E-07   0.99988
FLUX 1200  9500.00        3.155710E+13   4.3123E-07   4.3219E-07   0.99778
FLUX 1201  9540.00        3.142479E+13   4.2733E-07   4.2868E-07   0.99686
FLUX 1202  9580.00        3.129358E+13   4.2519E-07   4.2521E-07   0.99997
FLUX 1203  9620.00        3.116346E+13   4.2172E-07   4.2177E-07   0.99986
FLUX 1204  9660.00        3.103442E+13   4.1837E-07   4.1839E-07   0.99997
FLUX 1205  9700.00        3.090644E+13   4.1503E-07   4.1504E-07   0.99997
FLUX 1206  9740.00        3.077952E+13   4.1166E-07   4.1173E-07   0.99983
FLUX 1207  9780.00        3.065363E+13   4.0841E-07   4.0846E-07   0.99989
FLUX 1208  9820.00        3.052877E+13   4.0467E-07   4.0523E-07   0.99862
FLUX 1209  9860.00        3.040492E+13   3.9988E-07   4.0203E-07   0.99464
FLUX 1210  9900.00        3.028207E+13   3.9887E-07   3.9888E-07   0.99997
FLUX 1211  9940.00        3.016021E+13   3.9572E-07   3.9576E-07   0.99991
FLUX 1212  9980.00        3.003933E+13   3.9262E-07   3.9268E-07   0.99984
FLUX 1213 10020.00        2.991941E+13   3.8957E-07   3.8963E-07   0.99984
FLUX 1214 20000.00        1.498962E+13   9.9879E-08   9.9881E-08   0.99998
FLUX 1215 40000.00        7.494812E+12   2.4928E-08   2.4928E-08   0.99999
FLUX 1216 60000.00        4.996542E+12   1.0994E-08   1.0994E-08   1.00000
FLUX 1217 80000.00        3.747406E+12   6.1380E-09   6.1381E-09   1.00000
FLUX 1218100000.00        2.997925E+12   3.9022E-09   3.9022E-09   1.00000
FLUX 1219120000.00        2.498271E+12   2.6941E-09   2.6941E-09   1.00000
FLUX 1220140000.00        2.141375E+12   1.9691E-09   1.9691E-09   1.00000
FLUX 1221160000.00        1.873703E+12   1.5007E-09   1.5007E-09   1.00000
FLUX
