TEFF   5250.  GRAVITY 4.50000 LTE 
TITLE  [ 0.0] VTURB=0  L/H=1.25 NOVER NEW ODF                                   
FLUX    1     9.09        3.298047E+16   2.5000E-39   2.5000E-39   1.00000
FLUX    2     9.35        3.206337E+16   2.5000E-39   2.5000E-39   1.00000
FLUX    3     9.61        3.119589E+16   2.5000E-39   2.5000E-39   1.00000
FLUX    4     9.77        3.068500E+16   2.5000E-39   2.5000E-39   1.00000
FLUX    5     9.96        3.009965E+16   2.5000E-39   2.5000E-39   1.00000
FLUX    6    10.20        2.939142E+16   2.5000E-39   2.5000E-39   1.00000
FLUX    7    10.38        2.888174E+16   2.5000E-39   2.5000E-39   1.00000
FLUX    8    10.56        2.838944E+16   2.5000E-39   2.5000E-39   1.00000
FLUX    9    10.77        2.783589E+16   2.5000E-39   2.5000E-39   1.00000
FLUX   10    11.04        2.715512E+16   2.5000E-39   2.5000E-39   1.00000
FLUX   11    11.40        2.629759E+16   2.5000E-39   2.5000E-39   1.00000
FLUX   12    11.78        2.544928E+16   2.5000E-39   2.5000E-39   1.00000
FLUX   13    12.13        2.471496E+16   2.5000E-39   2.5000E-39   1.00000
FLUX   14    12.48        2.402184E+16   2.5000E-39   2.5000E-39   1.00000
FLUX   15    12.71        2.358714E+16   2.5000E-39   2.5000E-39   1.00000
FLUX   16    12.84        2.334833E+16   2.5000E-39   2.5000E-39   1.00000
FLUX   17    13.05        2.297260E+16   2.5000E-39   2.5000E-39   1.00000
FLUX   18    13.24        2.264294E+16   2.3156-140   2.3156-140   0.99998
FLUX   19    13.39        2.238928E+16   8.1402-139   8.1403-139   0.99998
FLUX   20    13.66        2.194674E+16   4.0461-136   4.0462-136   0.99998
FLUX   21    13.98        2.144439E+16   4.6430-133   4.6431-133   0.99998
FLUX   22    14.33        2.092062E+16   7.1594-130   7.1595-130   0.99998
FLUX   23    14.72        2.036634E+16   1.6869-126   1.6870-126   0.99998
FLUX   24    15.10        1.985381E+16   2.2067-123   2.2067-123   0.99998
FLUX   25    15.52        1.931653E+16   4.0655-120   4.0656-120   0.99998
FLUX   26    15.88        1.887862E+16   1.8561-117   1.8562-117   0.99998
FLUX   27    16.20        1.850571E+16   3.4068-115   3.4069-115   0.99998
FLUX   28    16.60        1.805979E+16   1.7298-112   1.7298-112   0.99998
FLUX   29    17.03        1.760379E+16   1.0074-109   1.0075-109   0.99998
FLUX   30    17.34        1.728907E+16   8.1376-108   8.1377-108   0.99998
FLUX   31    17.68        1.695659E+16   8.4053-106   8.4055-106   0.99998
FLUX   32    18.02        1.663665E+16   7.2730-104   7.2731-104   0.99998
FLUX   33    18.17        1.649931E+16   4.9314-103   4.9315-103   0.99998
FLUX   34    18.61        1.610921E+16   1.1307-100   1.1308-100   0.99998
FLUX   35    19.10        1.569594E+16   3.5655E-98   3.5656E-98   0.99998
FLUX   36    19.39        1.546119E+16   9.3290E-97   9.3292E-97   0.99998
FLUX   37    19.84        1.511051E+16   1.2211E-94   1.2212E-94   0.99998
FLUX   38    20.18        1.485592E+16   4.2029E-93   4.2030E-93   0.99998
FLUX   39    20.50        1.462402E+16   1.0551E-91   1.0552E-91   0.99998
FLUX   40    21.05        1.424192E+16   2.1207E-89   2.1208E-89   0.99998
FLUX   41    21.62        1.386644E+16   3.8739E-87   3.8740E-87   0.99998
FLUX   42    21.98        1.363933E+16   9.0216E-86   9.0218E-86   0.99998
FLUX   43    22.30        1.344361E+16   1.3554E-84   1.3554E-84   0.99998
FLUX   44    22.68        1.321836E+16   3.0634E-83   3.0634E-83   0.99998
FLUX   45    23.00        1.303446E+16   3.9063E-82   3.9064E-82   0.99998
FLUX   46    23.40        1.281165E+16   8.5017E-81   8.5018E-81   0.99998
FLUX   47    24.00        1.249135E+16   7.1001E-79   7.1002E-79   0.99998
FLUX   48    24.65        1.216197E+16   6.7014E-77   6.7015E-77   0.99998
FLUX   49    25.24        1.187767E+16   3.3833E-75   3.3833E-75   0.99998
FLUX   50    25.68        1.167416E+16   5.5937E-74   5.5938E-74   0.99998
FLUX   51    26.00        1.153048E+16   4.0497E-73   4.0498E-73   0.99998
FLUX   52    26.40        1.135578E+16   4.4901E-72   4.4901E-72   0.99998
FLUX   53    26.85        1.116546E+16   6.1539E-71   6.1540E-71   0.99998
FLUX   54    27.35        1.096133E+16   1.0174E-69   1.0175E-69   0.99998
FLUX   55    27.85        1.076454E+16   1.5202E-68   1.5203E-68   0.99998
FLUX   56    28.40        1.055607E+16   2.6588E-67   2.6589E-67   0.99998
FLUX   57    29.00        1.033767E+16   5.3134E-66   5.3135E-66   0.99998
FLUX   58    29.60        1.012812E+16   9.3659E-65   9.3660E-65   0.99998
FLUX   59    30.10        9.959883E+15   9.3734E-64   9.3744E-64   0.99990
FLUX   60    30.80        9.733523E+15   2.0726E-62   2.0726E-62   0.99998
FLUX   61    31.80        9.427437E+15   1.3555E-60   1.3556E-60   0.99998
FLUX   62    32.80        9.140015E+15   6.8306E-59   6.8308E-59   0.99998
FLUX   63    33.80        8.869601E+15   2.7116E-57   2.7117E-57   0.99998
FLUX   64    34.80        8.614727E+15   8.6703E-56   8.6705E-56   0.99998
FLUX   65    35.70        8.397549E+15   1.6518E-54   1.6518E-54   0.99998
FLUX   66    36.60        8.191052E+15   2.7160E-53   2.7160E-53   0.99998
FLUX   67    37.50        7.994467E+15   3.8859E-52   3.8860E-52   0.99998
FLUX   68    38.50        7.786818E+15   6.4326E-51   6.4327E-51   0.99998
FLUX   69    39.50        7.589683E+15   9.1932E-50   9.1934E-50   0.99998
FLUX   70    40.50        7.402284E+15   1.1478E-48   1.1478E-48   0.99998
FLUX   71    41.40        7.241364E+15   1.0003E-47   1.0003E-47   0.99998
FLUX   72    42.20        7.104087E+15   6.3239E-47   6.3240E-47   0.99998
FLUX   73    43.00        6.971919E+15   3.7248E-46   3.7249E-46   0.99998
FLUX   74    44.10        6.798016E+15   3.8277E-45   3.8278E-45   0.99998
FLUX   75    45.10        6.647284E+15   2.8726E-44   2.8727E-44   0.99998
FLUX   76    46.00        6.517228E+15   1.6312E-43   1.6312E-43   0.99998
FLUX   77    47.00        6.378564E+15   1.0366E-42   1.0366E-42   0.99998
FLUX   78    48.00        6.245677E+15   6.0790E-42   6.0792E-42   0.99998
FLUX   79    49.00        6.118214E+15   3.3096E-41   3.3097E-41   0.99998
FLUX   80    50.00        5.995850E+15   1.6779E-40   1.6779E-40   0.99998
FLUX   81    50.60        5.924753E+15   5.7656E-40   6.5296E-40   0.88300
FLUX   82    51.20        5.855322E+15   1.6132E-39   1.6301E-39   0.98959
FLUX   83    52.00        5.765240E+15   5.2903E-39   5.3350E-39   0.99163
FLUX   84    53.00        5.656462E+15   2.2281E-38   2.2281E-38   0.99998
FLUX   85    54.00        5.551713E+15   8.7612E-38   8.8061E-38   0.99490
FLUX   86    55.00        5.450773E+15   3.3051E-37   3.3052E-37   0.99998
FLUX   87    56.00        5.353437E+15   1.1807E-36   1.1807E-36   0.99998
FLUX   88    57.00        5.259517E+15   4.0248E-36   4.0249E-36   0.99998
FLUX   89    58.00        5.168836E+15   1.2993E-35   1.3130E-35   0.98957
FLUX   90    59.00        5.081229E+15   4.1046E-35   4.1054E-35   0.99979
FLUX   91    60.00        4.996542E+15   1.2331E-34   1.2334E-34   0.99975
FLUX   92    61.00        4.914631E+15   3.5678E-34   3.5678E-34   0.99998
FLUX   93    62.00        4.835363E+15   9.9540E-34   9.9549E-34   0.99991
FLUX   94    63.00        4.758611E+15   2.6837E-33   2.6839E-33   0.99993
FLUX   95    64.00        4.684258E+15   7.0073E-33   7.0074E-33   0.99998
FLUX   96    65.00        4.612192E+15   1.7735E-32   1.7736E-32   0.99998
FLUX   97    65.80        4.556117E+15   3.6488E-32   3.6489E-32   0.99998
FLUX   98    66.50        4.508158E+15   6.7536E-32   6.7574E-32   0.99944
FLUX   99    67.50        4.441370E+15   1.5913E-31   1.5919E-31   0.99963
FLUX  100    68.50        4.376533E+15   3.6520E-31   3.6520E-31   0.99998
FLUX  101    69.50        4.313561E+15   8.1689E-31   8.1691E-31   0.99998
FLUX  102    70.50        4.252376E+15   1.7804E-30   1.7836E-30   0.99821
FLUX  103    71.60        4.187046E+15   4.0993E-30   4.0994E-30   0.99998
FLUX  104    72.60        4.129373E+15   8.5346E-30   8.5348E-30   0.99998
FLUX  105    73.50        4.078809E+15   1.6219E-29   1.6220E-29   0.99992
FLUX  106    74.50        4.024060E+15   3.2469E-29   3.2477E-29   0.99976
FLUX  107    75.50        3.970762E+15   6.3740E-29   6.3765E-29   0.99960
FLUX  108    76.50        3.918856E+15   1.2286E-28   1.2287E-28   0.99992
FLUX  109    77.50        3.868290E+15   2.3242E-28   2.3251E-28   0.99964
FLUX  110    78.50        3.819013E+15   4.3241E-28   4.3242E-28   0.99998
FLUX  111    79.50        3.770975E+15   7.8827E-28   7.9092E-28   0.99665
FLUX  112    80.50        3.724130E+15   1.4209E-27   1.4236E-27   0.99814
FLUX  113    81.50        3.678436E+15   2.5225E-27   2.5231E-27   0.99978
FLUX  114    82.50        3.633848E+15   4.4059E-27   4.4064E-27   0.99989
FLUX  115    83.50        3.590329E+15   7.5867E-27   7.5873E-27   0.99992
FLUX  116    84.50        3.547840E+15   1.2885E-26   1.2885E-26   0.99997
FLUX  117    85.50        3.506345E+15   2.1596E-26   2.1597E-26   0.99998
FLUX  118    86.50        3.465809E+15   3.5728E-26   3.5730E-26   0.99993
FLUX  119    87.50        3.426200E+15   5.8342E-26   5.8386E-26   0.99925
FLUX  120    88.50        3.387486E+15   9.4268E-26   9.4282E-26   0.99986
FLUX  121    89.50        3.349637E+15   1.5049E-25   1.5050E-25   0.99991
FLUX  122    90.50        3.312624E+15   2.3750E-25   2.3758E-25   0.99967
FLUX  123    91.50        3.276421E+15   6.7131E-22   4.1748E-21   0.16080
FLUX  124    92.50        3.241000E+15   2.9053E-21   6.2345E-21   0.46601
FLUX  125    93.50        3.206337E+15   4.1278E-21   9.2179E-21   0.44780
FLUX  126    94.50        3.172407E+15   6.4969E-21   1.3508E-20   0.48096
FLUX  127    95.50        3.139188E+15   1.0062E-20   1.9684E-20   0.51120
FLUX  128    96.50        3.106658E+15   1.5769E-20   2.8203E-20   0.55910
FLUX  129    97.50        3.074795E+15   2.1281E-20   3.9816E-20   0.53450
FLUX  130    98.50        3.043579E+15   3.3244E-20   5.7688E-20   0.57628
FLUX  131    99.50        3.012990E+15   4.8110E-20   8.1290E-20   0.59183
FLUX  132   100.50        2.983010E+15   7.0064E-20   1.1361E-19   0.61673
FLUX  133   101.50        2.953621E+15   9.8286E-20   1.5636E-19   0.62860
FLUX  134   102.50        2.924805E+15   1.2585E-19   2.1977E-19   0.57267
FLUX  135   103.50        2.896546E+15   2.0693E-19   3.0122E-19   0.68696
FLUX  136   104.50        2.868828E+15   2.9716E-19   4.1289E-19   0.71970
FLUX  137   105.50        2.841635E+15   3.7863E-19   5.6165E-19   0.67413
FLUX  138   106.50        2.814953E+15   5.5259E-19   7.5934E-19   0.72772
FLUX  139   107.50        2.788767E+15   7.5973E-19   1.0215E-18   0.74374
FLUX  140   108.50        2.763064E+15   1.0498E-18   1.3672E-18   0.76785
FLUX  141   109.50        2.737831E+15   1.3423E-18   1.8205E-18   0.73734
FLUX  142   110.50        2.713054E+15   1.8562E-18   2.9104E-18   0.63777
FLUX  143   111.50        2.688722E+15   2.6322E-18   3.7952E-18   0.69356
FLUX  144   112.50        2.664822E+15   3.6458E-18   4.9298E-18   0.73955
FLUX  145   113.50        2.641344E+15   5.1043E-18   6.3751E-18   0.80067
FLUX  146   114.50        2.618275E+15   6.8406E-18   8.2074E-18   0.83347
FLUX  147   115.50        2.595606E+15   8.8198E-18   1.0516E-17   0.83872
FLUX  148   116.50        2.573326E+15   1.1546E-17   1.3402E-17   0.86146
FLUX  149   117.50        2.551426E+15   1.5277E-17   1.6974E-17   0.90003
FLUX  150   118.50        2.529894E+15   1.9035E-17   2.1890E-17   0.86955
FLUX  151   119.50        2.508724E+15   2.2201E-17   2.7680E-17   0.80206
FLUX  152   120.50        2.487905E+15   2.5910E-17   3.4907E-17   0.74224
FLUX  153   121.50        2.467428E+15   1.7914E-17   4.3924E-17   0.40784
FLUX  154   122.50        2.447286E+15   4.0264E-17   5.5126E-17   0.73040
FLUX  155   123.50        2.427470E+15   6.0559E-17   6.8976E-17   0.87797
FLUX  156   124.50        2.407972E+15   7.8432E-17   8.3775E-17   0.93622
FLUX  157   125.50        2.388785E+15   9.6078E-17   1.0571E-16   0.90888
FLUX  158   126.50        2.369901E+15   1.1970E-16   1.3211E-16   0.90605
FLUX  159   127.50        2.351314E+15   1.4939E-16   1.6420E-16   0.90981
FLUX  160   128.50        2.333016E+15   1.8103E-16   2.0351E-16   0.88954
FLUX  161   129.50        2.315000E+15   2.2628E-16   2.5165E-16   0.89920
FLUX  162   130.50        2.297261E+15   2.7274E-16   3.1032E-16   0.87889
FLUX  163   131.50        2.279791E+15   3.4481E-16   3.8157E-16   0.90365
FLUX  164   132.50        2.262585E+15   4.0650E-16   4.6784E-16   0.86890
FLUX  165   133.50        2.245637E+15   4.9552E-16   5.7193E-16   0.86640
FLUX  166   134.50        2.228940E+15   6.1707E-16   6.9713E-16   0.88515
FLUX  167   135.50        2.212491E+15   7.5937E-16   8.5009E-16   0.89328
FLUX  168   136.50        2.196282E+15   9.1437E-16   1.0386E-15   0.88036
FLUX  169   137.50        2.180309E+15   1.1092E-15   1.2650E-15   0.87683
FLUX  170   138.50        2.164567E+15   1.3280E-15   1.5362E-15   0.86450
FLUX  171   139.50        2.149050E+15   1.5977E-15   1.8607E-15   0.85865
FLUX  172   140.50        2.133754E+15   1.9583E-15   2.2481E-15   0.87106
FLUX  173   141.50        2.118675E+15   2.4101E-15   2.7090E-15   0.88965
FLUX  174   142.50        2.103807E+15   2.8643E-15   3.2561E-15   0.87969
FLUX  175   143.50        2.089146E+15   3.4609E-15   3.9038E-15   0.88655
FLUX  176   144.20        2.079005E+15   4.0765E-15   4.4259E-15   0.92106
FLUX  177   144.70        2.071821E+15   4.3047E-15   4.8375E-15   0.88985
FLUX  178   145.50        2.060430E+15   4.9830E-15   5.5702E-15   0.89458
FLUX  179   146.50        2.046365E+15   6.0989E-15   6.6295E-15   0.91995
FLUX  180   147.50        2.032492E+15   6.9903E-15   7.8716E-15   0.88804
FLUX  181   148.50        2.018805E+15   8.1639E-15   9.3243E-15   0.87555
FLUX  182   149.50        2.005301E+15   1.0267E-14   1.1019E-14   0.93175
FLUX  183   150.50        1.991977E+15   1.2267E-14   1.2993E-14   0.94413
FLUX  184   151.20        1.982755E+15   1.2629E-14   1.4562E-14   0.86727
FLUX  185   151.70        1.976220E+15   1.4660E-14   1.8144E-14   0.80796
FLUX  186   152.50        1.965852E+15   1.9218E-14   5.2491E-14   0.36612
FLUX  187   153.50        1.953046E+15   6.8843E-14   2.4433E-13   0.28176
FLUX  188   154.50        1.940405E+15   9.2018E-14   2.8091E-13   0.32757
FLUX  189   155.50        1.927926E+15   1.4362E-13   3.2313E-13   0.44445
FLUX  190   156.50        1.915607E+15   1.4815E-13   3.7239E-13   0.39783
FLUX  191   157.50        1.903444E+15   3.1711E-13   7.1471E-13   0.44369
FLUX  192   158.50        1.891435E+15   3.9282E-13   8.1049E-13   0.48467
FLUX  193   159.50        1.879577E+15   4.3213E-13   9.1637E-13   0.47156
FLUX  194   160.50        1.867866E+15   5.1081E-13   1.0329E-12   0.49454
FLUX  195   161.50        1.856300E+15   5.7442E-13   1.1606E-12   0.49491
FLUX  196   162.50        1.844877E+15   6.6255E-13   1.6133E-12   0.41069
FLUX  197   163.50        1.833593E+15   8.5984E-13   1.8279E-12   0.47040
FLUX  198   164.50        1.822447E+15   1.2026E-12   2.0666E-12   0.58193
FLUX  199   165.50        1.811435E+15   9.5460E-13   2.3315E-12   0.40943
FLUX  200   166.50        1.800556E+15   1.4870E-12   2.6255E-12   0.56636
FLUX  201   167.20        1.793017E+15   1.1601E-12   2.8499E-12   0.40706
FLUX  202   167.70        1.787671E+15   2.0818E-12   6.8081E-12   0.30578
FLUX  203   168.50        1.779184E+15   3.8358E-12   1.9287E-11   0.19888
FLUX  204   169.50        1.768687E+15   5.8380E-12   2.1479E-11   0.27180
FLUX  205   170.50        1.758314E+15   7.4438E-12   2.3941E-11   0.31092
FLUX  206   171.50        1.748061E+15   8.6893E-12   4.2899E-11   0.20255
FLUX  207   172.50        1.737928E+15   1.1222E-11   4.7277E-11   0.23736
FLUX  208   173.50        1.727911E+15   1.3137E-11   5.1777E-11   0.25372
FLUX  209   174.50        1.718009E+15   1.6559E-11   5.6671E-11   0.29219
FLUX  210   175.50        1.708219E+15   2.1506E-11   6.1738E-11   0.34835
FLUX  211   176.50        1.698541E+15   2.0963E-11   6.7116E-11   0.31234
FLUX  212   177.50        1.688972E+15   2.2829E-11   7.2812E-11   0.31353
FLUX  213   178.50        1.679510E+15   3.0901E-11   7.8834E-11   0.39197
FLUX  214   179.50        1.670153E+15   3.2821E-11   8.5223E-11   0.38511
FLUX  215   180.50        1.660900E+15   3.8125E-11   9.2023E-11   0.41431
FLUX  216   181.50        1.651749E+15   3.8262E-11   9.9199E-11   0.38571
FLUX  217   182.50        1.642699E+15   4.6253E-11   1.0682E-10   0.43299
FLUX  218   183.50        1.633747E+15   5.2005E-11   1.1490E-10   0.45260
FLUX  219   184.50        1.624892E+15   4.2619E-11   1.2348E-10   0.34516
FLUX  220   185.50        1.616132E+15   5.6240E-11   1.3266E-10   0.42394
FLUX  221   186.50        1.607466E+15   6.9319E-11   1.4232E-10   0.48705
FLUX  222   187.50        1.598893E+15   7.7363E-11   1.6048E-10   0.48207
FLUX  223   188.50        1.590411E+15   8.5318E-11   1.7132E-10   0.49800
FLUX  224   189.50        1.582018E+15   1.0442E-10   1.8272E-10   0.57147
FLUX  225   190.50        1.573714E+15   1.0506E-10   1.9470E-10   0.53959
FLUX  226   191.50        1.565496E+15   1.1881E-10   2.0732E-10   0.57306
FLUX  227   192.50        1.557364E+15   1.2131E-10   2.2059E-10   0.54995
FLUX  228   193.50        1.549315E+15   7.6626E-11   2.3452E-10   0.32674
FLUX  229   194.50        1.541350E+15   1.5495E-10   2.4921E-10   0.62177
FLUX  230   195.50        1.533465E+15   1.7162E-10   2.6467E-10   0.64843
FLUX  231   196.70        1.524110E+15   2.0837E-10   2.8424E-10   0.73310
FLUX  232   197.60        1.517168E+15   2.1357E-10   3.0590E-10   0.69819
FLUX  233   198.40        1.511051E+15   2.2661E-10   3.2060E-10   0.70685
FLUX  234   199.50        1.502719E+15   2.4319E-10   3.4521E-10   0.70446
FLUX  235   200.50        1.495224E+15   2.5469E-10   3.6575E-10   0.69636
FLUX  236   201.50        1.487804E+15   2.8588E-10   3.8738E-10   0.73799
FLUX  237   202.50        1.480457E+15   2.4690E-10   4.1002E-10   0.60217
FLUX  238   203.50        1.473182E+15   3.2576E-10   4.3374E-10   0.75105
FLUX  239   204.50        1.465978E+15   3.6180E-10   4.5862E-10   0.78890
FLUX  240   205.50        1.458844E+15   3.8690E-10   4.8457E-10   0.79842
FLUX  241   206.50        1.451780E+15   4.0051E-10   5.1165E-10   0.78277
FLUX  242   207.40        1.445480E+15   3.9367E-10   5.3703E-10   0.73305
FLUX  243   207.80        1.442697E+15   4.8148E-10   1.1052E-08   0.04356
FLUX  244   208.50        1.437854E+15   5.2711E-10   1.1787E-08   0.04472
FLUX  245   209.50        1.430990E+15   7.7493E-10   1.2789E-08   0.06060
FLUX  246   210.50        1.424192E+15   1.2084E-09   1.3625E-08   0.08869
FLUX  247   211.50        1.417459E+15   1.6273E-09   1.4238E-08   0.11429
FLUX  248   212.50        1.410788E+15   1.4294E-09   1.4828E-08   0.09640
FLUX  249   213.50        1.404180E+15   1.8078E-09   1.5403E-08   0.11736
FLUX  250   214.50        1.397634E+15   2.1668E-09   1.5851E-08   0.13670
FLUX  251   215.50        1.391148E+15   2.0473E-09   1.6261E-08   0.12591
FLUX  252   216.50        1.384723E+15   1.8298E-09   1.6682E-08   0.10969
FLUX  253   217.50        1.378356E+15   1.9185E-09   1.7120E-08   0.11207
FLUX  254   218.50        1.372048E+15   2.5095E-09   1.7657E-08   0.14213
FLUX  255   219.50        1.365797E+15   2.6176E-09   1.8224E-08   0.14364
FLUX  256   220.50        1.359603E+15   2.6452E-09   1.8825E-08   0.14051
FLUX  257   221.50        1.353465E+15   2.2241E-09   1.9476E-08   0.11420
FLUX  258   222.50        1.347382E+15   3.1812E-09   2.1166E-08   0.15030
FLUX  259   223.50        1.341353E+15   4.5845E-09   2.1971E-08   0.20866
FLUX  260   224.50        1.335379E+15   4.5439E-09   2.2809E-08   0.19922
FLUX  261   225.50        1.329457E+15   3.7105E-09   3.1580E-08   0.11749
FLUX  262   226.50        1.323587E+15   2.9733E-09   3.2245E-08   0.09221
FLUX  263   227.50        1.317769E+15   3.2195E-09   3.2892E-08   0.09788
FLUX  264   228.50        1.312002E+15   4.8519E-09   3.3518E-08   0.14475
FLUX  265   229.50        1.306285E+15   4.0705E-09   3.4131E-08   0.11926
FLUX  266   230.50        1.300618E+15   4.8847E-09   3.4683E-08   0.14084
FLUX  267   231.50        1.295000E+15   4.7750E-09   3.5230E-08   0.13554
FLUX  268   232.50        1.289430E+15   4.5387E-09   3.5780E-08   0.12685
FLUX  269   233.50        1.283908E+15   5.1702E-09   3.8331E-08   0.13488
FLUX  270   234.50        1.278433E+15   3.8399E-09   3.8789E-08   0.09899
FLUX  271   235.50        1.273004E+15   5.7926E-09   3.9249E-08   0.14758
FLUX  272   236.50        1.267622E+15   4.4665E-09   3.9715E-08   0.11246
FLUX  273   237.50        1.262284E+15   5.3170E-09   4.0190E-08   0.13230
FLUX  274   238.50        1.256992E+15   4.1474E-09   4.0702E-08   0.10190
FLUX  275   239.50        1.251743E+15   5.1121E-09   4.1212E-08   0.12404
FLUX  276   240.50        1.246538E+15   5.7829E-09   4.1735E-08   0.13856
FLUX  277   241.50        1.241377E+15   5.4868E-09   4.2273E-08   0.12979
FLUX  278   242.50        1.236258E+15   8.9891E-09   4.2827E-08   0.20989
FLUX  279   243.50        1.231181E+15   9.2346E-09   4.3400E-08   0.21278
FLUX  280   244.50        1.226145E+15   1.1219E-08   4.6737E-08   0.24004
FLUX  281   245.50        1.221151E+15   1.2159E-08   4.7191E-08   0.25765
FLUX  282   246.50        1.216197E+15   9.2777E-09   4.7652E-08   0.19470
FLUX  283   247.50        1.211283E+15   8.5459E-09   4.8130E-08   0.17756
FLUX  284   248.50        1.206408E+15   3.7673E-09   4.8626E-08   0.07747
FLUX  285   249.50        1.201573E+15   6.2763E-09   4.9135E-08   0.12773
FLUX  286   250.50        1.196776E+15   8.9732E-09   5.1675E-08   0.17365
FLUX  287   251.30        1.192967E+15   5.7979E-09   5.1996E-08   0.11151
FLUX  288   251.80        1.190598E+15   4.2790E-09   6.0724E-07   0.00705
FLUX  289   252.50        1.187297E+15   4.3180E-09   6.1474E-07   0.00702
FLUX  290   253.50        1.182613E+15   7.3987E-09   6.2537E-07   0.01183
FLUX  291   254.50        1.177967E+15   9.1843E-09   6.3592E-07   0.01444
FLUX  292   255.50        1.173356E+15   2.3104E-08   6.4658E-07   0.03573
FLUX  293   256.50        1.168782E+15   2.0387E-08   6.5736E-07   0.03101
FLUX  294   257.50        1.164243E+15   3.5299E-08   6.6828E-07   0.05282
FLUX  295   258.50        1.159739E+15   3.2944E-08   6.7932E-07   0.04850
FLUX  296   259.50        1.155270E+15   2.8151E-08   6.9047E-07   0.04077
FLUX  297   260.50        1.150835E+15   2.3230E-08   7.0177E-07   0.03310
FLUX  298   261.50        1.146434E+15   2.1779E-08   7.1320E-07   0.03054
FLUX  299   262.50        1.142067E+15   3.0937E-08   7.2481E-07   0.04268
FLUX  300   263.50        1.137732E+15   7.4835E-08   7.5157E-07   0.09957
FLUX  301   264.50        1.133431E+15   1.0179E-07   7.6307E-07   0.13340
FLUX  302   265.50        1.129162E+15   1.6526E-07   7.7478E-07   0.21329
FLUX  303   266.50        1.124925E+15   9.4361E-08   7.8661E-07   0.11996
FLUX  304   267.50        1.120720E+15   1.0402E-07   7.9858E-07   0.13026
FLUX  305   268.50        1.116546E+15   1.4295E-07   8.1066E-07   0.17634
FLUX  306   269.50        1.112403E+15   8.7627E-08   8.2285E-07   0.10649
FLUX  307   270.50        1.108290E+15   1.1577E-07   8.5214E-07   0.13586
FLUX  308   271.50        1.104208E+15   6.9230E-08   8.6362E-07   0.08016
FLUX  309   272.50        1.100156E+15   3.6993E-08   8.7518E-07   0.04227
FLUX  310   273.50        1.096133E+15   5.5738E-08   8.8683E-07   0.06285
FLUX  311   274.50        1.092140E+15   3.5284E-08   8.9856E-07   0.03927
FLUX  312   275.50        1.088176E+15   5.3560E-08   9.1036E-07   0.05883
FLUX  313   276.50        1.084240E+15   8.0144E-08   9.2204E-07   0.08692
FLUX  314   277.50        1.080333E+15   7.2401E-08   9.3380E-07   0.07753
FLUX  315   278.50        1.076454E+15   3.8388E-08   9.4568E-07   0.04059
FLUX  316   279.50        1.072603E+15   1.7452E-08   9.5768E-07   0.01822
FLUX  317   280.50        1.068779E+15   2.2006E-08   9.6980E-07   0.02269
FLUX  318   281.50        1.064982E+15   6.1000E-08   9.8203E-07   0.06212
FLUX  319   282.50        1.061212E+15   8.3020E-08   9.9451E-07   0.08348
FLUX  320   283.50        1.057469E+15   5.7898E-08   1.0071E-06   0.05749
FLUX  321   284.50        1.053752E+15   2.9713E-08   1.0199E-06   0.02913
FLUX  322   285.50        1.050061E+15   1.4755E-08   1.0327E-06   0.01429
FLUX  323   286.50        1.046396E+15   4.4146E-08   1.0456E-06   0.04222
FLUX  324   287.50        1.042757E+15   9.0859E-08   1.0586E-06   0.08583
FLUX  325   288.50        1.039142E+15   1.1390E-07   1.0717E-06   0.10628
FLUX  326   289.50        1.035553E+15   1.9375E-07   1.0847E-06   0.17863
FLUX  327   291.00        1.030215E+15   2.7381E-07   1.1153E-06   0.24550
FLUX  328   293.00        1.023183E+15   2.5641E-07   1.1406E-06   0.22480
FLUX  329   295.00        1.016246E+15   2.2228E-07   1.1683E-06   0.19026
FLUX  330   297.00        1.009402E+15   2.2443E-07   1.1934E-06   0.18807
FLUX  331   299.00        1.002650E+15   2.1903E-07   1.2186E-06   0.17973
FLUX  332   301.00        9.959884E+14   1.9544E-07   1.2442E-06   0.15707
FLUX  333   303.00        9.894142E+14   2.5531E-07   1.2699E-06   0.20105
FLUX  334   305.00        9.829262E+14   2.6740E-07   1.2952E-06   0.20645
FLUX  335   307.00        9.765228E+14   3.4748E-07   1.3204E-06   0.26315
FLUX  336   309.00        9.702023E+14   2.9902E-07   1.3548E-06   0.22071
FLUX  337   311.00        9.639630E+14   4.1913E-07   1.3784E-06   0.30407
FLUX  338   313.00        9.578035E+14   3.9113E-07   1.4041E-06   0.27855
FLUX  339   315.00        9.517222E+14   3.9852E-07   1.4264E-06   0.27939
FLUX  340   317.00        9.457177E+14   4.5281E-07   1.4481E-06   0.31270
FLUX  341   319.00        9.397884E+14   3.8869E-07   1.4698E-06   0.26445
FLUX  342   321.00        9.339330E+14   4.2616E-07   1.4917E-06   0.28568
FLUX  343   323.00        9.281501E+14   3.6164E-07   1.5157E-06   0.23860
FLUX  344   325.00        9.224385E+14   5.4173E-07   1.5362E-06   0.35264
FLUX  345   327.00        9.167966E+14   6.9277E-07   1.5566E-06   0.44507
FLUX  346   329.00        9.112234E+14   6.7899E-07   1.5785E-06   0.43015
FLUX  347   331.00        9.057175E+14   6.0821E-07   1.5986E-06   0.38047
FLUX  348   333.00        9.002778E+14   6.2482E-07   1.6182E-06   0.38612
FLUX  349   335.00        8.949030E+14   5.9483E-07   1.6373E-06   0.36330
FLUX  350   337.00        8.895920E+14   3.9651E-07   1.6576E-06   0.23921
FLUX  351   339.00        8.843436E+14   4.8919E-07   1.6784E-06   0.29146
FLUX  352   341.00        8.791569E+14   5.0428E-07   1.6979E-06   0.29701
FLUX  353   343.00        8.740306E+14   5.6918E-07   1.7170E-06   0.33151
FLUX  354   345.00        8.689638E+14   5.4850E-07   1.7371E-06   0.31576
FLUX  355   347.00        8.639553E+14   6.0420E-07   1.7582E-06   0.34366
FLUX  356   349.00        8.590043E+14   7.2637E-07   1.7791E-06   0.40829
FLUX  357   351.00        8.541097E+14   7.8669E-07   1.7998E-06   0.43709
FLUX  358   353.00        8.492705E+14   7.1695E-07   1.8205E-06   0.39382
FLUX  359   355.00        8.444859E+14   8.3544E-07   1.8425E-06   0.45341
FLUX  360   357.00        8.397549E+14   5.1424E-07   1.8672E-06   0.27541
FLUX  361   359.00        8.350766E+14   5.6895E-07   1.8919E-06   0.30073
FLUX  362   361.00        8.304501E+14   7.5079E-07   1.9166E-06   0.39172
FLUX  363   363.00        8.258746E+14   8.0283E-07   1.9414E-06   0.41354
FLUX  364   364.00        8.236058E+14   8.5985E-07   1.9540E-06   0.44004
FLUX  365   365.00        8.213493E+14   9.6909E-07   2.1887E-06   0.44276
FLUX  366   367.00        8.168733E+14   1.0920E-06   2.2191E-06   0.49207
FLUX  367   369.00        8.124458E+14   9.6848E-07   2.2496E-06   0.43052
FLUX  368   371.00        8.080660E+14   9.7081E-07   2.2804E-06   0.42572
FLUX  369   373.00        8.037332E+14   5.6061E-07   2.3107E-06   0.24261
FLUX  370   375.00        7.994467E+14   6.5654E-07   2.3410E-06   0.28045
FLUX  371   377.00        7.952056E+14   9.5305E-07   2.3956E-06   0.39783
FLUX  372   379.00        7.910092E+14   9.7251E-07   2.4298E-06   0.40025
FLUX  373   381.00        7.868569E+14   8.6766E-07   2.4637E-06   0.35218
FLUX  374   383.00        7.827480E+14   4.1690E-07   2.4975E-06   0.16693
FLUX  375   385.00        7.786818E+14   6.0393E-07   2.5324E-06   0.23848
FLUX  376   387.00        7.746576E+14   6.3962E-07   2.5658E-06   0.24929
FLUX  377   389.00        7.706748E+14   8.9714E-07   2.6018E-06   0.34482
FLUX  378   391.00        7.667327E+14   1.1462E-06   2.6382E-06   0.43447
FLUX  379   393.00        7.628308E+14   5.3916E-07   2.6743E-06   0.20161
FLUX  380   395.00        7.589683E+14   1.0488E-06   2.7099E-06   0.38703
FLUX  381   397.00        7.551448E+14   7.0336E-07   2.7451E-06   0.25623
FLUX  382   399.00        7.513596E+14   1.6067E-06   2.7799E-06   0.57795
FLUX  383   401.00        7.476122E+14   1.7865E-06   2.8175E-06   0.63406
FLUX  384   403.00        7.439020E+14   1.7161E-06   2.8551E-06   0.60105
FLUX  385   405.00        7.402284E+14   1.6363E-06   2.8919E-06   0.56581
FLUX  386   407.00        7.365909E+14   1.5549E-06   2.9281E-06   0.53101
FLUX  387   409.00        7.329890E+14   1.9626E-06   2.9636E-06   0.66223
FLUX  388   411.00        7.294221E+14   1.9010E-06   2.9986E-06   0.63397
FLUX  389   413.00        7.258898E+14   1.8241E-06   3.0330E-06   0.60142
FLUX  390   415.00        7.223916E+14   1.7259E-06   3.0687E-06   0.56241
FLUX  391   417.00        7.189269E+14   1.8208E-06   3.1042E-06   0.58656
FLUX  392   419.00        7.154952E+14   1.7152E-06   3.1386E-06   0.54648
FLUX  393   421.00        7.120962E+14   1.8210E-06   3.1723E-06   0.57403
FLUX  394   423.00        7.087293E+14   1.7633E-06   3.2053E-06   0.55013
FLUX  395   425.00        7.053941E+14   1.8667E-06   3.2377E-06   0.57655
FLUX  396   427.00        7.020902E+14   1.7043E-06   3.2695E-06   0.52126
FLUX  397   429.00        6.988170E+14   1.6041E-06   3.3011E-06   0.48593
FLUX  398   431.00        6.955742E+14   1.3479E-06   3.3323E-06   0.40451
FLUX  399   433.00        6.923614E+14   2.0758E-06   3.3629E-06   0.61725
FLUX  400   435.00        6.891782E+14   2.0462E-06   3.3934E-06   0.60300
FLUX  401   437.00        6.860240E+14   2.2214E-06   3.4232E-06   0.64894
FLUX  402   439.00        6.828986E+14   1.9902E-06   3.4525E-06   0.57645
FLUX  403   441.00        6.798016E+14   2.1830E-06   3.4815E-06   0.62702
FLUX  404   443.00        6.767325E+14   2.4751E-06   3.5102E-06   0.70511
FLUX  405   445.00        6.736910E+14   2.5215E-06   3.5388E-06   0.71254
FLUX  406   447.00        6.706767E+14   2.6884E-06   3.5670E-06   0.75369
FLUX  407   449.00        6.676893E+14   2.7748E-06   3.5949E-06   0.77189
FLUX  408   451.00        6.647284E+14   3.0833E-06   3.6225E-06   0.85115
FLUX  409   453.00        6.617936E+14   2.8139E-06   3.6499E-06   0.77094
FLUX  410   455.00        6.588846E+14   2.9756E-06   3.6771E-06   0.80922
FLUX  411   457.00        6.560011E+14   3.1440E-06   3.7040E-06   0.84882
FLUX  412   459.00        6.531427E+14   3.0626E-06   3.7307E-06   0.82090
FLUX  413   461.00        6.503091E+14   3.1372E-06   3.7573E-06   0.83498
FLUX  414   463.00        6.475000E+14   3.1320E-06   3.7836E-06   0.82778
FLUX  415   465.00        6.447150E+14   3.1779E-06   3.8097E-06   0.83417
FLUX  416   467.00        6.419540E+14   3.2819E-06   3.8357E-06   0.85563
FLUX  417   469.00        6.392164E+14   3.2691E-06   3.8614E-06   0.84660
FLUX  418   471.00        6.365021E+14   3.1866E-06   3.8870E-06   0.81980
FLUX  419   473.00        6.338108E+14   3.3284E-06   3.9125E-06   0.85072
FLUX  420   475.00        6.311421E+14   3.4193E-06   3.9377E-06   0.86835
FLUX  421   477.00        6.284958E+14   3.4512E-06   3.9630E-06   0.87086
FLUX  422   479.00        6.258716E+14   3.4682E-06   3.9878E-06   0.86969
FLUX  423   481.00        6.232692E+14   3.4822E-06   4.0126E-06   0.86782
FLUX  424   483.00        6.206884E+14   3.5488E-06   4.0371E-06   0.87904
FLUX  425   485.00        6.181289E+14   3.4573E-06   4.0688E-06   0.84970
FLUX  426   487.00        6.155903E+14   3.1753E-06   4.0932E-06   0.77576
FLUX  427   489.00        6.130726E+14   3.4895E-06   4.1173E-06   0.84751
FLUX  428   491.00        6.105753E+14   3.5512E-06   4.1414E-06   0.85749
FLUX  429   493.00        6.080984E+14   3.4545E-06   4.1653E-06   0.82935
FLUX  430   495.00        6.056414E+14   3.6158E-06   4.1891E-06   0.86315
FLUX  431   497.00        6.032042E+14   3.6840E-06   4.2127E-06   0.87450
FLUX  432   499.00        6.007866E+14   3.5041E-06   4.2362E-06   0.82717
FLUX  433   501.00        5.983882E+14   3.3631E-06   4.2596E-06   0.78953
FLUX  434   503.00        5.960089E+14   3.5851E-06   4.2828E-06   0.83709
FLUX  435   505.00        5.936485E+14   3.5485E-06   4.3060E-06   0.82408
FLUX  436   507.00        5.913067E+14   3.6997E-06   4.3289E-06   0.85463
FLUX  437   509.00        5.889833E+14   3.6019E-06   4.3518E-06   0.82769
FLUX  438   511.00        5.866781E+14   3.6564E-06   4.3745E-06   0.83585
FLUX  439   513.00        5.843908E+14   3.5965E-06   4.3971E-06   0.81793
FLUX  440   515.00        5.821214E+14   3.4784E-06   4.4195E-06   0.78706
FLUX  441   517.00        5.798694E+14   2.8876E-06   4.4418E-06   0.65010
FLUX  442   519.00        5.776349E+14   3.0524E-06   4.4640E-06   0.68379
FLUX  443   521.00        5.754175E+14   3.5776E-06   4.4860E-06   0.79750
FLUX  444   523.00        5.732170E+14   3.8110E-06   4.5079E-06   0.84539
FLUX  445   525.00        5.710333E+14   4.0439E-06   4.5297E-06   0.89274
FLUX  446   527.00        5.688662E+14   3.5302E-06   4.5514E-06   0.77563
FLUX  447   529.00        5.667155E+14   4.0641E-06   4.5729E-06   0.88874
FLUX  448   531.00        5.645810E+14   4.2679E-06   4.5942E-06   0.92897
FLUX  449   533.00        5.624625E+14   3.8121E-06   4.6155E-06   0.82594
FLUX  450   535.00        5.603598E+14   4.1720E-06   4.6366E-06   0.89981
FLUX  451   537.00        5.582728E+14   4.1726E-06   4.6581E-06   0.89577
FLUX  452   539.00        5.562013E+14   4.1598E-06   4.6818E-06   0.88849
FLUX  453   541.00        5.541451E+14   4.0544E-06   4.7026E-06   0.86217
FLUX  454   543.00        5.521040E+14   4.1823E-06   4.7231E-06   0.88550
FLUX  455   545.00        5.500780E+14   4.3049E-06   4.7436E-06   0.90752
FLUX  456   547.00        5.480667E+14   4.3199E-06   4.7639E-06   0.90679
FLUX  457   549.00        5.460701E+14   4.3192E-06   4.7841E-06   0.90282
FLUX  458   551.00        5.440880E+14   4.3423E-06   4.8042E-06   0.90386
FLUX  459   553.00        5.421202E+14   4.4281E-06   4.8242E-06   0.91789
FLUX  460   555.00        5.401667E+14   4.5319E-06   4.8441E-06   0.93555
FLUX  461   557.00        5.382271E+14   4.4326E-06   4.8639E-06   0.91132
FLUX  462   559.00        5.363014E+14   4.3438E-06   4.8835E-06   0.88950
FLUX  463   561.00        5.343895E+14   4.5270E-06   4.9029E-06   0.92332
FLUX  464   563.00        5.324911E+14   4.5867E-06   4.9256E-06   0.93120
FLUX  465   565.00        5.306062E+14   4.6247E-06   4.9448E-06   0.93526
FLUX  466   567.00        5.287346E+14   4.5622E-06   4.9639E-06   0.91908
FLUX  467   569.00        5.268761E+14   4.6587E-06   4.9829E-06   0.93494
FLUX  468   571.00        5.250306E+14   4.5951E-06   5.0017E-06   0.91870
FLUX  469   573.00        5.231981E+14   4.8858E-06   5.0204E-06   0.97318
FLUX  470   575.00        5.213783E+14   4.7775E-06   5.0390E-06   0.94810
FLUX  471   577.00        5.195711E+14   4.8537E-06   5.0574E-06   0.95972
FLUX  472   579.00        5.177763E+14   4.7397E-06   5.0756E-06   0.93381
FLUX  473   581.00        5.159940E+14   4.8955E-06   5.0938E-06   0.96108
FLUX  474   583.00        5.142238E+14   5.0008E-06   5.1118E-06   0.97830
FLUX  475   585.00        5.124658E+14   4.9200E-06   5.1296E-06   0.95913
FLUX  476   587.00        5.107198E+14   4.9594E-06   5.1474E-06   0.96348
FLUX  477   589.00        5.089856E+14   4.3498E-06   5.1650E-06   0.84217
FLUX  478   591.00        5.072631E+14   4.9641E-06   5.1825E-06   0.95787
FLUX  479   593.00        5.055523E+14   5.0090E-06   5.1998E-06   0.96331
FLUX  480   595.00        5.038529E+14   5.0425E-06   5.2182E-06   0.96633
FLUX  481   597.00        5.021650E+14   5.0941E-06   5.2353E-06   0.97304
FLUX  482   599.00        5.004883E+14   5.0782E-06   5.2523E-06   0.96686
FLUX  483   601.00        4.988228E+14   5.0387E-06   5.2691E-06   0.95627
FLUX  484   603.00        4.971683E+14   5.1015E-06   5.2859E-06   0.96512
FLUX  485   605.00        4.955248E+14   5.2042E-06   5.3027E-06   0.98144
FLUX  486   607.00        4.938921E+14   5.1996E-06   5.3192E-06   0.97752
FLUX  487   609.00        4.922701E+14   5.1141E-06   5.3355E-06   0.95850
FLUX  488   611.00        4.906588E+14   5.1271E-06   5.3518E-06   0.95802
FLUX  489   613.00        4.890579E+14   4.9551E-06   5.3679E-06   0.92309
FLUX  490   615.00        4.874675E+14   5.0957E-06   5.3839E-06   0.94646
FLUX  491   617.00        4.858874E+14   4.9188E-06   5.3998E-06   0.91091
FLUX  492   619.00        4.843174E+14   5.2273E-06   5.4156E-06   0.96524
FLUX  493   621.00        4.827576E+14   5.2606E-06   5.4314E-06   0.96856
FLUX  494   623.00        4.812079E+14   5.1616E-06   5.4469E-06   0.94761
FLUX  495   625.00        4.796680E+14   5.0836E-06   5.4623E-06   0.93068
FLUX  496   627.00        4.781380E+14   5.2759E-06   5.4833E-06   0.96218
FLUX  497   629.00        4.766176E+14   5.3371E-06   5.4984E-06   0.97066
FLUX  498   631.00        4.751070E+14   5.2315E-06   5.5135E-06   0.94886
FLUX  499   633.00        4.736058E+14   5.2708E-06   5.5284E-06   0.95341
FLUX  500   635.00        4.721142E+14   5.3056E-06   5.5437E-06   0.95705
FLUX  501   637.00        4.706319E+14   5.3081E-06   5.5584E-06   0.95497
FLUX  502   639.00        4.691588E+14   5.3991E-06   5.5730E-06   0.96879
FLUX  503   641.00        4.676950E+14   5.3217E-06   5.5874E-06   0.95245
FLUX  504   643.00        4.662403E+14   5.3944E-06   5.6018E-06   0.96298
FLUX  505   645.00        4.647946E+14   5.3459E-06   5.6160E-06   0.95192
FLUX  506   647.00        4.633578E+14   5.3609E-06   5.6301E-06   0.95219
FLUX  507   649.00        4.619299E+14   5.3391E-06   5.6440E-06   0.94597
FLUX  508   651.00        4.605107E+14   5.4866E-06   5.6587E-06   0.96960
FLUX  509   653.00        4.591003E+14   5.5169E-06   5.6724E-06   0.97260
FLUX  510   655.00        4.576985E+14   5.4512E-06   5.6930E-06   0.95752
FLUX  511   657.00        4.563052E+14   5.1362E-06   5.7065E-06   0.90006
FLUX  512   659.00        4.549203E+14   5.5300E-06   5.7199E-06   0.96680
FLUX  513   661.00        4.535439E+14   5.6029E-06   5.7332E-06   0.97727
FLUX  514   663.00        4.521757E+14   5.5863E-06   5.7464E-06   0.97215
FLUX  515   665.00        4.508158E+14   5.6093E-06   5.7594E-06   0.97392
FLUX  516   667.00        4.494640E+14   5.5664E-06   5.7724E-06   0.96432
FLUX  517   669.00        4.481203E+14   5.6661E-06   5.7852E-06   0.97941
FLUX  518   671.00        4.467846E+14   5.5865E-06   5.7979E-06   0.96354
FLUX  519   673.00        4.454569E+14   5.6967E-06   5.8106E-06   0.98040
FLUX  520   675.00        4.441370E+14   5.6705E-06   5.8230E-06   0.97380
FLUX  521   677.00        4.428250E+14   5.6941E-06   5.8354E-06   0.97577
FLUX  522   679.00        4.415206E+14   5.6924E-06   5.8477E-06   0.97343
FLUX  523   681.00        4.402239E+14   5.6914E-06   5.8599E-06   0.97124
FLUX  524   683.00        4.389348E+14   5.7614E-06   5.8720E-06   0.98116
FLUX  525   685.00        4.376533E+14   5.6763E-06   5.8840E-06   0.96470
FLUX  526   687.00        4.363792E+14   5.7476E-06   5.8958E-06   0.97486
FLUX  527   689.00        4.351125E+14   5.7781E-06   5.9076E-06   0.97809
FLUX  528   691.00        4.338531E+14   5.7766E-06   5.9192E-06   0.97590
FLUX  529   693.00        4.326010E+14   5.7721E-06   5.9307E-06   0.97325
FLUX  530   695.00        4.313561E+14   5.7765E-06   5.9422E-06   0.97212
FLUX  531   697.00        4.301184E+14   5.7979E-06   5.9535E-06   0.97387
FLUX  532   699.00        4.288877E+14   5.8037E-06   5.9648E-06   0.97300
FLUX  533   701.00        4.276640E+14   5.6984E-06   5.9759E-06   0.95357
FLUX  534   703.00        4.264474E+14   5.8064E-06   5.9869E-06   0.96985
FLUX  535   705.00        4.252376E+14   5.8552E-06   5.9978E-06   0.97623
FLUX  536   707.00        4.240346E+14   5.8230E-06   6.0086E-06   0.96911
FLUX  537   709.00        4.228385E+14   5.8288E-06   6.0193E-06   0.96835
FLUX  538   711.00        4.216491E+14   5.8700E-06   6.0299E-06   0.97347
FLUX  539   713.00        4.204663E+14   5.8089E-06   6.0404E-06   0.96167
FLUX  540   715.00        4.192902E+14   5.7830E-06   6.0508E-06   0.95573
FLUX  541   717.00        4.181206E+14   5.8345E-06   6.0611E-06   0.96262
FLUX  542   719.00        4.169576E+14   5.7253E-06   6.0713E-06   0.94302
FLUX  543   721.00        4.158010E+14   5.8511E-06   6.0814E-06   0.96214
FLUX  544   723.00        4.146508E+14   5.9010E-06   6.0913E-06   0.96875
FLUX  545   725.00        4.135069E+14   5.9349E-06   6.1054E-06   0.97208
FLUX  546   727.00        4.123693E+14   5.9377E-06   6.1152E-06   0.97098
FLUX  547   729.00        4.112380E+14   5.8263E-06   6.1249E-06   0.95125
FLUX  548   731.00        4.101129E+14   5.9331E-06   6.1436E-06   0.96573
FLUX  549   733.00        4.089939E+14   5.9204E-06   6.1531E-06   0.96218
FLUX  550   735.00        4.078809E+14   5.9627E-06   6.1625E-06   0.96758
FLUX  551   737.00        4.067741E+14   6.0015E-06   6.1719E-06   0.97239
FLUX  552   739.00        4.056732E+14   5.9130E-06   6.1811E-06   0.95664
FLUX  553   741.00        4.045783E+14   5.8968E-06   6.1902E-06   0.95260
FLUX  554   743.00        4.034892E+14   5.9725E-06   6.1992E-06   0.96342
FLUX  555   745.00        4.024060E+14   5.9916E-06   6.2082E-06   0.96512
FLUX  556   747.00        4.013286E+14   6.0492E-06   6.2170E-06   0.97301
FLUX  557   749.00        4.002570E+14   6.0171E-06   6.2258E-06   0.96649
FLUX  558   751.00        3.991911E+14   6.0495E-06   6.2344E-06   0.97033
FLUX  559   753.00        3.981308E+14   6.0965E-06   6.2430E-06   0.97653
FLUX  560   755.00        3.970762E+14   6.1231E-06   6.2515E-06   0.97945
FLUX  561   757.00        3.960271E+14   6.0911E-06   6.2599E-06   0.97303
FLUX  562   759.00        3.949835E+14   6.1099E-06   6.2683E-06   0.97473
FLUX  563   761.00        3.939455E+14   6.0970E-06   6.2765E-06   0.97140
FLUX  564   763.00        3.929128E+14   6.1604E-06   6.2847E-06   0.98023
FLUX  565   765.00        3.918856E+14   6.1564E-06   6.2927E-06   0.97833
FLUX  566   767.00        3.908638E+14   6.0314E-06   6.3007E-06   0.95726
FLUX  567   769.00        3.898472E+14   6.1712E-06   6.3086E-06   0.97822
FLUX  568   771.00        3.888359E+14   6.1469E-06   6.3164E-06   0.97316
FLUX  569   773.00        3.878299E+14   6.1630E-06   6.3241E-06   0.97452
FLUX  570   775.00        3.868290E+14   6.1331E-06   6.3318E-06   0.96863
FLUX  571   777.00        3.858333E+14   6.2451E-06   6.3394E-06   0.98514
FLUX  572   779.00        3.848427E+14   6.2561E-06   6.3468E-06   0.98570
FLUX  573   781.00        3.838572E+14   6.2385E-06   6.3543E-06   0.98178
FLUX  574   783.00        3.828768E+14   6.2078E-06   6.3616E-06   0.97583
FLUX  575   785.00        3.819013E+14   6.2274E-06   6.3688E-06   0.97780
FLUX  576   787.00        3.809307E+14   6.2792E-06   6.3760E-06   0.98482
FLUX  577   789.00        3.799651E+14   6.2411E-06   6.3831E-06   0.97775
FLUX  578   791.00        3.790044E+14   6.1791E-06   6.3901E-06   0.96698
FLUX  579   793.00        3.780485E+14   6.1005E-06   6.3970E-06   0.95365
FLUX  580   795.00        3.770975E+14   6.1156E-06   6.4038E-06   0.95499
FLUX  581   797.00        3.761512E+14   6.2528E-06   6.4109E-06   0.97533
FLUX  582   799.00        3.752096E+14   6.2677E-06   6.4176E-06   0.97663
FLUX  583   801.00        3.742728E+14   6.2298E-06   6.4242E-06   0.96974
FLUX  584   803.00        3.733406E+14   6.2586E-06   6.4307E-06   0.97323
FLUX  585   805.00        3.724130E+14   6.2214E-06   6.4371E-06   0.96648
FLUX  586   807.00        3.714901E+14   6.2728E-06   6.4435E-06   0.97351
FLUX  587   809.00        3.705717E+14   6.1857E-06   6.4498E-06   0.95905
FLUX  588   811.00        3.696578E+14   6.2279E-06   6.4560E-06   0.96468
FLUX  589   813.00        3.687485E+14   6.2910E-06   6.4621E-06   0.97353
FLUX  590   815.00        3.678436E+14   6.2848E-06   6.4682E-06   0.97165
FLUX  591   817.00        3.669431E+14   6.3009E-06   6.4741E-06   0.97324
FLUX  592   819.00        3.660470E+14   6.1387E-06   6.4801E-06   0.94732
FLUX  593   821.00        3.651553E+14   6.2100E-06   6.4924E-06   0.95651
FLUX  594   823.00        3.642679E+14   6.2305E-06   6.4981E-06   0.95881
FLUX  595   825.00        3.633848E+14   6.3152E-06   6.5039E-06   0.97100
FLUX  596   827.00        3.625060E+14   6.3670E-06   6.5095E-06   0.97811
FLUX  597   829.00        3.616315E+14   6.3584E-06   6.5151E-06   0.97595
FLUX  598   831.00        3.607611E+14   6.2440E-06   6.5206E-06   0.95757
FLUX  599   833.00        3.598950E+14   6.2354E-06   6.5261E-06   0.95546
FLUX  600   835.00        3.590329E+14   6.2877E-06   6.5315E-06   0.96268
FLUX  601   837.00        3.581750E+14   6.3502E-06   6.5368E-06   0.97146
FLUX  602   839.00        3.573212E+14   6.2208E-06   6.5420E-06   0.95089
FLUX  603   841.00        3.564715E+14   6.3827E-06   6.5472E-06   0.97487
FLUX  604   843.00        3.556257E+14   6.2998E-06   6.5523E-06   0.96145
FLUX  605   845.00        3.547840E+14   6.3660E-06   6.5574E-06   0.97081
FLUX  606   847.00        3.539463E+14   6.3373E-06   6.5624E-06   0.96569
FLUX  607   849.00        3.531125E+14   6.2985E-06   6.5673E-06   0.95907
FLUX  608   851.00        3.522826E+14   6.0723E-06   6.5722E-06   0.92394
FLUX  609   853.00        3.514566E+14   6.2516E-06   6.5770E-06   0.95052
FLUX  610   855.00        3.506345E+14   5.4323E-06   6.5822E-06   0.82530
FLUX  611   857.00        3.498162E+14   6.4379E-06   6.5869E-06   0.97739
FLUX  612   859.00        3.490017E+14   6.3816E-06   6.5915E-06   0.96815
FLUX  613   861.00        3.481911E+14   6.4009E-06   6.5961E-06   0.97040
FLUX  614   863.00        3.473841E+14   6.4541E-06   6.6006E-06   0.97780
FLUX  615   865.00        3.465809E+14   6.3898E-06   6.6050E-06   0.96741
FLUX  616   867.00        3.457814E+14   5.6055E-06   6.6094E-06   0.84810
FLUX  617   869.00        3.449856E+14   6.2697E-06   6.6138E-06   0.94797
FLUX  618   871.00        3.441935E+14   6.4301E-06   6.6181E-06   0.97159
FLUX  619   873.00        3.434049E+14   6.4307E-06   6.6223E-06   0.97107
FLUX  620   875.00        3.426200E+14   6.4098E-06   6.6265E-06   0.96731
FLUX  621   877.00        3.418387E+14   6.4934E-06   6.6306E-06   0.97931
FLUX  622   879.00        3.410609E+14   6.4716E-06   6.6346E-06   0.97542
FLUX  623   881.00        3.402866E+14   6.2998E-06   6.6387E-06   0.94895
FLUX  624   883.00        3.395159E+14   6.4454E-06   6.6426E-06   0.97031
FLUX  625   885.00        3.387486E+14   6.5105E-06   6.6465E-06   0.97954
FLUX  626   887.00        3.379848E+14   6.4160E-06   6.6504E-06   0.96476
FLUX  627   889.00        3.372244E+14   6.5476E-06   6.6542E-06   0.98399
FLUX  628   891.00        3.364674E+14   6.5848E-06   6.6579E-06   0.98903
FLUX  629   893.00        3.357139E+14   6.4930E-06   6.6616E-06   0.97469
FLUX  630   895.00        3.349637E+14   6.5150E-06   6.6652E-06   0.97746
FLUX  631   897.00        3.342168E+14   6.5382E-06   6.6688E-06   0.98042
FLUX  632   899.00        3.334733E+14   6.5663E-06   6.6723E-06   0.98411
FLUX  633   901.00        3.327331E+14   6.3501E-06   6.6758E-06   0.95121
FLUX  634   903.00        3.319961E+14   6.5343E-06   6.6792E-06   0.97831
FLUX  635   905.00        3.312624E+14   6.6319E-06   6.6825E-06   0.99242
FLUX  636   907.00        3.305320E+14   6.5791E-06   6.6858E-06   0.98404
FLUX  637   909.00        3.298047E+14   6.4512E-06   6.6891E-06   0.96444
FLUX  638   911.00        3.290807E+14   6.4899E-06   6.6923E-06   0.96977
FLUX  639   913.00        3.283598E+14   6.6080E-06   6.6954E-06   0.98694
FLUX  640   915.00        3.276421E+14   6.4927E-06   6.6985E-06   0.96927
FLUX  641   917.00        3.269275E+14   6.4498E-06   6.7016E-06   0.96242
FLUX  642   919.00        3.262160E+14   6.4852E-06   6.7046E-06   0.96728
FLUX  643   921.00        3.255076E+14   6.3760E-06   6.7076E-06   0.95057
FLUX  644   923.00        3.248023E+14   6.3619E-06   6.7105E-06   0.94805
FLUX  645   925.00        3.241000E+14   6.3667E-06   6.7134E-06   0.94836
FLUX  646   927.00        3.234008E+14   6.4748E-06   6.7163E-06   0.96405
FLUX  647   929.00        3.227045E+14   6.4678E-06   6.7191E-06   0.96259
FLUX  648   931.00        3.220113E+14   6.5380E-06   6.7219E-06   0.97263
FLUX  649   933.00        3.213210E+14   6.5359E-06   6.7247E-06   0.97192
FLUX  650   935.00        3.206337E+14   6.5224E-06   6.7274E-06   0.96952
FLUX  651   937.00        3.199493E+14   6.5314E-06   6.7301E-06   0.97048
FLUX  652   939.00        3.192678E+14   6.5076E-06   6.7328E-06   0.96656
FLUX  653   941.00        3.185893E+14   6.3284E-06   6.7354E-06   0.93958
FLUX  654   943.00        3.179136E+14   6.4702E-06   6.7379E-06   0.96026
FLUX  655   945.00        3.172407E+14   6.4068E-06   6.7404E-06   0.95051
FLUX  656   947.00        3.165707E+14   6.5305E-06   6.7429E-06   0.96849
FLUX  657   949.00        3.159036E+14   6.5510E-06   6.7454E-06   0.97119
FLUX  658   951.00        3.152392E+14   6.5613E-06   6.7478E-06   0.97237
FLUX  659   953.00        3.145776E+14   6.5298E-06   6.7501E-06   0.96736
FLUX  660   955.00        3.139188E+14   6.4537E-06   6.7524E-06   0.95577
FLUX  661   957.00        3.132628E+14   6.5418E-06   6.7547E-06   0.96848
FLUX  662   959.00        3.126095E+14   6.6024E-06   6.7569E-06   0.97713
FLUX  663   961.00        3.119589E+14   6.5716E-06   6.7591E-06   0.97225
FLUX  664   963.00        3.113110E+14   6.5529E-06   6.7613E-06   0.96918
FLUX  665   965.00        3.106658E+14   6.5312E-06   6.7634E-06   0.96566
FLUX  666   967.00        3.100233E+14   6.5281E-06   6.7655E-06   0.96491
FLUX  667   969.00        3.093834E+14   6.6065E-06   6.7675E-06   0.97620
FLUX  668   971.00        3.087461E+14   6.5850E-06   6.7695E-06   0.97274
FLUX  669   973.00        3.081115E+14   6.6018E-06   6.7715E-06   0.97494
FLUX  670   975.00        3.074795E+14   6.5679E-06   6.7735E-06   0.96965
FLUX  671   977.00        3.068500E+14   6.5989E-06   6.7754E-06   0.97396
FLUX  672   979.00        3.062232E+14   6.5565E-06   6.7772E-06   0.96743
FLUX  673   981.00        3.055989E+14   6.6449E-06   6.7791E-06   0.98021
FLUX  674   983.00        3.049771E+14   6.6233E-06   6.7809E-06   0.97677
FLUX  675   985.00        3.043579E+14   6.6655E-06   6.7826E-06   0.98272
FLUX  676   987.00        3.037411E+14   6.6444E-06   6.7844E-06   0.97936
FLUX  677   989.00        3.031269E+14   6.6613E-06   6.7861E-06   0.98161
FLUX  678   991.00        3.025151E+14   6.6319E-06   6.7878E-06   0.97703
FLUX  679   993.00        3.019058E+14   6.6999E-06   6.7894E-06   0.98682
FLUX  680   995.00        3.012990E+14   6.6924E-06   6.7911E-06   0.98547
FLUX  681   997.00        3.006946E+14   6.7079E-06   6.7927E-06   0.98752
FLUX  682   999.00        3.000926E+14   6.6999E-06   6.7942E-06   0.98611
FLUX  683  1002.50        2.990449E+14   6.6980E-06   6.7970E-06   0.98545
FLUX  684  1007.50        2.975608E+14   6.6639E-06   6.8007E-06   0.97989
FLUX  685  1012.50        2.960914E+14   6.7195E-06   6.8043E-06   0.98754
FLUX  686  1017.50        2.946364E+14   6.6741E-06   6.8078E-06   0.98036
FLUX  687  1022.50        2.931956E+14   6.7115E-06   6.8112E-06   0.98536
FLUX  688  1027.50        2.917689E+14   6.7524E-06   6.8145E-06   0.99089
FLUX  689  1032.50        2.903559E+14   6.7096E-06   6.8177E-06   0.98415
FLUX  690  1037.50        2.889566E+14   6.7154E-06   6.8207E-06   0.98456
FLUX  691  1042.50        2.875707E+14   6.7581E-06   6.8236E-06   0.99040
FLUX  692  1047.50        2.861981E+14   6.7319E-06   6.8264E-06   0.98616
FLUX  693  1052.50        2.848385E+14   6.7670E-06   6.8290E-06   0.99091
FLUX  694  1057.50        2.834917E+14   6.7358E-06   6.8314E-06   0.98600
FLUX  695  1062.50        2.821576E+14   6.7382E-06   6.8338E-06   0.98601
FLUX  696  1067.50        2.808361E+14   6.6726E-06   6.8360E-06   0.97609
FLUX  697  1072.50        2.795268E+14   6.7280E-06   6.8381E-06   0.98390
FLUX  698  1077.50        2.782297E+14   6.7011E-06   6.8402E-06   0.97966
FLUX  699  1082.50        2.769446E+14   6.6092E-06   6.8423E-06   0.96592
FLUX  700  1087.50        2.756713E+14   6.6497E-06   6.8444E-06   0.97156
FLUX  701  1092.50        2.744096E+14   6.6385E-06   6.8464E-06   0.96964
FLUX  702  1097.50        2.731595E+14   6.4841E-06   6.8483E-06   0.94682
FLUX  703  1102.50        2.719206E+14   6.5348E-06   6.8501E-06   0.95396
FLUX  704  1107.50        2.706930E+14   6.6011E-06   6.8518E-06   0.96340
FLUX  705  1112.50        2.694764E+14   6.6003E-06   6.8535E-06   0.96305
FLUX  706  1117.50        2.682707E+14   6.6334E-06   6.8551E-06   0.96766
FLUX  707  1122.50        2.670757E+14   6.6584E-06   6.8567E-06   0.97108
FLUX  708  1127.50        2.658913E+14   6.5888E-06   6.8583E-06   0.96071
FLUX  709  1132.50        2.647174E+14   6.6699E-06   6.8599E-06   0.97230
FLUX  710  1137.50        2.635538E+14   6.6295E-06   6.8616E-06   0.96617
FLUX  711  1142.50        2.624004E+14   6.6306E-06   6.8631E-06   0.96611
FLUX  712  1147.50        2.612571E+14   6.7271E-06   6.8646E-06   0.97997
FLUX  713  1152.50        2.601236E+14   6.7400E-06   6.8661E-06   0.98163
FLUX  714  1157.50        2.590000E+14   6.7074E-06   6.8676E-06   0.97668
FLUX  715  1162.50        2.578860E+14   6.6678E-06   6.8690E-06   0.97071
FLUX  716  1167.50        2.567816E+14   6.7052E-06   6.8704E-06   0.97595
FLUX  717  1172.50        2.556866E+14   6.7875E-06   6.8719E-06   0.98772
FLUX  718  1177.50        2.546008E+14   6.7128E-06   6.8734E-06   0.97663
FLUX  719  1182.50        2.535243E+14   6.6598E-06   6.8749E-06   0.96871
FLUX  720  1187.50        2.524568E+14   6.6871E-06   6.8769E-06   0.97241
FLUX  721  1192.50        2.513983E+14   6.8130E-06   6.8784E-06   0.99049
FLUX  722  1197.50        2.503486E+14   6.5887E-06   6.8800E-06   0.95767
FLUX  723  1202.50        2.493077E+14   6.7137E-06   6.8816E-06   0.97561
FLUX  724  1207.50        2.482754E+14   6.6755E-06   6.8831E-06   0.96983
FLUX  725  1212.50        2.472515E+14   6.7602E-06   6.8847E-06   0.98191
FLUX  726  1217.50        2.462361E+14   6.8260E-06   6.8863E-06   0.99123
FLUX  727  1222.50        2.452290E+14   6.8273E-06   6.8880E-06   0.99119
FLUX  728  1227.50        2.442301E+14   6.7998E-06   6.8897E-06   0.98695
FLUX  729  1232.50        2.432393E+14   6.8171E-06   6.8916E-06   0.98919
FLUX  730  1237.50        2.422566E+14   6.8226E-06   6.8935E-06   0.98972
FLUX  731  1242.50        2.412817E+14   6.7963E-06   6.8954E-06   0.98562
FLUX  732  1247.50        2.403146E+14   6.8442E-06   6.8975E-06   0.99228
FLUX  733  1252.50        2.393553E+14   6.8226E-06   6.8996E-06   0.98885
FLUX  734  1257.50        2.384036E+14   6.8389E-06   6.9018E-06   0.99088
FLUX  735  1262.50        2.374594E+14   6.8412E-06   6.9040E-06   0.99089
FLUX  736  1267.50        2.365227E+14   6.8072E-06   6.9064E-06   0.98563
FLUX  737  1272.50        2.355933E+14   6.8506E-06   6.9089E-06   0.99157
FLUX  738  1277.50        2.346712E+14   6.8685E-06   6.9115E-06   0.99378
FLUX  739  1282.50        2.337563E+14   6.6247E-06   6.9143E-06   0.95811
FLUX  740  1287.50        2.328485E+14   6.8350E-06   6.9171E-06   0.98813
FLUX  741  1292.50        2.319478E+14   6.8123E-06   6.9201E-06   0.98442
FLUX  742  1297.50        2.310539E+14   6.8747E-06   6.9231E-06   0.99301
FLUX  743  1302.50        2.301670E+14   6.8317E-06   6.9262E-06   0.98636
FLUX  744  1307.50        2.292868E+14   6.8819E-06   6.9293E-06   0.99315
FLUX  745  1312.50        2.284133E+14   6.7849E-06   6.9326E-06   0.97869
FLUX  746  1317.50        2.275465E+14   6.7998E-06   6.9359E-06   0.98038
FLUX  747  1322.50        2.266862E+14   6.8805E-06   6.9393E-06   0.99153
FLUX  748  1327.50        2.258324E+14   6.8180E-06   6.9428E-06   0.98202
FLUX  749  1332.50        2.249850E+14   6.8598E-06   6.9463E-06   0.98755
FLUX  750  1337.50        2.241439E+14   6.8592E-06   6.9500E-06   0.98694
FLUX  751  1342.50        2.233091E+14   6.9053E-06   6.9538E-06   0.99303
FLUX  752  1347.50        2.224805E+14   6.8947E-06   6.9577E-06   0.99095
FLUX  753  1352.50        2.216580E+14   6.9092E-06   6.9619E-06   0.99243
FLUX  754  1357.50        2.208416E+14   6.8432E-06   6.9662E-06   0.98234
FLUX  755  1362.50        2.200312E+14   6.8671E-06   6.9705E-06   0.98517
FLUX  756  1367.50        2.192267E+14   6.8813E-06   6.9750E-06   0.98657
FLUX  757  1372.50        2.184280E+14   6.9051E-06   6.9796E-06   0.98933
FLUX  758  1377.50        2.176352E+14   6.9006E-06   6.9842E-06   0.98803
FLUX  759  1382.50        2.168481E+14   6.9195E-06   6.9888E-06   0.99008
FLUX  760  1387.50        2.160667E+14   6.9170E-06   6.9936E-06   0.98905
FLUX  761  1392.50        2.152908E+14   6.9291E-06   6.9984E-06   0.99009
FLUX  762  1397.50        2.145206E+14   6.9201E-06   7.0036E-06   0.98809
FLUX  763  1402.50        2.137558E+14   6.8833E-06   7.0086E-06   0.98212
FLUX  764  1407.50        2.129964E+14   6.8979E-06   7.0137E-06   0.98349
FLUX  765  1412.50        2.122425E+14   6.8048E-06   7.0188E-06   0.96950
FLUX  766  1417.50        2.114938E+14   6.8714E-06   7.0240E-06   0.97827
FLUX  767  1422.50        2.107504E+14   6.7880E-06   7.0294E-06   0.96565
FLUX  768  1427.50        2.100123E+14   6.7042E-06   7.0347E-06   0.95302
FLUX  769  1432.50        2.092792E+14   6.8549E-06   7.0399E-06   0.97373
FLUX  770  1437.50        2.085513E+14   6.9058E-06   7.0451E-06   0.98023
FLUX  771  1442.50        2.078284E+14   6.7374E-06   7.0503E-06   0.95562
FLUX  772  1447.50        2.071105E+14   6.9047E-06   7.0556E-06   0.97861
FLUX  773  1452.50        2.063976E+14   6.8025E-06   7.0609E-06   0.96341
FLUX  774  1457.00        2.057601E+14   6.8429E-06   7.0657E-06   0.96847
FLUX  775  1462.00        2.050564E+14   6.8551E-06   7.0862E-06   0.96739
FLUX  776  1467.50        2.042879E+14   6.8547E-06   7.0931E-06   0.96638
FLUX  777  1472.50        2.035942E+14   6.7807E-06   7.0988E-06   0.95519
FLUX  778  1477.50        2.029052E+14   6.8222E-06   7.1044E-06   0.96028
FLUX  779  1482.50        2.022209E+14   6.8436E-06   7.1098E-06   0.96255
FLUX  780  1487.50        2.015412E+14   6.6658E-06   7.1151E-06   0.93685
FLUX  781  1492.50        2.008660E+14   6.9373E-06   7.1202E-06   0.97431
FLUX  782  1497.50        2.001953E+14   6.8861E-06   7.1252E-06   0.96644
FLUX  783  1502.50        1.995291E+14   6.6004E-06   7.1300E-06   0.92573
FLUX  784  1507.50        1.988673E+14   6.7359E-06   7.1345E-06   0.94413
FLUX  785  1512.50        1.982099E+14   6.8975E-06   7.1389E-06   0.96619
FLUX  786  1517.50        1.975568E+14   6.9401E-06   7.1430E-06   0.97161
FLUX  787  1522.50        1.969080E+14   6.8657E-06   7.1467E-06   0.96068
FLUX  788  1527.50        1.962635E+14   6.9328E-06   7.1501E-06   0.96960
FLUX  789  1532.50        1.956232E+14   6.9243E-06   7.1531E-06   0.96802
FLUX  790  1537.50        1.949870E+14   6.9378E-06   7.1556E-06   0.96955
FLUX  791  1542.50        1.943549E+14   6.9616E-06   7.1578E-06   0.97259
FLUX  792  1547.50        1.937270E+14   6.9628E-06   7.1595E-06   0.97254
FLUX  793  1552.50        1.931031E+14   6.9002E-06   7.1607E-06   0.96363
FLUX  794  1557.50        1.924831E+14   6.8969E-06   7.1612E-06   0.96308
FLUX  795  1562.50        1.918672E+14   6.9814E-06   7.1611E-06   0.97491
FLUX  796  1567.50        1.912552E+14   6.8531E-06   7.1603E-06   0.95710
FLUX  797  1572.50        1.906471E+14   6.9067E-06   7.1588E-06   0.96479
FLUX  798  1577.50        1.900428E+14   6.6206E-06   7.1564E-06   0.92513
FLUX  799  1582.50        1.894423E+14   6.8427E-06   7.1531E-06   0.95661
FLUX  800  1587.50        1.888457E+14   6.6521E-06   7.1487E-06   0.93052
FLUX  801  1592.50        1.882527E+14   6.8094E-06   7.1433E-06   0.95325
FLUX  802  1597.50        1.876635E+14   6.8523E-06   7.1370E-06   0.96011
FLUX  803  1605.00        1.867866E+14   6.8602E-06   7.1250E-06   0.96284
FLUX  804  1615.00        1.856300E+14   6.8026E-06   7.1038E-06   0.95759
FLUX  805  1625.00        1.844877E+14   6.8564E-06   7.0754E-06   0.96904
FLUX  806  1635.00        1.833593E+14   6.7856E-06   7.0362E-06   0.96438
FLUX  807  1645.00        1.822447E+14   6.7127E-06   6.9823E-06   0.96139
FLUX  808  1655.00        1.811435E+14   6.7687E-06   6.9186E-06   0.97832
FLUX  809  1665.00        1.800556E+14   6.7108E-06   6.8558E-06   0.97885
FLUX  810  1675.00        1.789806E+14   6.5793E-06   6.7940E-06   0.96840
FLUX  811  1685.00        1.779184E+14   6.4885E-06   6.7327E-06   0.96374
FLUX  812  1695.00        1.768687E+14   6.6004E-06   6.6721E-06   0.98925
FLUX  813  1705.00        1.758314E+14   6.4639E-06   6.6123E-06   0.97755
FLUX  814  1715.00        1.748061E+14   6.3992E-06   6.5533E-06   0.97649
FLUX  815  1725.00        1.737928E+14   6.3256E-06   6.4950E-06   0.97392
FLUX  816  1735.00        1.727911E+14   6.1481E-06   6.4375E-06   0.95505
FLUX  817  1745.00        1.718009E+14   6.2158E-06   6.3806E-06   0.97418
FLUX  818  1755.00        1.708219E+14   6.2212E-06   6.3244E-06   0.98368
FLUX  819  1765.00        1.698541E+14   6.1670E-06   6.2690E-06   0.98373
FLUX  820  1775.00        1.688972E+14   6.0980E-06   6.2142E-06   0.98131
FLUX  821  1785.00        1.679510E+14   6.0862E-06   6.1601E-06   0.98801
FLUX  822  1795.00        1.670153E+14   6.0365E-06   6.1066E-06   0.98852
FLUX  823  1805.00        1.660900E+14   5.9578E-06   6.0538E-06   0.98414
FLUX  824  1815.00        1.651749E+14   5.8074E-06   6.0016E-06   0.96764
FLUX  825  1825.00        1.642699E+14   5.8223E-06   5.9500E-06   0.97853
FLUX  826  1835.00        1.633747E+14   5.7931E-06   5.8990E-06   0.98206
FLUX  827  1845.00        1.624892E+14   5.6880E-06   5.8486E-06   0.97254
FLUX  828  1855.00        1.616132E+14   5.7042E-06   5.7987E-06   0.98370
FLUX  829  1865.00        1.607466E+14   5.6041E-06   5.7495E-06   0.97471
FLUX  830  1875.00        1.598893E+14   5.3848E-06   5.7008E-06   0.94456
FLUX  831  1885.00        1.590411E+14   5.5409E-06   5.6528E-06   0.98022
FLUX  832  1895.00        1.582018E+14   5.3798E-06   5.6053E-06   0.95978
FLUX  833  1905.00        1.573714E+14   5.4802E-06   5.5583E-06   0.98594
FLUX  834  1915.00        1.565496E+14   5.4122E-06   5.5119E-06   0.98190
FLUX  835  1925.00        1.557364E+14   5.3790E-06   5.4661E-06   0.98406
FLUX  836  1935.00        1.549315E+14   5.2862E-06   5.4209E-06   0.97517
FLUX  837  1945.00        1.541350E+14   5.1168E-06   5.3761E-06   0.95176
FLUX  838  1955.00        1.533465E+14   5.2447E-06   5.3319E-06   0.98365
FLUX  839  1965.00        1.525662E+14   5.1887E-06   5.2882E-06   0.98120
FLUX  840  1975.00        1.517937E+14   5.1076E-06   5.2450E-06   0.97380
FLUX  841  1985.00        1.510290E+14   5.1072E-06   5.2023E-06   0.98172
FLUX  842  1995.00        1.502719E+14   5.0697E-06   5.1601E-06   0.98248
FLUX  843  2005.00        1.495224E+14   5.0671E-06   5.1184E-06   0.98997
FLUX  844  2015.00        1.487804E+14   5.0505E-06   5.0772E-06   0.99475
FLUX  845  2025.00        1.480457E+14   4.9580E-06   5.0365E-06   0.98442
FLUX  846  2035.00        1.473182E+14   4.8940E-06   4.9962E-06   0.97954
FLUX  847  2045.00        1.465978E+14   4.9264E-06   4.9564E-06   0.99394
FLUX  848  2055.00        1.458844E+14   4.8626E-06   4.9171E-06   0.98893
FLUX  849  2065.00        1.451780E+14   4.7911E-06   4.8782E-06   0.98215
FLUX  850  2075.00        1.444783E+14   4.7848E-06   4.8397E-06   0.98866
FLUX  851  2085.00        1.437854E+14   4.7435E-06   4.8016E-06   0.98788
FLUX  852  2095.00        1.430990E+14   4.6714E-06   4.7640E-06   0.98056
FLUX  853  2105.00        1.424192E+14   4.6887E-06   4.7269E-06   0.99193
FLUX  854  2115.00        1.417459E+14   4.6409E-06   4.6901E-06   0.98951
FLUX  855  2125.00        1.410788E+14   4.6029E-06   4.6537E-06   0.98907
FLUX  856  2135.00        1.404180E+14   4.5817E-06   4.6177E-06   0.99220
FLUX  857  2145.00        1.397634E+14   4.5521E-06   4.5822E-06   0.99344
FLUX  858  2155.00        1.391148E+14   4.5162E-06   4.5470E-06   0.99323
FLUX  859  2165.00        1.384723E+14   4.3589E-06   4.5122E-06   0.96601
FLUX  860  2175.00        1.378356E+14   4.4030E-06   4.4778E-06   0.98328
FLUX  861  2185.00        1.372048E+14   4.3845E-06   4.4438E-06   0.98667
FLUX  862  2195.00        1.365797E+14   4.3875E-06   4.4102E-06   0.99487
FLUX  863  2205.00        1.359603E+14   4.2986E-06   4.3769E-06   0.98213
FLUX  864  2215.00        1.353465E+14   4.3254E-06   4.3440E-06   0.99572
FLUX  865  2225.00        1.347382E+14   4.2730E-06   4.3114E-06   0.99110
FLUX  866  2235.00        1.341353E+14   4.2424E-06   4.2792E-06   0.99141
FLUX  867  2245.00        1.335379E+14   4.2135E-06   4.2473E-06   0.99204
FLUX  868  2255.00        1.329457E+14   4.1796E-06   4.2158E-06   0.99141
FLUX  869  2265.00        1.323587E+14   4.1360E-06   4.1846E-06   0.98839
FLUX  870  2275.00        1.317769E+14   4.1344E-06   4.1538E-06   0.99534
FLUX  871  2285.00        1.312002E+14   4.0633E-06   4.1261E-06   0.98477
FLUX  872  2295.00        1.306285E+14   3.9518E-06   4.0960E-06   0.96481
FLUX  873  2305.00        1.300618E+14   3.9946E-06   4.0661E-06   0.98241
FLUX  874  2315.00        1.295000E+14   3.9690E-06   4.0366E-06   0.98327
FLUX  875  2325.00        1.289430E+14   3.8216E-06   4.0074E-06   0.95365
FLUX  876  2335.00        1.283908E+14   3.8575E-06   3.9784E-06   0.96960
FLUX  877  2345.00        1.278433E+14   3.8818E-06   3.9498E-06   0.98277
FLUX  878  2355.00        1.273004E+14   3.7130E-06   3.9215E-06   0.94682
FLUX  879  2365.00        1.267622E+14   3.7902E-06   3.8935E-06   0.97346
FLUX  880  2375.00        1.262284E+14   3.7496E-06   3.8658E-06   0.96993
FLUX  881  2385.00        1.256992E+14   3.6156E-06   3.8384E-06   0.94197
FLUX  882  2395.00        1.251743E+14   3.6952E-06   3.8113E-06   0.96955
FLUX  883  2405.00        1.246538E+14   3.6887E-06   3.7844E-06   0.97471
FLUX  884  2415.00        1.241377E+14   3.5559E-06   3.7578E-06   0.94626
FLUX  885  2425.00        1.236258E+14   3.6029E-06   3.7315E-06   0.96554
FLUX  886  2435.00        1.231181E+14   3.5977E-06   3.7055E-06   0.97092
FLUX  887  2445.00        1.226145E+14   3.5246E-06   3.6797E-06   0.95786
FLUX  888  2455.00        1.221151E+14   3.4739E-06   3.6542E-06   0.95067
FLUX  889  2465.00        1.216197E+14   3.5345E-06   3.6289E-06   0.97399
FLUX  890  2475.00        1.211283E+14   3.4670E-06   3.6039E-06   0.96201
FLUX  891  2485.00        1.206408E+14   3.3964E-06   3.5792E-06   0.94892
FLUX  892  2495.00        1.201573E+14   3.4522E-06   3.5547E-06   0.97117
FLUX  893  2505.00        1.196776E+14   3.4372E-06   3.5304E-06   0.97358
FLUX  894  2515.00        1.192018E+14   3.3693E-06   3.5064E-06   0.96090
FLUX  895  2525.00        1.187297E+14   3.3920E-06   3.4827E-06   0.97397
FLUX  896  2535.00        1.182613E+14   3.3731E-06   3.4591E-06   0.97515
FLUX  897  2545.00        1.177967E+14   3.3184E-06   3.4358E-06   0.96582
FLUX  898  2555.00        1.173356E+14   3.3105E-06   3.4127E-06   0.97005
FLUX  899  2565.00        1.168782E+14   3.2982E-06   3.3899E-06   0.97296
FLUX  900  2575.00        1.164243E+14   3.3059E-06   3.3673E-06   0.98179
FLUX  901  2585.00        1.159739E+14   3.2139E-06   3.3448E-06   0.96087
FLUX  902  2595.00        1.155270E+14   3.2439E-06   3.3226E-06   0.97630
FLUX  903  2605.00        1.150835E+14   3.2394E-06   3.3007E-06   0.98144
FLUX  904  2615.00        1.146434E+14   3.2092E-06   3.2789E-06   0.97873
FLUX  905  2625.00        1.142067E+14   3.1174E-06   3.2573E-06   0.95703
FLUX  906  2635.00        1.137732E+14   3.1585E-06   3.2360E-06   0.97607
FLUX  907  2645.00        1.133431E+14   3.1356E-06   3.2148E-06   0.97534
FLUX  908  2655.00        1.129162E+14   3.1153E-06   3.1939E-06   0.97541
FLUX  909  2665.00        1.124925E+14   3.0828E-06   3.1731E-06   0.97152
FLUX  910  2675.00        1.120720E+14   3.1058E-06   3.1526E-06   0.98517
FLUX  911  2685.00        1.116546E+14   3.0951E-06   3.1322E-06   0.98814
FLUX  912  2695.00        1.112403E+14   3.0657E-06   3.1121E-06   0.98508
FLUX  913  2705.00        1.108290E+14   3.0564E-06   3.0921E-06   0.98845
FLUX  914  2715.00        1.104208E+14   3.0347E-06   3.0723E-06   0.98773
FLUX  915  2725.00        1.100156E+14   3.0186E-06   3.0528E-06   0.98880
FLUX  916  2735.00        1.096133E+14   2.9978E-06   3.0333E-06   0.98828
FLUX  917  2745.00        1.092140E+14   2.9898E-06   3.0141E-06   0.99192
FLUX  918  2755.00        1.088176E+14   2.9601E-06   2.9951E-06   0.98831
FLUX  919  2765.00        1.084240E+14   2.9404E-06   2.9762E-06   0.98797
FLUX  920  2775.00        1.080333E+14   2.9235E-06   2.9575E-06   0.98850
FLUX  921  2785.00        1.076454E+14   2.9106E-06   2.9390E-06   0.99035
FLUX  922  2795.00        1.072603E+14   2.8998E-06   2.9206E-06   0.99287
FLUX  923  2805.00        1.068779E+14   2.8795E-06   2.9025E-06   0.99209
FLUX  924  2815.00        1.064982E+14   2.8646E-06   2.8844E-06   0.99313
FLUX  925  2825.00        1.061212E+14   2.8481E-06   2.8666E-06   0.99356
FLUX  926  2835.00        1.057469E+14   2.8380E-06   2.8489E-06   0.99618
FLUX  927  2845.00        1.053752E+14   2.8091E-06   2.8314E-06   0.99215
FLUX  928  2855.00        1.050061E+14   2.7980E-06   2.8140E-06   0.99433
FLUX  929  2865.00        1.046396E+14   2.7790E-06   2.7968E-06   0.99365
FLUX  930  2875.00        1.042757E+14   2.7528E-06   2.7797E-06   0.99033
FLUX  931  2885.00        1.039142E+14   2.7481E-06   2.7628E-06   0.99466
FLUX  932  2895.00        1.035553E+14   2.7347E-06   2.7461E-06   0.99587
FLUX  933  2905.00        1.031988E+14   2.7174E-06   2.7295E-06   0.99558
FLUX  934  2915.00        1.028448E+14   2.7042E-06   2.7130E-06   0.99677
FLUX  935  2925.00        1.024932E+14   2.6673E-06   2.6967E-06   0.98911
FLUX  936  2935.00        1.021440E+14   2.6680E-06   2.6806E-06   0.99530
FLUX  937  2945.00        1.017971E+14   2.6475E-06   2.6645E-06   0.99360
FLUX  938  2955.00        1.014526E+14   2.6379E-06   2.6487E-06   0.99595
FLUX  939  2965.00        1.011105E+14   2.6220E-06   2.6329E-06   0.99587
FLUX  940  2975.00        1.007706E+14   2.6091E-06   2.6173E-06   0.99684
FLUX  941  2985.00        1.004330E+14   2.5940E-06   2.6019E-06   0.99697
FLUX  942  2995.00        1.000977E+14   2.5724E-06   2.5865E-06   0.99455
FLUX  943  3005.00        9.976456E+13   2.5561E-06   2.5714E-06   0.99406
FLUX  944  3015.00        9.943366E+13   2.5500E-06   2.5563E-06   0.99756
FLUX  945  3025.00        9.910496E+13   2.5304E-06   2.5414E-06   0.99569
FLUX  946  3035.00        9.877842E+13   2.5019E-06   2.5266E-06   0.99025
FLUX  947  3045.00        9.845402E+13   2.4948E-06   2.5118E-06   0.99322
FLUX  948  3055.00        9.813175E+13   2.4891E-06   2.4972E-06   0.99674
FLUX  949  3065.00        9.781158E+13   2.4695E-06   2.4828E-06   0.99464
FLUX  950  3075.00        9.749349E+13   2.4636E-06   2.4684E-06   0.99807
FLUX  951  3085.00        9.717747E+13   2.4383E-06   2.4542E-06   0.99352
FLUX  952  3095.00        9.686349E+13   2.4271E-06   2.4401E-06   0.99468
FLUX  953  3105.00        9.655153E+13   2.4218E-06   2.4261E-06   0.99825
FLUX  954  3115.00        9.624157E+13   2.3819E-06   2.4122E-06   0.98743
FLUX  955  3125.00        9.593360E+13   2.3917E-06   2.3985E-06   0.99719
FLUX  956  3135.00        9.562759E+13   2.3747E-06   2.3848E-06   0.99574
FLUX  957  3145.00        9.532353E+13   2.3664E-06   2.3713E-06   0.99794
FLUX  958  3155.00        9.502139E+13   2.3420E-06   2.3579E-06   0.99325
FLUX  959  3165.00        9.472117E+13   2.3347E-06   2.3446E-06   0.99578
FLUX  960  3175.00        9.442283E+13   2.3216E-06   2.3314E-06   0.99578
FLUX  961  3185.00        9.412637E+13   2.3096E-06   2.3183E-06   0.99623
FLUX  962  3195.00        9.383177E+13   2.3009E-06   2.3053E-06   0.99806
FLUX  963  3210.00        9.339330E+13   2.2789E-06   2.2861E-06   0.99687
FLUX  964  3230.00        9.281501E+13   2.2510E-06   2.2608E-06   0.99565
FLUX  965  3250.00        9.224385E+13   2.2279E-06   2.2359E-06   0.99641
FLUX  966  3270.00        9.167966E+13   2.2028E-06   2.2114E-06   0.99612
FLUX  967  3290.00        9.112234E+13   2.1667E-06   2.1876E-06   0.99047
FLUX  968  3310.00        9.057175E+13   2.1500E-06   2.1639E-06   0.99361
FLUX  969  3330.00        9.002778E+13   2.1225E-06   2.1405E-06   0.99159
FLUX  970  3350.00        8.949030E+13   2.1090E-06   2.1176E-06   0.99592
FLUX  971  3370.00        8.895920E+13   2.0853E-06   2.0950E-06   0.99536
FLUX  972  3390.00        8.843436E+13   2.0558E-06   2.0728E-06   0.99182
FLUX  973  3410.00        8.791569E+13   2.0344E-06   2.0509E-06   0.99195
FLUX  974  3430.00        8.740306E+13   2.0230E-06   2.0293E-06   0.99688
FLUX  975  3450.00        8.689638E+13   2.0008E-06   2.0081E-06   0.99637
FLUX  976  3470.00        8.639553E+13   1.9807E-06   1.9873E-06   0.99670
FLUX  977  3490.00        8.590043E+13   1.9617E-06   1.9667E-06   0.99744
FLUX  978  3510.00        8.541097E+13   1.9413E-06   1.9465E-06   0.99735
FLUX  979  3530.00        8.492705E+13   1.9172E-06   1.9265E-06   0.99514
FLUX  980  3550.00        8.444859E+13   1.9023E-06   1.9069E-06   0.99756
FLUX  981  3570.00        8.397549E+13   1.8791E-06   1.8876E-06   0.99551
FLUX  982  3590.00        8.350766E+13   1.8594E-06   1.8686E-06   0.99510
FLUX  983  3610.00        8.304501E+13   1.8476E-06   1.8498E-06   0.99883
FLUX  984  3630.00        8.258746E+13   1.8271E-06   1.8313E-06   0.99770
FLUX  985  3650.00        8.213493E+13   1.8002E-06   1.8131E-06   0.99286
FLUX  986  3670.00        8.168733E+13   1.7822E-06   1.7952E-06   0.99278
FLUX  987  3690.00        8.124458E+13   1.7565E-06   1.7775E-06   0.98818
FLUX  988  3710.00        8.080660E+13   1.7380E-06   1.7601E-06   0.98743
FLUX  989  3730.00        8.037332E+13   1.7295E-06   1.7429E-06   0.99228
FLUX  990  3750.00        7.994467E+13   1.6968E-06   1.7260E-06   0.98308
FLUX  991  3770.00        7.952056E+13   1.6968E-06   1.7093E-06   0.99268
FLUX  992  3790.00        7.910092E+13   1.6810E-06   1.6929E-06   0.99298
FLUX  993  3810.00        7.868569E+13   1.6659E-06   1.6767E-06   0.99353
FLUX  994  3830.00        7.827480E+13   1.6554E-06   1.6607E-06   0.99679
FLUX  995  3850.00        7.786818E+13   1.6411E-06   1.6450E-06   0.99764
FLUX  996  3870.00        7.746576E+13   1.6215E-06   1.6295E-06   0.99510
FLUX  997  3890.00        7.706748E+13   1.6043E-06   1.6142E-06   0.99386
FLUX  998  3910.00        7.667327E+13   1.5958E-06   1.5991E-06   0.99797
FLUX  999  3930.00        7.628308E+13   1.5800E-06   1.5842E-06   0.99737
FLUX 1000  3950.00        7.589683E+13   1.5587E-06   1.5695E-06   0.99309
FLUX 1001  3970.00        7.551448E+13   1.5495E-06   1.5550E-06   0.99646
FLUX 1002  3990.00        7.513596E+13   1.5244E-06   1.5408E-06   0.98934
FLUX 1003  4010.00        7.476122E+13   1.5171E-06   1.5267E-06   0.99374
FLUX 1004  4030.00        7.439020E+13   1.5082E-06   1.5128E-06   0.99696
FLUX 1005  4050.00        7.402284E+13   1.4841E-06   1.4991E-06   0.99002
FLUX 1006  4070.00        7.365909E+13   1.4763E-06   1.4856E-06   0.99371
FLUX 1007  4090.00        7.329890E+13   1.4666E-06   1.4723E-06   0.99617
FLUX 1008  4110.00        7.294221E+13   1.4536E-06   1.4591E-06   0.99621
FLUX 1009  4130.00        7.258898E+13   1.4439E-06   1.4461E-06   0.99848
FLUX 1010  4150.00        7.223916E+13   1.4271E-06   1.4333E-06   0.99563
FLUX 1011  4170.00        7.189269E+13   1.4166E-06   1.4207E-06   0.99716
FLUX 1012  4190.00        7.154952E+13   1.4032E-06   1.4082E-06   0.99643
FLUX 1013  4210.00        7.120962E+13   1.3809E-06   1.3959E-06   0.98923
FLUX 1014  4230.00        7.087293E+13   1.3831E-06   1.3837E-06   0.99957
FLUX 1015  4250.00        7.053941E+13   1.3663E-06   1.3717E-06   0.99600
FLUX 1016  4270.00        7.020902E+13   1.3582E-06   1.3599E-06   0.99874
FLUX 1017  4290.00        6.988170E+13   1.3185E-06   1.3482E-06   0.97799
FLUX 1018  4310.00        6.955742E+13   1.2914E-06   1.3367E-06   0.96613
FLUX 1019  4330.00        6.923614E+13   1.2935E-06   1.3253E-06   0.97603
FLUX 1020  4350.00        6.891782E+13   1.2533E-06   1.3140E-06   0.95380
FLUX 1021  4370.00        6.860240E+13   1.2393E-06   1.3029E-06   0.95115
FLUX 1022  4390.00        6.828986E+13   1.2370E-06   1.2920E-06   0.95745
FLUX 1023  4410.00        6.798016E+13   1.1925E-06   1.2811E-06   0.93082
FLUX 1024  4430.00        6.767325E+13   1.1957E-06   1.2704E-06   0.94116
FLUX 1025  4450.00        6.736910E+13   1.1887E-06   1.2599E-06   0.94355
FLUX 1026  4470.00        6.706767E+13   1.1519E-06   1.2495E-06   0.92191
FLUX 1027  4490.00        6.676893E+13   1.1619E-06   1.2392E-06   0.93762
FLUX 1028  4510.00        6.647284E+13   1.1485E-06   1.2290E-06   0.93452
FLUX 1029  4530.00        6.617936E+13   1.1196E-06   1.2189E-06   0.91847
FLUX 1030  4550.00        6.588846E+13   1.1257E-06   1.2090E-06   0.93111
FLUX 1031  4570.00        6.560011E+13   1.1228E-06   1.1992E-06   0.93628
FLUX 1032  4590.00        6.531427E+13   1.0918E-06   1.1895E-06   0.91787
FLUX 1033  4610.00        6.503091E+13   1.1003E-06   1.1799E-06   0.93255
FLUX 1034  4630.00        6.475000E+13   1.0897E-06   1.1705E-06   0.93105
FLUX 1035  4650.00        6.447150E+13   1.0790E-06   1.1611E-06   0.92929
FLUX 1036  4670.00        6.419540E+13   1.0782E-06   1.1519E-06   0.93604
FLUX 1037  4690.00        6.392164E+13   1.0727E-06   1.1427E-06   0.93870
FLUX 1038  4710.00        6.365021E+13   1.0604E-06   1.1337E-06   0.93529
FLUX 1039  4730.00        6.338108E+13   1.0632E-06   1.1248E-06   0.94521
FLUX 1040  4750.00        6.311421E+13   1.0527E-06   1.1160E-06   0.94325
FLUX 1041  4770.00        6.284958E+13   1.0438E-06   1.1073E-06   0.94268
FLUX 1042  4790.00        6.258716E+13   1.0376E-06   1.0987E-06   0.94444
FLUX 1043  4810.00        6.232692E+13   1.0253E-06   1.0902E-06   0.94050
FLUX 1044  4830.00        6.206884E+13   1.0296E-06   1.0818E-06   0.95182
FLUX 1045  4850.00        6.181289E+13   1.0167E-06   1.0735E-06   0.94713
FLUX 1046  4870.00        6.155903E+13   1.0084E-06   1.0652E-06   0.94660
FLUX 1047  4890.00        6.130726E+13   1.0036E-06   1.0571E-06   0.94936
FLUX 1048  4910.00        6.105753E+13   9.9535E-07   1.0491E-06   0.94878
FLUX 1049  4930.00        6.080984E+13   9.8855E-07   1.0412E-06   0.94948
FLUX 1050  4950.00        6.056414E+13   9.8043E-07   1.0333E-06   0.94883
FLUX 1051  4970.00        6.032042E+13   9.7563E-07   1.0255E-06   0.95133
FLUX 1052  4990.00        6.007866E+13   9.6940E-07   1.0179E-06   0.95239
FLUX 1053  5010.00        5.983882E+13   9.5739E-07   1.0103E-06   0.94765
FLUX 1054  5030.00        5.960089E+13   9.5849E-07   1.0028E-06   0.95584
FLUX 1055  5050.00        5.936485E+13   9.4625E-07   9.9535E-07   0.95068
FLUX 1056  5070.00        5.913067E+13   9.4164E-07   9.8801E-07   0.95307
FLUX 1057  5090.00        5.889833E+13   9.3761E-07   9.8075E-07   0.95601
FLUX 1058  5110.00        5.866781E+13   9.2700E-07   9.7357E-07   0.95217
FLUX 1059  5130.00        5.843908E+13   9.2396E-07   9.6646E-07   0.95602
FLUX 1060  5150.00        5.821214E+13   9.1695E-07   9.5944E-07   0.95572
FLUX 1061  5170.00        5.798694E+13   9.1663E-07   9.5249E-07   0.96235
FLUX 1062  5190.00        5.776349E+13   9.0612E-07   9.4562E-07   0.95823
FLUX 1063  5210.00        5.754175E+13   8.9915E-07   9.3882E-07   0.95775
FLUX 1064  5230.00        5.732170E+13   8.9325E-07   9.3209E-07   0.95833
FLUX 1065  5250.00        5.710333E+13   8.9101E-07   9.2543E-07   0.96280
FLUX 1066  5270.00        5.688662E+13   8.8822E-07   9.1885E-07   0.96666
FLUX 1067  5290.00        5.667155E+13   8.7526E-07   9.1234E-07   0.95937
FLUX 1068  5310.00        5.645810E+13   8.7240E-07   9.0589E-07   0.96303
FLUX 1069  5330.00        5.624625E+13   8.6731E-07   8.9951E-07   0.96421
FLUX 1070  5350.00        5.603598E+13   8.6226E-07   8.9320E-07   0.96536
FLUX 1071  5370.00        5.582728E+13   8.5593E-07   8.8695E-07   0.96502
FLUX 1072  5390.00        5.562013E+13   8.5285E-07   8.8077E-07   0.96830
FLUX 1073  5410.00        5.541451E+13   8.4746E-07   8.7466E-07   0.96890
FLUX 1074  5430.00        5.521040E+13   8.3794E-07   8.6861E-07   0.96469
FLUX 1075  5450.00        5.500780E+13   8.3735E-07   8.6262E-07   0.97071
FLUX 1076  5470.00        5.480667E+13   8.3046E-07   8.5669E-07   0.96939
FLUX 1077  5490.00        5.460701E+13   8.2494E-07   8.5082E-07   0.96959
FLUX 1078  5510.00        5.440880E+13   8.2118E-07   8.4501E-07   0.97179
FLUX 1079  5530.00        5.421202E+13   8.2003E-07   8.3926E-07   0.97709
FLUX 1080  5550.00        5.401667E+13   8.0905E-07   8.3357E-07   0.97058
FLUX 1081  5570.00        5.382271E+13   8.0969E-07   8.2794E-07   0.97796
FLUX 1082  5590.00        5.363014E+13   7.9947E-07   8.2237E-07   0.97216
FLUX 1083  5610.00        5.343895E+13   7.9712E-07   8.1685E-07   0.97584
FLUX 1084  5630.00        5.324911E+13   7.9099E-07   8.1138E-07   0.97487
FLUX 1085  5650.00        5.306062E+13   7.8954E-07   8.0597E-07   0.97961
FLUX 1086  5670.00        5.287346E+13   7.8476E-07   8.0062E-07   0.98019
FLUX 1087  5690.00        5.268761E+13   7.7593E-07   7.9532E-07   0.97562
FLUX 1088  5710.00        5.250306E+13   7.7523E-07   7.9007E-07   0.98122
FLUX 1089  5730.00        5.231981E+13   7.7055E-07   7.8487E-07   0.98176
FLUX 1090  5750.00        5.213783E+13   7.6546E-07   7.7972E-07   0.98171
FLUX 1091  5770.00        5.195711E+13   7.6005E-07   7.7463E-07   0.98119
FLUX 1092  5790.00        5.177763E+13   7.5707E-07   7.6958E-07   0.98374
FLUX 1093  5810.00        5.159940E+13   7.5111E-07   7.6458E-07   0.98238
FLUX 1094  5830.00        5.142238E+13   7.4723E-07   7.5963E-07   0.98367
FLUX 1095  5850.00        5.124658E+13   7.4375E-07   7.5473E-07   0.98545
FLUX 1096  5870.00        5.107198E+13   7.3730E-07   7.4988E-07   0.98323
FLUX 1097  5890.00        5.089856E+13   7.3201E-07   7.4507E-07   0.98248
FLUX 1098  5910.00        5.072631E+13   7.2992E-07   7.4030E-07   0.98598
FLUX 1099  5930.00        5.055523E+13   7.2566E-07   7.3559E-07   0.98650
FLUX 1100  5950.00        5.038529E+13   7.1933E-07   7.3091E-07   0.98415
FLUX 1101  5970.00        5.021650E+13   7.1759E-07   7.2629E-07   0.98803
FLUX 1102  5990.00        5.004883E+13   7.1325E-07   7.2170E-07   0.98828
FLUX 1103  6010.00        4.988228E+13   7.0862E-07   7.1716E-07   0.98809
FLUX 1104  6030.00        4.971683E+13   7.0485E-07   7.1266E-07   0.98904
FLUX 1105  6050.00        4.955248E+13   7.0007E-07   7.0820E-07   0.98851
FLUX 1106  6070.00        4.938921E+13   6.9594E-07   7.0379E-07   0.98885
FLUX 1107  6090.00        4.922701E+13   6.9095E-07   6.9941E-07   0.98789
FLUX 1108  6110.00        4.906588E+13   6.8577E-07   6.9508E-07   0.98661
FLUX 1109  6130.00        4.890579E+13   6.8373E-07   6.9079E-07   0.98978
FLUX 1110  6150.00        4.874675E+13   6.8035E-07   6.8653E-07   0.99100
FLUX 1111  6170.00        4.858874E+13   6.7648E-07   6.8232E-07   0.99145
FLUX 1112  6190.00        4.843174E+13   6.7293E-07   6.7814E-07   0.99231
FLUX 1113  6210.00        4.827576E+13   6.6927E-07   6.7400E-07   0.99298
FLUX 1114  6230.00        4.812079E+13   6.6302E-07   6.6990E-07   0.98973
FLUX 1115  6250.00        4.796680E+13   6.5958E-07   6.6584E-07   0.99060
FLUX 1116  6270.00        4.781380E+13   6.5616E-07   6.6181E-07   0.99147
FLUX 1117  6290.00        4.766176E+13   6.5324E-07   6.5782E-07   0.99304
FLUX 1118  6310.00        4.751070E+13   6.4798E-07   6.5387E-07   0.99100
FLUX 1119  6330.00        4.736058E+13   6.4671E-07   6.4995E-07   0.99501
FLUX 1120  6350.00        4.721142E+13   6.4211E-07   6.4606E-07   0.99388
FLUX 1121  6370.00        4.706319E+13   6.3911E-07   6.4221E-07   0.99516
FLUX 1122  6390.00        4.691588E+13   6.3457E-07   6.3840E-07   0.99400
FLUX 1123  6420.00        4.669665E+13   6.2986E-07   6.3274E-07   0.99545
FLUX 1124  6460.00        4.640751E+13   6.2194E-07   6.2531E-07   0.99461
FLUX 1125  6500.00        4.612192E+13   6.1483E-07   6.1801E-07   0.99485
FLUX 1126  6540.00        4.583983E+13   6.0872E-07   6.1084E-07   0.99653
FLUX 1127  6580.00        4.556117E+13   6.0221E-07   6.0379E-07   0.99739
FLUX 1128  6620.00        4.528588E+13   5.9504E-07   5.9686E-07   0.99694
FLUX 1129  6660.00        4.501389E+13   5.8881E-07   5.9005E-07   0.99789
FLUX 1130  6700.00        4.474515E+13   5.8195E-07   5.8336E-07   0.99758
FLUX 1131  6740.00        4.447960E+13   5.7508E-07   5.7678E-07   0.99704
FLUX 1132  6780.00        4.421718E+13   5.6927E-07   5.7031E-07   0.99817
FLUX 1133  6820.00        4.395784E+13   5.6295E-07   5.6395E-07   0.99822
FLUX 1134  6860.00        4.370153E+13   5.5696E-07   5.5770E-07   0.99867
FLUX 1135  6900.00        4.344819E+13   5.5076E-07   5.5155E-07   0.99857
FLUX 1136  6940.00        4.319777E+13   5.4459E-07   5.4549E-07   0.99835
FLUX 1137  6980.00        4.295021E+13   5.3907E-07   5.3954E-07   0.99913
FLUX 1138  7020.00        4.270548E+13   5.3237E-07   5.3368E-07   0.99755
FLUX 1139  7060.00        4.246353E+13   5.2745E-07   5.2792E-07   0.99911
FLUX 1140  7100.00        4.222430E+13   5.2187E-07   5.2225E-07   0.99927
FLUX 1141  7140.00        4.198774E+13   5.1627E-07   5.1667E-07   0.99922
FLUX 1142  7180.00        4.175383E+13   5.1079E-07   5.1118E-07   0.99924
FLUX 1143  7220.00        4.152251E+13   5.0544E-07   5.0578E-07   0.99933
FLUX 1144  7260.00        4.129373E+13   5.0002E-07   5.0046E-07   0.99913
FLUX 1145  7300.00        4.106747E+13   4.9507E-07   4.9522E-07   0.99969
FLUX 1146  7340.00        4.084366E+13   4.8956E-07   4.9007E-07   0.99895
FLUX 1147  7380.00        4.062229E+13   4.8484E-07   4.8500E-07   0.99967
FLUX 1148  7420.00        4.040330E+13   4.7948E-07   4.8000E-07   0.99892
FLUX 1149  7460.00        4.018666E+13   4.7400E-07   4.7508E-07   0.99773
FLUX 1150  7500.00        3.997233E+13   4.6987E-07   4.7024E-07   0.99921
FLUX 1151  7540.00        3.976028E+13   4.6515E-07   4.6547E-07   0.99931
FLUX 1152  7580.00        3.955046E+13   4.6065E-07   4.6077E-07   0.99973
FLUX 1153  7620.00        3.934285E+13   4.5600E-07   4.5614E-07   0.99968
FLUX 1154  7660.00        3.913740E+13   4.5146E-07   4.5159E-07   0.99972
FLUX 1155  7700.00        3.893409E+13   4.4663E-07   4.4710E-07   0.99897
FLUX 1156  7740.00        3.873288E+13   4.4254E-07   4.4267E-07   0.99970
FLUX 1157  7780.00        3.853374E+13   4.3820E-07   4.3831E-07   0.99975
FLUX 1158  7820.00        3.833664E+13   4.3390E-07   4.3402E-07   0.99973
FLUX 1159  7860.00        3.814154E+13   4.2967E-07   4.2979E-07   0.99973
FLUX 1160  7900.00        3.794842E+13   4.2549E-07   4.2562E-07   0.99970
FLUX 1161  7940.00        3.775724E+13   4.2137E-07   4.2151E-07   0.99967
FLUX 1162  7980.00        3.756798E+13   4.1734E-07   4.1746E-07   0.99972
FLUX 1163  8020.00        3.738061E+13   4.1311E-07   4.1347E-07   0.99913
FLUX 1164  8060.00        3.719510E+13   4.0905E-07   4.0953E-07   0.99884
FLUX 1165  8100.00        3.701142E+13   4.0552E-07   4.0565E-07   0.99968
FLUX 1166  8140.00        3.682955E+13   4.0120E-07   4.0183E-07   0.99845
FLUX 1167  8180.00        3.664945E+13   3.9780E-07   3.9805E-07   0.99937
FLUX 1168  8220.00        3.647111E+13   3.9425E-07   3.9433E-07   0.99978
FLUX 1169  8260.00        3.629449E+13   3.9050E-07   3.9067E-07   0.99957
FLUX 1170  8300.00        3.611958E+13   3.8694E-07   3.8705E-07   0.99973
FLUX 1171  8340.00        3.594634E+13   3.8308E-07   3.8348E-07   0.99896
FLUX 1172  8380.00        3.577476E+13   3.7965E-07   3.7996E-07   0.99918
FLUX 1173  8420.00        3.560481E+13   3.7638E-07   3.7649E-07   0.99971
FLUX 1174  8460.00        3.543647E+13   3.7296E-07   3.7307E-07   0.99969
FLUX 1175  8500.00        3.526971E+13   3.6959E-07   3.6970E-07   0.99971
FLUX 1176  8540.00        3.510451E+13   3.6625E-07   3.6636E-07   0.99968
FLUX 1177  8580.00        3.494085E+13   3.6300E-07   3.6308E-07   0.99979
FLUX 1178  8620.00        3.477871E+13   3.5970E-07   3.5984E-07   0.99963
FLUX 1179  8660.00        3.461807E+13   3.5657E-07   3.5664E-07   0.99980
FLUX 1180  8700.00        3.445891E+13   3.5341E-07   3.5348E-07   0.99980
FLUX 1181  8740.00        3.430120E+13   3.5028E-07   3.5037E-07   0.99976
FLUX 1182  8780.00        3.414493E+13   3.4720E-07   3.4729E-07   0.99973
FLUX 1183  8820.00        3.399008E+13   3.4394E-07   3.4426E-07   0.99906
FLUX 1184  8860.00        3.383662E+13   3.4092E-07   3.4127E-07   0.99898
FLUX 1185  8900.00        3.368455E+13   3.3794E-07   3.3831E-07   0.99891
FLUX 1186  8940.00        3.353384E+13   3.3525E-07   3.3539E-07   0.99957
FLUX 1187  8980.00        3.338447E+13   3.3213E-07   3.3251E-07   0.99886
FLUX 1188  9020.00        3.323642E+13   3.2943E-07   3.2967E-07   0.99927
FLUX 1189  9060.00        3.308968E+13   3.2682E-07   3.2686E-07   0.99986
FLUX 1190  9100.00        3.294423E+13   3.2374E-07   3.2409E-07   0.99889
FLUX 1191  9140.00        3.280005E+13   3.2107E-07   3.2136E-07   0.99910
FLUX 1192  9180.00        3.265713E+13   3.1851E-07   3.1866E-07   0.99953
FLUX 1193  9220.00        3.251546E+13   3.1590E-07   3.1599E-07   0.99971
FLUX 1194  9260.00        3.237500E+13   3.1323E-07   3.1336E-07   0.99961
FLUX 1195  9300.00        3.223575E+13   3.1072E-07   3.1075E-07   0.99988
FLUX 1196  9340.00        3.209770E+13   3.0799E-07   3.0819E-07   0.99938
FLUX 1197  9380.00        3.196082E+13   3.0549E-07   3.0565E-07   0.99949
FLUX 1198  9420.00        3.182511E+13   3.0311E-07   3.0314E-07   0.99989
FLUX 1199  9460.00        3.169054E+13   3.0046E-07   3.0067E-07   0.99932
FLUX 1200  9500.00        3.155710E+13   2.9815E-07   2.9822E-07   0.99978
FLUX 1201  9540.00        3.142479E+13   2.9572E-07   2.9580E-07   0.99973
FLUX 1202  9580.00        3.129358E+13   2.9322E-07   2.9342E-07   0.99932
FLUX 1203  9620.00        3.116346E+13   2.9096E-07   2.9106E-07   0.99967
FLUX 1204  9660.00        3.103442E+13   2.8849E-07   2.8873E-07   0.99916
FLUX 1205  9700.00        3.090644E+13   2.8637E-07   2.8643E-07   0.99978
FLUX 1206  9740.00        3.077952E+13   2.8373E-07   2.8415E-07   0.99851
FLUX 1207  9780.00        3.065363E+13   2.8147E-07   2.8190E-07   0.99846
FLUX 1208  9820.00        3.052877E+13   2.7961E-07   2.7968E-07   0.99973
FLUX 1209  9860.00        3.040492E+13   2.7741E-07   2.7749E-07   0.99972
FLUX 1210  9900.00        3.028207E+13   2.7520E-07   2.7532E-07   0.99957
FLUX 1211  9940.00        3.016021E+13   2.7290E-07   2.7317E-07   0.99899
FLUX 1212  9980.00        3.003933E+13   2.7101E-07   2.7105E-07   0.99986
FLUX 1213 10020.00        2.991941E+13   2.6892E-07   2.6896E-07   0.99986
FLUX 1214 20000.00        1.498962E+13   6.9363E-08   6.9364E-08   0.99998
FLUX 1215 40000.00        7.494812E+12   1.7453E-08   1.7453E-08   1.00000
FLUX 1216 60000.00        4.996542E+12   7.7303E-09   7.7303E-09   1.00000
FLUX 1217 80000.00        3.747406E+12   4.3258E-09   4.3258E-09   1.00000
FLUX 1218100000.00        2.997925E+12   2.7536E-09   2.7536E-09   1.00000
FLUX 1219120000.00        2.498271E+12   1.9023E-09   1.9023E-09   1.00000
FLUX 1220140000.00        2.141375E+12   1.3908E-09   1.3908E-09   1.00000
FLUX 1221160000.00        1.873703E+12   1.0599E-09   1.0599E-09   1.00000
FLUX
