TEFF   9750.  GRAVITY 2.00000 LTE 
TITLE  [ 0.0] VTURB=0  L/H=1.25 NOVER NEW ODF                                   
FLUX    1     9.09        3.298047E+16   2.5000E-39   2.5000E-39   1.00000
FLUX    2     9.35        3.206337E+16   2.5000E-39   2.5000E-39   1.00000
FLUX    3     9.61        3.119589E+16   2.5000E-39   2.5000E-39   1.00000
FLUX    4     9.77        3.068500E+16   2.5000E-39   2.5000E-39   1.00000
FLUX    5     9.96        3.009965E+16   2.5000E-39   2.5000E-39   1.00000
FLUX    6    10.20        2.939142E+16   2.5000E-39   2.5000E-39   1.00000
FLUX    7    10.38        2.888174E+16   2.5000E-39   2.5000E-39   1.00000
FLUX    8    10.56        2.838944E+16   2.5000E-39   2.5000E-39   1.00000
FLUX    9    10.77        2.783589E+16   2.5000E-39   2.5000E-39   1.00000
FLUX   10    11.04        2.715512E+16   2.5000E-39   2.5000E-39   1.00000
FLUX   11    11.40        2.629759E+16   2.5000E-39   2.5000E-39   1.00000
FLUX   12    11.78        2.544928E+16   2.5000E-39   2.5000E-39   1.00000
FLUX   13    12.13        2.471496E+16   2.5000E-39   2.5000E-39   1.00000
FLUX   14    12.48        2.402184E+16   2.5000E-39   2.5000E-39   1.00000
FLUX   15    12.71        2.358714E+16   2.5000E-39   2.5000E-39   1.00000
FLUX   16    12.84        2.334833E+16   2.5000E-39   2.5000E-39   1.00000
FLUX   17    13.05        2.297260E+16   2.5000E-39   2.5000E-39   1.00000
FLUX   18    13.24        2.264294E+16   2.5000E-39   2.5000E-39   1.00000
FLUX   19    13.39        2.238928E+16   2.5000E-39   2.5000E-39   1.00000
FLUX   20    13.66        2.194674E+16   2.5000E-39   2.5000E-39   1.00000
FLUX   21    13.98        2.144439E+16   2.5000E-39   2.5000E-39   1.00000
FLUX   22    14.33        2.092062E+16   2.5000E-39   2.5000E-39   1.00000
FLUX   23    14.72        2.036634E+16   2.5000E-39   2.5000E-39   1.00000
FLUX   24    15.10        1.985381E+16   2.5000E-39   2.5000E-39   1.00000
FLUX   25    15.52        1.931653E+16   2.5000E-39   2.5000E-39   1.00000
FLUX   26    15.88        1.887862E+16   2.5000E-39   2.5000E-39   1.00000
FLUX   27    16.20        1.850571E+16   2.5000E-39   2.5000E-39   1.00000
FLUX   28    16.60        1.805979E+16   2.5000E-39   2.5000E-39   1.00000
FLUX   29    17.03        1.760379E+16   2.5000E-39   2.5000E-39   1.00000
FLUX   30    17.34        1.728907E+16   2.5000E-39   2.5000E-39   1.00000
FLUX   31    17.68        1.695659E+16   2.5000E-39   2.5000E-39   1.00000
FLUX   32    18.02        1.663665E+16   2.5000E-39   2.5000E-39   1.00000
FLUX   33    18.17        1.649931E+16   2.5000E-39   2.5000E-39   1.00000
FLUX   34    18.61        1.610921E+16   2.5000E-39   2.5000E-39   1.00000
FLUX   35    19.10        1.569594E+16   2.5000E-39   2.5000E-39   1.00000
FLUX   36    19.39        1.546119E+16   2.5000E-39   2.5000E-39   1.00000
FLUX   37    19.84        1.511051E+16   2.5000E-39   2.5000E-39   1.00000
FLUX   38    20.18        1.485592E+16   2.5000E-39   2.5000E-39   1.00000
FLUX   39    20.50        1.462402E+16   2.5000E-39   2.5000E-39   1.00000
FLUX   40    21.05        1.424192E+16   2.5000E-39   2.5000E-39   1.00000
FLUX   41    21.62        1.386644E+16   2.5000E-39   2.5000E-39   1.00000
FLUX   42    21.98        1.363933E+16   2.5000E-39   2.5000E-39   1.00000
FLUX   43    22.30        1.344361E+16   2.5000E-39   2.5000E-39   1.00000
FLUX   44    22.68        1.321836E+16   2.5000E-39   2.5000E-39   1.00000
FLUX   45    23.00        1.303446E+16   2.5000E-39   2.5000E-39   1.00000
FLUX   46    23.40        1.281165E+16   2.5000E-39   2.5000E-39   1.00000
FLUX   47    24.00        1.249135E+16   2.5000E-39   2.5000E-39   1.00000
FLUX   48    24.65        1.216197E+16   2.5000E-39   2.5000E-39   1.00000
FLUX   49    25.24        1.187767E+16   2.5000E-39   2.5000E-39   1.00000
FLUX   50    25.68        1.167416E+16   2.5000E-39   2.5000E-39   1.00000
FLUX   51    26.00        1.153048E+16   2.5000E-39   2.5000E-39   1.00000
FLUX   52    26.40        1.135578E+16   2.5004E-39   2.5004E-39   1.00000
FLUX   53    26.85        1.116546E+16   2.5143E-39   2.5143E-39   1.00000
FLUX   54    27.35        1.096133E+16   2.7817E-39   2.7818E-39   0.99999
FLUX   55    27.85        1.076454E+16   5.1243E-39   5.1245E-39   0.99997
FLUX   56    28.40        1.055607E+16   2.0727E-38   2.0729E-38   0.99991
FLUX   57    29.00        1.033767E+16   1.1082E-37   1.1082E-37   0.99997
FLUX   58    29.60        1.012812E+16   5.5368E-37   5.5370E-37   0.99997
FLUX   59    30.10        9.959883E+15   2.0275E-36   2.0280E-36   0.99974
FLUX   60    30.80        9.733523E+15   1.1654E-35   1.1654E-35   0.99997
FLUX   61    31.80        9.427437E+15   1.2468E-34   1.2469E-34   0.99998
FLUX   62    32.80        9.140015E+15   1.1621E-33   1.1621E-33   0.99998
FLUX   63    33.80        8.869601E+15   9.5257E-33   9.5259E-33   0.99998
FLUX   64    34.80        8.614727E+15   6.9582E-32   6.9584E-32   0.99998
FLUX   65    35.70        8.397549E+15   3.8240E-31   3.8244E-31   0.99988
FLUX   66    36.60        8.191052E+15   1.9242E-30   1.9243E-30   0.99998
FLUX   67    37.50        7.994467E+15   8.9587E-30   8.9630E-30   0.99951
FLUX   68    38.50        7.786818E+15   4.5636E-29   4.5641E-29   0.99990
FLUX   69    39.50        7.589683E+15   2.1403E-28   2.1417E-28   0.99936
FLUX   70    40.50        7.402284E+15   9.3263E-28   9.3269E-28   0.99993
FLUX   71    41.40        7.241364E+15   3.3037E-27   3.3039E-27   0.99994
FLUX   72    42.20        7.104087E+15   9.7224E-27   9.7240E-27   0.99984
FLUX   73    43.00        6.971919E+15   2.7427E-26   2.7492E-26   0.99760
FLUX   74    44.10        6.798016E+15   1.0793E-25   1.0796E-25   0.99978
FLUX   75    45.10        6.647284E+15   3.5322E-25   3.5328E-25   0.99983
FLUX   76    46.00        6.517228E+15   9.8276E-25   9.8282E-25   0.99994
FLUX   77    47.00        6.378564E+15   2.9252E-24   2.9266E-24   0.99953
FLUX   78    48.00        6.245677E+15   8.3222E-24   8.3236E-24   0.99983
FLUX   79    49.00        6.118214E+15   2.2695E-23   2.2696E-23   0.99997
FLUX   80    50.00        5.995850E+15   5.9395E-23   5.9396E-23   0.99999
FLUX   81    50.60        5.924753E+15   1.8343E-22   2.2104E-22   0.82985
FLUX   82    51.20        5.855322E+15   3.7036E-22   3.7511E-22   0.98734
FLUX   83    52.00        5.765240E+15   7.3240E-22   7.4119E-22   0.98813
FLUX   84    53.00        5.656462E+15   1.6771E-21   1.6876E-21   0.99377
FLUX   85    54.00        5.551713E+15   3.6795E-21   3.7290E-21   0.98674
FLUX   86    55.00        5.450773E+15   7.9957E-21   8.0102E-21   0.99819
FLUX   87    56.00        5.353437E+15   1.6734E-20   1.6746E-20   0.99930
FLUX   88    57.00        5.259517E+15   3.4119E-20   3.4121E-20   0.99994
FLUX   89    58.00        5.168836E+15   6.6989E-20   6.7915E-20   0.98637
FLUX   90    59.00        5.081229E+15   1.3169E-19   1.3193E-19   0.99820
FLUX   91    60.00        4.996542E+15   2.5018E-19   2.5067E-19   0.99807
FLUX   92    61.00        4.914631E+15   4.6637E-19   4.6640E-19   0.99994
FLUX   93    62.00        4.835363E+15   8.5032E-19   8.5057E-19   0.99971
FLUX   94    63.00        4.758611E+15   1.5216E-18   1.5217E-18   0.99990
FLUX   95    64.00        4.684258E+15   2.6683E-18   2.6735E-18   0.99806
FLUX   96    65.00        4.612192E+15   4.6141E-18   4.6152E-18   0.99977
FLUX   97    65.80        4.556117E+15   7.0568E-18   7.0574E-18   0.99992
FLUX   98    66.50        4.508158E+15   1.0138E-17   1.0148E-17   0.99898
FLUX   99    67.50        4.441370E+15   1.6802E-17   1.6826E-17   0.99855
FLUX  100    68.50        4.376533E+15   2.7456E-17   2.7485E-17   0.99892
FLUX  101    69.50        4.313561E+15   4.4254E-17   4.4259E-17   0.99989
FLUX  102    70.50        4.252376E+15   7.0208E-17   7.0300E-17   0.99868
FLUX  103    71.60        4.187046E+15   1.1517E-16   1.1520E-16   0.99970
FLUX  104    72.60        4.129373E+15   1.7811E-16   1.7813E-16   0.99992
FLUX  105    73.50        4.078809E+15   2.6089E-16   2.6098E-16   0.99967
FLUX  106    74.50        4.024060E+15   3.9432E-16   3.9452E-16   0.99950
FLUX  107    75.50        3.970762E+15   5.8941E-16   5.8977E-16   0.99940
FLUX  108    76.50        3.918856E+15   8.7161E-16   8.7222E-16   0.99930
FLUX  109    77.50        3.868290E+15   1.2761E-15   1.2766E-15   0.99962
FLUX  110    78.50        3.819013E+15   1.8500E-15   1.8500E-15   0.99998
FLUX  111    79.50        3.770975E+15   2.6492E-15   2.6554E-15   0.99767
FLUX  112    80.50        3.724130E+15   3.7724E-15   3.7765E-15   0.99891
FLUX  113    81.50        3.678436E+15   5.3216E-15   5.3234E-15   0.99967
FLUX  114    82.50        3.633848E+15   7.4362E-15   7.4400E-15   0.99950
FLUX  115    83.50        3.590329E+15   1.0284E-14   1.0312E-14   0.99722
FLUX  116    84.50        3.547840E+15   1.4176E-14   1.4179E-14   0.99981
FLUX  117    85.50        3.506345E+15   1.9340E-14   1.9346E-14   0.99966
FLUX  118    86.50        3.465809E+15   2.6203E-14   2.6204E-14   0.99993
FLUX  119    87.50        3.426200E+15   3.5199E-14   3.5241E-14   0.99882
FLUX  120    88.50        3.387486E+15   4.7066E-14   4.7068E-14   0.99995
FLUX  121    89.50        3.349637E+15   6.2441E-14   6.2445E-14   0.99994
FLUX  122    90.50        3.312624E+15   8.2027E-14   8.2297E-14   0.99672
FLUX  123    91.50        3.276421E+15   6.6852E-12   1.1141E-10   0.06000
FLUX  124    92.50        3.241000E+15   4.8147E-11   1.3864E-10   0.34728
FLUX  125    93.50        3.206337E+15   6.9834E-11   1.6792E-10   0.41587
FLUX  126    94.50        3.172407E+15   1.0702E-10   2.0064E-10   0.53341
FLUX  127    95.50        3.139188E+15   1.5963E-10   2.3952E-10   0.66649
FLUX  128    96.50        3.106658E+15   2.0976E-10   2.7768E-10   0.75542
FLUX  129    97.50        3.074795E+15   1.9494E-10   3.1439E-10   0.62006
FLUX  130    98.50        3.043579E+15   2.9705E-10   3.8602E-10   0.76952
FLUX  131    99.50        3.012990E+15   3.2570E-10   4.4705E-10   0.72857
FLUX  132   100.50        2.983010E+15   4.0996E-10   5.1328E-10   0.79870
FLUX  133   101.50        2.953621E+15   4.7754E-10   5.7350E-10   0.83267
FLUX  134   102.50        2.924805E+15   4.2312E-10   7.4796E-10   0.56569
FLUX  135   103.50        2.896546E+15   6.1407E-10   8.5267E-10   0.72017
FLUX  136   104.50        2.868828E+15   8.2009E-10   9.8859E-10   0.82956
FLUX  137   105.50        2.841635E+15   9.8707E-10   1.1413E-09   0.86483
FLUX  138   106.50        2.814953E+15   1.0789E-09   1.3199E-09   0.81740
FLUX  139   107.50        2.788767E+15   1.3054E-09   1.5294E-09   0.85357
FLUX  140   108.50        2.763064E+15   1.5032E-09   1.7703E-09   0.84915
FLUX  141   109.50        2.737831E+15   1.6382E-09   2.0403E-09   0.80293
FLUX  142   110.50        2.713054E+15   1.4647E-08   5.6195E-07   0.02606
FLUX  143   111.50        2.688722E+15   1.4278E-07   7.1520E-07   0.19964
FLUX  144   112.50        2.664822E+15   1.7483E-07   8.4635E-07   0.20657
FLUX  145   113.50        2.641344E+15   2.9244E-07   1.1305E-06   0.25867
FLUX  146   114.50        2.618275E+15   2.6580E-07   1.1883E-06   0.22369
FLUX  147   115.50        2.595606E+15   3.0373E-07   1.1782E-06   0.25779
FLUX  148   116.50        2.573326E+15   3.3503E-07   1.0845E-06   0.30892
FLUX  149   117.50        2.551426E+15   2.6289E-07   9.2399E-07   0.28452
FLUX  150   118.50        2.529894E+15   2.2737E-07   1.8537E-06   0.12265
FLUX  151   119.50        2.508724E+15   3.7246E-09   1.9053E-06   0.00195
FLUX  152   120.50        2.487905E+15   4.0453E-09   1.9478E-06   0.00208
FLUX  153   121.50        2.467428E+15   7.6621E-10   1.9833E-06   0.00039
FLUX  154   122.50        2.447286E+15   4.2316E-09   2.2951E-06   0.00184
FLUX  155   123.50        2.427470E+15   1.6276E-08   2.3251E-06   0.00700
FLUX  156   124.50        2.407972E+15   3.5052E-07   2.1254E-06   0.16492
FLUX  157   125.50        2.388785E+15   9.7459E-07   3.3080E-06   0.29461
FLUX  158   126.50        2.369901E+15   5.3945E-07   4.2279E-06   0.12759
FLUX  159   127.50        2.351314E+15   1.8116E-06   4.7829E-06   0.37877
FLUX  160   128.50        2.333016E+15   2.6452E-06   5.2870E-06   0.50033
FLUX  161   129.50        2.315000E+15   2.0585E-06   5.6297E-06   0.36565
FLUX  162   130.50        2.297261E+15   7.1810E-07   5.9371E-06   0.12095
FLUX  163   131.50        2.279791E+15   2.4596E-06   6.1787E-06   0.39808
FLUX  164   132.50        2.262585E+15   3.2229E-06   6.3943E-06   0.50403
FLUX  165   133.50        2.245637E+15   2.1047E-06   6.5797E-06   0.31988
FLUX  166   134.50        2.228940E+15   3.9302E-06   6.7457E-06   0.58262
FLUX  167   135.50        2.212491E+15   3.9526E-06   6.8969E-06   0.57310
FLUX  168   136.50        2.196282E+15   3.4241E-06   7.0409E-06   0.48631
FLUX  169   137.50        2.180309E+15   3.9118E-06   7.1737E-06   0.54530
FLUX  170   138.50        2.164567E+15   4.0604E-06   7.2990E-06   0.55630
FLUX  171   139.50        2.149050E+15   4.2278E-06   7.4159E-06   0.57010
FLUX  172   140.50        2.133754E+15   4.3775E-06   7.5284E-06   0.58147
FLUX  173   141.50        2.118675E+15   4.2076E-06   7.6342E-06   0.55115
FLUX  174   142.50        2.103807E+15   4.8165E-06   7.7627E-06   0.62047
FLUX  175   143.50        2.089146E+15   4.4446E-06   7.8611E-06   0.56539
FLUX  176   144.20        2.079005E+15   5.0329E-06   7.9289E-06   0.63476
FLUX  177   144.70        2.071821E+15   5.5179E-06   8.2482E-06   0.66899
FLUX  178   145.50        2.060430E+15   5.4279E-06   8.3238E-06   0.65209
FLUX  179   146.50        2.046365E+15   5.1423E-06   8.4163E-06   0.61099
FLUX  180   147.50        2.032492E+15   5.0338E-06   8.5056E-06   0.59183
FLUX  181   148.50        2.018805E+15   5.6234E-06   8.5916E-06   0.65452
FLUX  182   149.50        2.005301E+15   6.0708E-06   8.6754E-06   0.69977
FLUX  183   150.50        1.991977E+15   6.2085E-06   8.7560E-06   0.70906
FLUX  184   151.20        1.982755E+15   5.4672E-06   8.8114E-06   0.62047
FLUX  185   151.70        1.976220E+15   6.1073E-06   9.0568E-06   0.67434
FLUX  186   152.50        1.965852E+15   5.3852E-06   9.5773E-06   0.56228
FLUX  187   153.50        1.953046E+15   4.8941E-06   9.8035E-06   0.49921
FLUX  188   154.50        1.940405E+15   6.5803E-06   9.8898E-06   0.66536
FLUX  189   155.50        1.927926E+15   5.7906E-06   9.9737E-06   0.58059
FLUX  190   156.50        1.915607E+15   5.3271E-06   1.0056E-05   0.52973
FLUX  191   157.50        1.903444E+15   5.7833E-06   1.0141E-05   0.57028
FLUX  192   158.50        1.891435E+15   6.5301E-06   1.0220E-05   0.63895
FLUX  193   159.50        1.879577E+15   7.1712E-06   1.0298E-05   0.69639
FLUX  194   160.50        1.867866E+15   6.6284E-06   1.0374E-05   0.63897
FLUX  195   161.50        1.856300E+15   6.7080E-06   1.0448E-05   0.64203
FLUX  196   162.50        1.844877E+15   6.1498E-06   1.0523E-05   0.58443
FLUX  197   163.50        1.833593E+15   6.5211E-06   1.0595E-05   0.61550
FLUX  198   164.50        1.822447E+15   6.8697E-06   1.0665E-05   0.64411
FLUX  199   165.50        1.811435E+15   6.1187E-06   1.0735E-05   0.56997
FLUX  200   166.50        1.800556E+15   6.8310E-06   1.0803E-05   0.63230
FLUX  201   167.20        1.793017E+15   3.4782E-06   1.0851E-05   0.32055
FLUX  202   167.70        1.787671E+15   6.8288E-06   1.0937E-05   0.62436
FLUX  203   168.50        1.779184E+15   7.8286E-06   1.1017E-05   0.71060
FLUX  204   169.50        1.768687E+15   7.6107E-06   1.1082E-05   0.68676
FLUX  205   170.50        1.758314E+15   6.9537E-06   1.1146E-05   0.62386
FLUX  206   171.50        1.748061E+15   6.8627E-06   1.1212E-05   0.61211
FLUX  207   172.50        1.737928E+15   6.9128E-06   1.1274E-05   0.61317
FLUX  208   173.50        1.727911E+15   7.6624E-06   1.1335E-05   0.67597
FLUX  209   174.50        1.718009E+15   7.5361E-06   1.1396E-05   0.66129
FLUX  210   175.50        1.708219E+15   8.6581E-06   1.1456E-05   0.75578
FLUX  211   176.50        1.698541E+15   7.2984E-06   1.1515E-05   0.63383
FLUX  212   177.50        1.688972E+15   8.2959E-06   1.1573E-05   0.71684
FLUX  213   178.50        1.679510E+15   8.0121E-06   1.1630E-05   0.68890
FLUX  214   179.50        1.670153E+15   9.4546E-06   1.1687E-05   0.80899
FLUX  215   180.50        1.660900E+15   9.1665E-06   1.1743E-05   0.78059
FLUX  216   181.50        1.651749E+15   9.0959E-06   1.1799E-05   0.77093
FLUX  217   182.50        1.642699E+15   8.9303E-06   1.1854E-05   0.75338
FLUX  218   183.50        1.633747E+15   8.7425E-06   1.1909E-05   0.73408
FLUX  219   184.50        1.624892E+15   8.1751E-06   1.1965E-05   0.68327
FLUX  220   185.50        1.616132E+15   8.1531E-06   1.2019E-05   0.67833
FLUX  221   186.50        1.607466E+15   8.5009E-06   1.2073E-05   0.70410
FLUX  222   187.50        1.598893E+15   9.4180E-06   1.2127E-05   0.77659
FLUX  223   188.50        1.590411E+15   9.1284E-06   1.2180E-05   0.74943
FLUX  224   189.50        1.582018E+15   9.1012E-06   1.2233E-05   0.74400
FLUX  225   190.50        1.573714E+15   9.0754E-06   1.2285E-05   0.73874
FLUX  226   191.50        1.565496E+15   9.3002E-06   1.2349E-05   0.75311
FLUX  227   192.50        1.557364E+15   9.6469E-06   1.2401E-05   0.77794
FLUX  228   193.50        1.549315E+15   9.6981E-06   1.2452E-05   0.77886
FLUX  229   194.50        1.541350E+15   1.0042E-05   1.2502E-05   0.80320
FLUX  230   195.50        1.533465E+15   9.9874E-06   1.2552E-05   0.79567
FLUX  231   196.70        1.524110E+15   1.0772E-05   1.2612E-05   0.85413
FLUX  232   197.60        1.517168E+15   1.0941E-05   1.2658E-05   0.86432
FLUX  233   198.40        1.511051E+15   1.0588E-05   1.2700E-05   0.83368
FLUX  234   199.50        1.502719E+15   1.0308E-05   1.2754E-05   0.80816
FLUX  235   200.50        1.495224E+15   1.0486E-05   1.2803E-05   0.81901
FLUX  236   201.50        1.487804E+15   9.9182E-06   1.2851E-05   0.77177
FLUX  237   202.50        1.480457E+15   1.0460E-05   1.2899E-05   0.81094
FLUX  238   203.50        1.473182E+15   1.0447E-05   1.2947E-05   0.80694
FLUX  239   204.50        1.465978E+15   1.1002E-05   1.2995E-05   0.84665
FLUX  240   205.50        1.458844E+15   1.0295E-05   1.3042E-05   0.78941
FLUX  241   206.50        1.451780E+15   1.0372E-05   1.3089E-05   0.79245
FLUX  242   207.40        1.445480E+15   1.1350E-05   1.3131E-05   0.86436
FLUX  243   207.80        1.442697E+15   1.1386E-05   1.3162E-05   0.86509
FLUX  244   208.50        1.437854E+15   1.1424E-05   1.3195E-05   0.86577
FLUX  245   209.50        1.430990E+15   1.1062E-05   1.3242E-05   0.83538
FLUX  246   210.50        1.424192E+15   1.0890E-05   1.3288E-05   0.81950
FLUX  247   211.50        1.417459E+15   1.0955E-05   1.3334E-05   0.82156
FLUX  248   212.50        1.410788E+15   1.1258E-05   1.3381E-05   0.84134
FLUX  249   213.50        1.404180E+15   9.7953E-06   1.3427E-05   0.72954
FLUX  250   214.50        1.397634E+15   1.0810E-05   1.3472E-05   0.80236
FLUX  251   215.50        1.391148E+15   1.1344E-05   1.3518E-05   0.83915
FLUX  252   216.50        1.384723E+15   1.0817E-05   1.3564E-05   0.79752
FLUX  253   217.50        1.378356E+15   1.0774E-05   1.3609E-05   0.79167
FLUX  254   218.50        1.372048E+15   1.0710E-05   1.3655E-05   0.78431
FLUX  255   219.50        1.365797E+15   1.1535E-05   1.3700E-05   0.84198
FLUX  256   220.50        1.359603E+15   1.1039E-05   1.3745E-05   0.80308
FLUX  257   221.50        1.353465E+15   1.0183E-05   1.3790E-05   0.73843
FLUX  258   222.50        1.347382E+15   9.8894E-06   1.3836E-05   0.71478
FLUX  259   223.50        1.341353E+15   1.1184E-05   1.3881E-05   0.80568
FLUX  260   224.50        1.335379E+15   1.0329E-05   1.3926E-05   0.74171
FLUX  261   225.50        1.329457E+15   9.8893E-06   1.3971E-05   0.70782
FLUX  262   226.50        1.323587E+15   1.0418E-05   1.4016E-05   0.74327
FLUX  263   227.50        1.317769E+15   1.0973E-05   1.4061E-05   0.78034
FLUX  264   228.50        1.312002E+15   1.1391E-05   1.4106E-05   0.80750
FLUX  265   229.50        1.306285E+15   1.0929E-05   1.4151E-05   0.77234
FLUX  266   230.50        1.300618E+15   1.0643E-05   1.4196E-05   0.74971
FLUX  267   231.50        1.295000E+15   1.0116E-05   1.4241E-05   0.71038
FLUX  268   232.50        1.289430E+15   1.0113E-05   1.4286E-05   0.70794
FLUX  269   233.50        1.283908E+15   9.0598E-06   1.4330E-05   0.63221
FLUX  270   234.50        1.278433E+15   8.3149E-06   1.4375E-05   0.57842
FLUX  271   235.50        1.273004E+15   1.0172E-05   1.4420E-05   0.70542
FLUX  272   236.50        1.267622E+15   8.4526E-06   1.4465E-05   0.58436
FLUX  273   237.50        1.262284E+15   9.4319E-06   1.4509E-05   0.65005
FLUX  274   238.50        1.256992E+15   7.8226E-06   1.4554E-05   0.53748
FLUX  275   239.50        1.251743E+15   9.2555E-06   1.4599E-05   0.63398
FLUX  276   240.50        1.246538E+15   8.7027E-06   1.4644E-05   0.59429
FLUX  277   241.50        1.241377E+15   9.3704E-06   1.4689E-05   0.63794
FLUX  278   242.50        1.236258E+15   1.0742E-05   1.4733E-05   0.72907
FLUX  279   243.50        1.231181E+15   1.0321E-05   1.4778E-05   0.69838
FLUX  280   244.50        1.226145E+15   1.1091E-05   1.4823E-05   0.74824
FLUX  281   245.50        1.221151E+15   1.0910E-05   1.4868E-05   0.73378
FLUX  282   246.50        1.216197E+15   1.0812E-05   1.4913E-05   0.72499
FLUX  283   247.50        1.211283E+15   1.0689E-05   1.4958E-05   0.71461
FLUX  284   248.50        1.206408E+15   1.1235E-05   1.5002E-05   0.74890
FLUX  285   249.50        1.201573E+15   1.0945E-05   1.5047E-05   0.72734
FLUX  286   250.50        1.196776E+15   1.2237E-05   1.5092E-05   0.81079
FLUX  287   251.30        1.192967E+15   1.0918E-05   1.5128E-05   0.72171
FLUX  288   251.80        1.190598E+15   1.1374E-05   1.5154E-05   0.75057
FLUX  289   252.50        1.187297E+15   1.0574E-05   1.5186E-05   0.69635
FLUX  290   253.50        1.182613E+15   1.0576E-05   1.5232E-05   0.69432
FLUX  291   254.50        1.177967E+15   1.0672E-05   1.5278E-05   0.69848
FLUX  292   255.50        1.173356E+15   1.1489E-05   1.5325E-05   0.74973
FLUX  293   256.50        1.168782E+15   1.1083E-05   1.5371E-05   0.72106
FLUX  294   257.50        1.164243E+15   1.2109E-05   1.5417E-05   0.78541
FLUX  295   258.50        1.159739E+15   1.1851E-05   1.5464E-05   0.76639
FLUX  296   259.50        1.155270E+15   1.1334E-05   1.5510E-05   0.73076
FLUX  297   260.50        1.150835E+15   1.0888E-05   1.5557E-05   0.69986
FLUX  298   261.50        1.146434E+15   1.0845E-05   1.5604E-05   0.69505
FLUX  299   262.50        1.142067E+15   1.1833E-05   1.5650E-05   0.75608
FLUX  300   263.50        1.137732E+15   1.2116E-05   1.5696E-05   0.77188
FLUX  301   264.50        1.133431E+15   1.4032E-05   1.5743E-05   0.89133
FLUX  302   265.50        1.129162E+15   1.3943E-05   1.5789E-05   0.88310
FLUX  303   266.50        1.124925E+15   1.2684E-05   1.5836E-05   0.80099
FLUX  304   267.50        1.120720E+15   1.3488E-05   1.5882E-05   0.84926
FLUX  305   268.50        1.116546E+15   1.3188E-05   1.5928E-05   0.82798
FLUX  306   269.50        1.112403E+15   1.3062E-05   1.5975E-05   0.81768
FLUX  307   270.50        1.108290E+15   1.3516E-05   1.6021E-05   0.84362
FLUX  308   271.50        1.104208E+15   1.2899E-05   1.6067E-05   0.80279
FLUX  309   272.50        1.100156E+15   1.3201E-05   1.6114E-05   0.81927
FLUX  310   273.50        1.096133E+15   1.4095E-05   1.6160E-05   0.87221
FLUX  311   274.50        1.092140E+15   1.1432E-05   1.6206E-05   0.70544
FLUX  312   275.50        1.088176E+15   1.1919E-05   1.6252E-05   0.73338
FLUX  313   276.50        1.084240E+15   1.2575E-05   1.6299E-05   0.77154
FLUX  314   277.50        1.080333E+15   1.3846E-05   1.6345E-05   0.84712
FLUX  315   278.50        1.076454E+15   1.3668E-05   1.6391E-05   0.83388
FLUX  316   279.50        1.072603E+15   9.3522E-06   1.6437E-05   0.56896
FLUX  317   280.50        1.068779E+15   1.1020E-05   1.6483E-05   0.66854
FLUX  318   281.50        1.064982E+15   1.4353E-05   1.6530E-05   0.86830
FLUX  319   282.50        1.061212E+15   1.4972E-05   1.6576E-05   0.90327
FLUX  320   283.50        1.057469E+15   1.4301E-05   1.6622E-05   0.86038
FLUX  321   284.50        1.053752E+15   1.4025E-05   1.6668E-05   0.84142
FLUX  322   285.50        1.050061E+15   1.3701E-05   1.6714E-05   0.81974
FLUX  323   286.50        1.046396E+15   1.4823E-05   1.6760E-05   0.88446
FLUX  324   287.50        1.042757E+15   1.4396E-05   1.6806E-05   0.85663
FLUX  325   288.50        1.039142E+15   1.4653E-05   1.6852E-05   0.86954
FLUX  326   289.50        1.035553E+15   1.4123E-05   1.6898E-05   0.83580
FLUX  327   291.00        1.030215E+15   1.5709E-05   1.6966E-05   0.92588
FLUX  328   293.00        1.023183E+15   1.5312E-05   1.7058E-05   0.89766
FLUX  329   295.00        1.016246E+15   1.5435E-05   1.7149E-05   0.90005
FLUX  330   297.00        1.009402E+15   1.5935E-05   1.7240E-05   0.92432
FLUX  331   299.00        1.002650E+15   1.6194E-05   1.7331E-05   0.93440
FLUX  332   301.00        9.959884E+14   1.6710E-05   1.7422E-05   0.95915
FLUX  333   303.00        9.894142E+14   1.6660E-05   1.7512E-05   0.95136
FLUX  334   305.00        9.829262E+14   1.6607E-05   1.7602E-05   0.94344
FLUX  335   307.00        9.765228E+14   1.6654E-05   1.7692E-05   0.94135
FLUX  336   309.00        9.702023E+14   1.7087E-05   1.7781E-05   0.96099
FLUX  337   311.00        9.639630E+14   1.6825E-05   1.7870E-05   0.94154
FLUX  338   313.00        9.578035E+14   1.6869E-05   1.7958E-05   0.93934
FLUX  339   315.00        9.517222E+14   1.7303E-05   1.8047E-05   0.95880
FLUX  340   317.00        9.457177E+14   1.7351E-05   1.8135E-05   0.95675
FLUX  341   319.00        9.397884E+14   1.7011E-05   1.8224E-05   0.93347
FLUX  342   321.00        9.339330E+14   1.7482E-05   1.8311E-05   0.95470
FLUX  343   323.00        9.281501E+14   1.7398E-05   1.8399E-05   0.94561
FLUX  344   325.00        9.224385E+14   1.7679E-05   1.8485E-05   0.95640
FLUX  345   327.00        9.167966E+14   1.7807E-05   1.8572E-05   0.95883
FLUX  346   329.00        9.112234E+14   1.8066E-05   1.8657E-05   0.96831
FLUX  347   331.00        9.057175E+14   1.8285E-05   1.8742E-05   0.97561
FLUX  348   333.00        9.002778E+14   1.8126E-05   1.8827E-05   0.96277
FLUX  349   335.00        8.949030E+14   1.8126E-05   1.8911E-05   0.95850
FLUX  350   337.00        8.895920E+14   1.8246E-05   1.8994E-05   0.96060
FLUX  351   339.00        8.843436E+14   1.8325E-05   1.9077E-05   0.96058
FLUX  352   341.00        8.791569E+14   1.8729E-05   1.9160E-05   0.97754
FLUX  353   343.00        8.740306E+14   1.8843E-05   1.9242E-05   0.97928
FLUX  354   345.00        8.689638E+14   1.8916E-05   1.9323E-05   0.97897
FLUX  355   347.00        8.639553E+14   1.8853E-05   1.9403E-05   0.97167
FLUX  356   349.00        8.590043E+14   1.8921E-05   1.9483E-05   0.97118
FLUX  357   351.00        8.541097E+14   1.9250E-05   1.9562E-05   0.98405
FLUX  358   353.00        8.492705E+14   1.9474E-05   1.9640E-05   0.99152
FLUX  359   355.00        8.444859E+14   1.9627E-05   1.9718E-05   0.99538
FLUX  360   357.00        8.397549E+14   1.9530E-05   1.9795E-05   0.98663
FLUX  361   359.00        8.350766E+14   1.9624E-05   1.9871E-05   0.98757
FLUX  362   361.00        8.304501E+14   1.9719E-05   1.9947E-05   0.98856
FLUX  363   363.00        8.258746E+14   1.9795E-05   2.0021E-05   0.98870
FLUX  364   364.00        8.236058E+14   1.9798E-05   2.0059E-05   0.98700
FLUX  365   365.00        8.213493E+14   2.0351E-05   6.4137E-05   0.31731
FLUX  366   367.00        8.168733E+14   2.0122E-05   6.3974E-05   0.31453
FLUX  367   369.00        8.124458E+14   2.0912E-05   6.3940E-05   0.32705
FLUX  368   371.00        8.080660E+14   2.6829E-05   6.3771E-05   0.42070
FLUX  369   373.00        8.037332E+14   3.5257E-05   6.3601E-05   0.55436
FLUX  370   375.00        7.994467E+14   4.7273E-05   6.3429E-05   0.74529
FLUX  371   377.00        7.952056E+14   4.7657E-05   6.3256E-05   0.75340
FLUX  372   379.00        7.910092E+14   5.2415E-05   6.3082E-05   0.83090
FLUX  373   381.00        7.868569E+14   5.7179E-05   6.2907E-05   0.90895
FLUX  374   383.00        7.827480E+14   4.8846E-05   6.2731E-05   0.77866
FLUX  375   385.00        7.786818E+14   5.8983E-05   6.2554E-05   0.94292
FLUX  376   387.00        7.746576E+14   6.0414E-05   6.2375E-05   0.96856
FLUX  377   389.00        7.706748E+14   4.8305E-05   6.2196E-05   0.77665
FLUX  378   391.00        7.667327E+14   5.9931E-05   6.2015E-05   0.96639
FLUX  379   393.00        7.628308E+14   5.9254E-05   6.1834E-05   0.95828
FLUX  380   395.00        7.589683E+14   6.0520E-05   6.1651E-05   0.98166
FLUX  381   397.00        7.551448E+14   4.7085E-05   6.1468E-05   0.76601
FLUX  382   399.00        7.513596E+14   6.0207E-05   6.1284E-05   0.98244
FLUX  383   401.00        7.476122E+14   6.0018E-05   6.1099E-05   0.98230
FLUX  384   403.00        7.439020E+14   5.9576E-05   6.0914E-05   0.97804
FLUX  385   405.00        7.402284E+14   5.9887E-05   6.0728E-05   0.98615
FLUX  386   407.00        7.365909E+14   5.9314E-05   6.0542E-05   0.97972
FLUX  387   409.00        7.329890E+14   5.7573E-05   6.0355E-05   0.95390
FLUX  388   411.00        7.294221E+14   4.8420E-05   6.0168E-05   0.80475
FLUX  389   413.00        7.258898E+14   5.8376E-05   5.9982E-05   0.97322
FLUX  390   415.00        7.223916E+14   5.9177E-05   5.9796E-05   0.98964
FLUX  391   417.00        7.189269E+14   5.8502E-05   5.9609E-05   0.98142
FLUX  392   419.00        7.154952E+14   5.8570E-05   5.9422E-05   0.98566
FLUX  393   421.00        7.120962E+14   5.8561E-05   5.9235E-05   0.98862
FLUX  394   423.00        7.087293E+14   5.8223E-05   5.9047E-05   0.98605
FLUX  395   425.00        7.053941E+14   5.7772E-05   5.8859E-05   0.98153
FLUX  396   427.00        7.020902E+14   5.7526E-05   5.8671E-05   0.98048
FLUX  397   429.00        6.988170E+14   5.7673E-05   5.8483E-05   0.98614
FLUX  398   431.00        6.955742E+14   5.6869E-05   5.8295E-05   0.97554
FLUX  399   433.00        6.923614E+14   5.3567E-05   5.8107E-05   0.92187
FLUX  400   435.00        6.891782E+14   4.7542E-05   5.7918E-05   0.82085
FLUX  401   437.00        6.860240E+14   5.6951E-05   5.7730E-05   0.98652
FLUX  402   439.00        6.828986E+14   5.6208E-05   5.7541E-05   0.97683
FLUX  403   441.00        6.798016E+14   5.6407E-05   5.7353E-05   0.98350
FLUX  404   443.00        6.767325E+14   5.6361E-05   5.7165E-05   0.98594
FLUX  405   445.00        6.736910E+14   5.6312E-05   5.6977E-05   0.98834
FLUX  406   447.00        6.706767E+14   5.5958E-05   5.6789E-05   0.98537
FLUX  407   449.00        6.676893E+14   5.5416E-05   5.6601E-05   0.97907
FLUX  408   451.00        6.647284E+14   5.5589E-05   5.6413E-05   0.98539
FLUX  409   453.00        6.617936E+14   5.5291E-05   5.6225E-05   0.98338
FLUX  410   455.00        6.588846E+14   5.4618E-05   5.6038E-05   0.97466
FLUX  411   457.00        6.560011E+14   5.5241E-05   5.5851E-05   0.98907
FLUX  412   459.00        6.531427E+14   5.4498E-05   5.5664E-05   0.97905
FLUX  413   461.00        6.503091E+14   5.5285E-05   5.5478E-05   0.99651
FLUX  414   463.00        6.475000E+14   5.4244E-05   5.5292E-05   0.98105
FLUX  415   465.00        6.447150E+14   5.4876E-05   5.5106E-05   0.99584
FLUX  416   467.00        6.419540E+14   5.4464E-05   5.4920E-05   0.99170
FLUX  417   469.00        6.392164E+14   5.4379E-05   5.4734E-05   0.99351
FLUX  418   471.00        6.365021E+14   5.3550E-05   5.4548E-05   0.98170
FLUX  419   473.00        6.338108E+14   5.4052E-05   5.4363E-05   0.99428
FLUX  420   475.00        6.311421E+14   5.3882E-05   5.4178E-05   0.99454
FLUX  421   477.00        6.284958E+14   5.3881E-05   5.3994E-05   0.99790
FLUX  422   479.00        6.258716E+14   5.3679E-05   5.3810E-05   0.99758
FLUX  423   481.00        6.232692E+14   5.3330E-05   5.3626E-05   0.99449
FLUX  424   483.00        6.206884E+14   5.2908E-05   5.3443E-05   0.98999
FLUX  425   485.00        6.181289E+14   4.9928E-05   5.3260E-05   0.93744
FLUX  426   487.00        6.155903E+14   4.2680E-05   5.3078E-05   0.80411
FLUX  427   489.00        6.130726E+14   5.2440E-05   5.2896E-05   0.99139
FLUX  428   491.00        6.105753E+14   5.2425E-05   5.2714E-05   0.99452
FLUX  429   493.00        6.080984E+14   5.1884E-05   5.2533E-05   0.98765
FLUX  430   495.00        6.056414E+14   5.2068E-05   5.2353E-05   0.99456
FLUX  431   497.00        6.032042E+14   5.2028E-05   5.2173E-05   0.99722
FLUX  432   499.00        6.007866E+14   5.1660E-05   5.1993E-05   0.99360
FLUX  433   501.00        5.983882E+14   5.0792E-05   5.1814E-05   0.98028
FLUX  434   503.00        5.960089E+14   5.0982E-05   5.1635E-05   0.98734
FLUX  435   505.00        5.936485E+14   5.0565E-05   5.1457E-05   0.98265
FLUX  436   507.00        5.913067E+14   5.0801E-05   5.1280E-05   0.99067
FLUX  437   509.00        5.889833E+14   5.0637E-05   5.1103E-05   0.99088
FLUX  438   511.00        5.866781E+14   5.0318E-05   5.0927E-05   0.98805
FLUX  439   513.00        5.843908E+14   5.0279E-05   5.0751E-05   0.99070
FLUX  440   515.00        5.821214E+14   4.9807E-05   5.0576E-05   0.98481
FLUX  441   517.00        5.798694E+14   4.9447E-05   5.0401E-05   0.98109
FLUX  442   519.00        5.776349E+14   4.9411E-05   5.0226E-05   0.98376
FLUX  443   521.00        5.754175E+14   4.9332E-05   5.0053E-05   0.98559
FLUX  444   523.00        5.732170E+14   4.8869E-05   4.9880E-05   0.97973
FLUX  445   525.00        5.710333E+14   4.9135E-05   4.9707E-05   0.98849
FLUX  446   527.00        5.688662E+14   4.8511E-05   4.9536E-05   0.97931
FLUX  447   529.00        5.667155E+14   4.8957E-05   4.9364E-05   0.99174
FLUX  448   531.00        5.645810E+14   4.8276E-05   4.9194E-05   0.98135
FLUX  449   533.00        5.624625E+14   4.8447E-05   4.9024E-05   0.98823
FLUX  450   535.00        5.603598E+14   4.8569E-05   4.8854E-05   0.99416
FLUX  451   537.00        5.582728E+14   4.8319E-05   4.8686E-05   0.99246
FLUX  452   539.00        5.562013E+14   4.8149E-05   4.8518E-05   0.99241
FLUX  453   541.00        5.541451E+14   4.7838E-05   4.8350E-05   0.98940
FLUX  454   543.00        5.521040E+14   4.7705E-05   4.8183E-05   0.99006
FLUX  455   545.00        5.500780E+14   4.7737E-05   4.8017E-05   0.99417
FLUX  456   547.00        5.480667E+14   4.7519E-05   4.7851E-05   0.99305
FLUX  457   549.00        5.460701E+14   4.7412E-05   4.7686E-05   0.99424
FLUX  458   551.00        5.440880E+14   4.7147E-05   4.7522E-05   0.99211
FLUX  459   553.00        5.421202E+14   4.7071E-05   4.7357E-05   0.99395
FLUX  460   555.00        5.401667E+14   4.6998E-05   4.7194E-05   0.99585
FLUX  461   557.00        5.382271E+14   4.6804E-05   4.7031E-05   0.99518
FLUX  462   559.00        5.363014E+14   4.6694E-05   4.6869E-05   0.99628
FLUX  463   561.00        5.343895E+14   4.6637E-05   4.6707E-05   0.99849
FLUX  464   563.00        5.324911E+14   4.6454E-05   4.6546E-05   0.99803
FLUX  465   565.00        5.306062E+14   4.6118E-05   4.6386E-05   0.99423
FLUX  466   567.00        5.287346E+14   4.6042E-05   4.6226E-05   0.99602
FLUX  467   569.00        5.268761E+14   4.5988E-05   4.6067E-05   0.99828
FLUX  468   571.00        5.250306E+14   4.5847E-05   4.5908E-05   0.99866
FLUX  469   573.00        5.231981E+14   4.5687E-05   4.5751E-05   0.99862
FLUX  470   575.00        5.213783E+14   4.5513E-05   4.5593E-05   0.99823
FLUX  471   577.00        5.195711E+14   4.5370E-05   4.5437E-05   0.99854
FLUX  472   579.00        5.177763E+14   4.5133E-05   4.5281E-05   0.99673
FLUX  473   581.00        5.159940E+14   4.5020E-05   4.5126E-05   0.99765
FLUX  474   583.00        5.142238E+14   4.4859E-05   4.4971E-05   0.99750
FLUX  475   585.00        5.124658E+14   4.4756E-05   4.4817E-05   0.99864
FLUX  476   587.00        5.107198E+14   4.4431E-05   4.4664E-05   0.99478
FLUX  477   589.00        5.089856E+14   4.4266E-05   4.4511E-05   0.99448
FLUX  478   591.00        5.072631E+14   4.4276E-05   4.4359E-05   0.99811
FLUX  479   593.00        5.055523E+14   4.4162E-05   4.4208E-05   0.99897
FLUX  480   595.00        5.038529E+14   4.3816E-05   4.4057E-05   0.99454
FLUX  481   597.00        5.021650E+14   4.3798E-05   4.3907E-05   0.99751
FLUX  482   599.00        5.004883E+14   4.3548E-05   4.3758E-05   0.99520
FLUX  483   601.00        4.988228E+14   4.3539E-05   4.3609E-05   0.99841
FLUX  484   603.00        4.971683E+14   4.3413E-05   4.3460E-05   0.99892
FLUX  485   605.00        4.955248E+14   4.3219E-05   4.3313E-05   0.99783
FLUX  486   607.00        4.938921E+14   4.3087E-05   4.3167E-05   0.99816
FLUX  487   609.00        4.922701E+14   4.2938E-05   4.3021E-05   0.99808
FLUX  488   611.00        4.906588E+14   4.2813E-05   4.2875E-05   0.99855
FLUX  489   613.00        4.890579E+14   4.2648E-05   4.2731E-05   0.99807
FLUX  490   615.00        4.874675E+14   4.2131E-05   4.2586E-05   0.98931
FLUX  491   617.00        4.858874E+14   4.2367E-05   4.2443E-05   0.99821
FLUX  492   619.00        4.843174E+14   4.2246E-05   4.2300E-05   0.99871
FLUX  493   621.00        4.827576E+14   4.2120E-05   4.2158E-05   0.99909
FLUX  494   623.00        4.812079E+14   4.1918E-05   4.2016E-05   0.99766
FLUX  495   625.00        4.796680E+14   4.1466E-05   4.1875E-05   0.99022
FLUX  496   627.00        4.781380E+14   4.1702E-05   4.1735E-05   0.99921
FLUX  497   629.00        4.766176E+14   4.1547E-05   4.1596E-05   0.99884
FLUX  498   631.00        4.751070E+14   4.1301E-05   4.1456E-05   0.99626
FLUX  499   633.00        4.736058E+14   4.1256E-05   4.1318E-05   0.99851
FLUX  500   635.00        4.721142E+14   4.0707E-05   4.1180E-05   0.98851
FLUX  501   637.00        4.706319E+14   4.0692E-05   4.1042E-05   0.99146
FLUX  502   639.00        4.691588E+14   4.0812E-05   4.0906E-05   0.99771
FLUX  503   641.00        4.676950E+14   4.0635E-05   4.0769E-05   0.99670
FLUX  504   643.00        4.662403E+14   4.0557E-05   4.0634E-05   0.99812
FLUX  505   645.00        4.647946E+14   4.0194E-05   4.0498E-05   0.99249
FLUX  506   647.00        4.633578E+14   4.0330E-05   4.0364E-05   0.99916
FLUX  507   649.00        4.619299E+14   4.0039E-05   4.0230E-05   0.99527
FLUX  508   651.00        4.605107E+14   3.9907E-05   4.0096E-05   0.99528
FLUX  509   653.00        4.591003E+14   3.9671E-05   3.9964E-05   0.99267
FLUX  510   655.00        4.576985E+14   3.7837E-05   3.9831E-05   0.94992
FLUX  511   657.00        4.563052E+14   3.1602E-05   3.9700E-05   0.79603
FLUX  512   659.00        4.549203E+14   3.9087E-05   3.9569E-05   0.98784
FLUX  513   661.00        4.535439E+14   3.9292E-05   3.9438E-05   0.99629
FLUX  514   663.00        4.521757E+14   3.9223E-05   3.9308E-05   0.99783
FLUX  515   665.00        4.508158E+14   3.9141E-05   3.9179E-05   0.99903
FLUX  516   667.00        4.494640E+14   3.8964E-05   3.9050E-05   0.99779
FLUX  517   669.00        4.481203E+14   3.8847E-05   3.8922E-05   0.99806
FLUX  518   671.00        4.467846E+14   3.8762E-05   3.8795E-05   0.99915
FLUX  519   673.00        4.454569E+14   3.8590E-05   3.8668E-05   0.99800
FLUX  520   675.00        4.441370E+14   3.8500E-05   3.8541E-05   0.99893
FLUX  521   677.00        4.428250E+14   3.8385E-05   3.8415E-05   0.99920
FLUX  522   679.00        4.415206E+14   3.8244E-05   3.8290E-05   0.99879
FLUX  523   681.00        4.402239E+14   3.8124E-05   3.8165E-05   0.99892
FLUX  524   683.00        4.389348E+14   3.7966E-05   3.8041E-05   0.99804
FLUX  525   685.00        4.376533E+14   3.7861E-05   3.7917E-05   0.99851
FLUX  526   687.00        4.363792E+14   3.7744E-05   3.7794E-05   0.99867
FLUX  527   689.00        4.351125E+14   3.7637E-05   3.7672E-05   0.99907
FLUX  528   691.00        4.338531E+14   3.7497E-05   3.7550E-05   0.99860
FLUX  529   693.00        4.326010E+14   3.7354E-05   3.7428E-05   0.99802
FLUX  530   695.00        4.313561E+14   3.7269E-05   3.7307E-05   0.99898
FLUX  531   697.00        4.301184E+14   3.7141E-05   3.7187E-05   0.99876
FLUX  532   699.00        4.288877E+14   3.7047E-05   3.7067E-05   0.99945
FLUX  533   701.00        4.276640E+14   3.6857E-05   3.6948E-05   0.99752
FLUX  534   703.00        4.264474E+14   3.6803E-05   3.6829E-05   0.99928
FLUX  535   705.00        4.252376E+14   3.6619E-05   3.6711E-05   0.99749
FLUX  536   707.00        4.240346E+14   3.6527E-05   3.6594E-05   0.99817
FLUX  537   709.00        4.228385E+14   3.6457E-05   3.6477E-05   0.99947
FLUX  538   711.00        4.216491E+14   3.6250E-05   3.6360E-05   0.99698
FLUX  539   713.00        4.204663E+14   3.6184E-05   3.6244E-05   0.99835
FLUX  540   715.00        4.192902E+14   3.6084E-05   3.6128E-05   0.99878
FLUX  541   717.00        4.181206E+14   3.5975E-05   3.6013E-05   0.99893
FLUX  542   719.00        4.169576E+14   3.5861E-05   3.5899E-05   0.99893
FLUX  543   721.00        4.158010E+14   3.5759E-05   3.5785E-05   0.99928
FLUX  544   723.00        4.146508E+14   3.5596E-05   3.5672E-05   0.99788
FLUX  545   725.00        4.135069E+14   3.5499E-05   3.5559E-05   0.99832
FLUX  546   727.00        4.123693E+14   3.5410E-05   3.5446E-05   0.99899
FLUX  547   729.00        4.112380E+14   3.5284E-05   3.5334E-05   0.99858
FLUX  548   731.00        4.101129E+14   3.5143E-05   3.5223E-05   0.99773
FLUX  549   733.00        4.089939E+14   3.5070E-05   3.5112E-05   0.99883
FLUX  550   735.00        4.078809E+14   3.4983E-05   3.5001E-05   0.99948
FLUX  551   737.00        4.067741E+14   3.4880E-05   3.4891E-05   0.99970
FLUX  552   739.00        4.056732E+14   3.4763E-05   3.4781E-05   0.99949
FLUX  553   741.00        4.045783E+14   3.4635E-05   3.4672E-05   0.99893
FLUX  554   743.00        4.034892E+14   3.4456E-05   3.4564E-05   0.99688
FLUX  555   745.00        4.024060E+14   3.4378E-05   3.4455E-05   0.99775
FLUX  556   747.00        4.013286E+14   3.4211E-05   3.4348E-05   0.99603
FLUX  557   749.00        4.002570E+14   3.4166E-05   3.4240E-05   0.99784
FLUX  558   751.00        3.991911E+14   3.4031E-05   3.4134E-05   0.99699
FLUX  559   753.00        3.981308E+14   3.3999E-05   3.4027E-05   0.99917
FLUX  560   755.00        3.970762E+14   3.3905E-05   3.3921E-05   0.99951
FLUX  561   757.00        3.960271E+14   3.3793E-05   3.3816E-05   0.99931
FLUX  562   759.00        3.949835E+14   3.3686E-05   3.3711E-05   0.99926
FLUX  563   761.00        3.939455E+14   3.3602E-05   3.3607E-05   0.99987
FLUX  564   763.00        3.929128E+14   3.3487E-05   3.3503E-05   0.99953
FLUX  565   765.00        3.918856E+14   3.3342E-05   3.3399E-05   0.99829
FLUX  566   767.00        3.908638E+14   3.3265E-05   3.3296E-05   0.99905
FLUX  567   769.00        3.898472E+14   3.3162E-05   3.3194E-05   0.99905
FLUX  568   771.00        3.888359E+14   3.3036E-05   3.3092E-05   0.99832
FLUX  569   773.00        3.878299E+14   3.2970E-05   3.2990E-05   0.99941
FLUX  570   775.00        3.868290E+14   3.2866E-05   3.2889E-05   0.99932
FLUX  571   777.00        3.858333E+14   3.2231E-05   3.2788E-05   0.98301
FLUX  572   779.00        3.848427E+14   3.2663E-05   3.2688E-05   0.99925
FLUX  573   781.00        3.838572E+14   3.2581E-05   3.2588E-05   0.99980
FLUX  574   783.00        3.828768E+14   3.2462E-05   3.2488E-05   0.99920
FLUX  575   785.00        3.819013E+14   3.2297E-05   3.2389E-05   0.99714
FLUX  576   787.00        3.809307E+14   3.2149E-05   3.2291E-05   0.99561
FLUX  577   789.00        3.799651E+14   3.1987E-05   3.2193E-05   0.99362
FLUX  578   791.00        3.790044E+14   3.2056E-05   3.2095E-05   0.99880
FLUX  579   793.00        3.780485E+14   3.1984E-05   3.1998E-05   0.99957
FLUX  580   795.00        3.770975E+14   3.1766E-05   3.1901E-05   0.99576
FLUX  581   797.00        3.761512E+14   3.1792E-05   3.1805E-05   0.99960
FLUX  582   799.00        3.752096E+14   3.1411E-05   3.1709E-05   0.99060
FLUX  583   801.00        3.742728E+14   3.1598E-05   3.1613E-05   0.99952
FLUX  584   803.00        3.733406E+14   3.1497E-05   3.1518E-05   0.99932
FLUX  585   805.00        3.724130E+14   3.1405E-05   3.1423E-05   0.99942
FLUX  586   807.00        3.714901E+14   3.1304E-05   3.1329E-05   0.99921
FLUX  587   809.00        3.705717E+14   3.1215E-05   3.1235E-05   0.99935
FLUX  588   811.00        3.696578E+14   3.1106E-05   3.1141E-05   0.99887
FLUX  589   813.00        3.687485E+14   3.1035E-05   3.1048E-05   0.99956
FLUX  590   815.00        3.678436E+14   3.0942E-05   3.0956E-05   0.99955
FLUX  591   817.00        3.669431E+14   3.0854E-05   3.0863E-05   0.99968
FLUX  592   819.00        3.660470E+14   3.0679E-05   3.0772E-05   0.99700
FLUX  593   821.00        3.651553E+14   3.0626E-05   3.6784E-05   0.83261
FLUX  594   823.00        3.642679E+14   3.0514E-05   3.6663E-05   0.83226
FLUX  595   825.00        3.633848E+14   3.0586E-05   3.6544E-05   0.83696
FLUX  596   827.00        3.625060E+14   3.0593E-05   3.6425E-05   0.83988
FLUX  597   829.00        3.616315E+14   3.0423E-05   3.6306E-05   0.83794
FLUX  598   831.00        3.607611E+14   3.0331E-05   3.6188E-05   0.83814
FLUX  599   833.00        3.598950E+14   3.0070E-05   3.6071E-05   0.83362
FLUX  600   835.00        3.590329E+14   3.0033E-05   3.5954E-05   0.83531
FLUX  601   837.00        3.581750E+14   2.9588E-05   3.5838E-05   0.82560
FLUX  602   839.00        3.573212E+14   2.9635E-05   3.5722E-05   0.82960
FLUX  603   841.00        3.564715E+14   2.9461E-05   3.5606E-05   0.82742
FLUX  604   843.00        3.556257E+14   3.0104E-05   3.5491E-05   0.84820
FLUX  605   845.00        3.547840E+14   2.9764E-05   3.5377E-05   0.84135
FLUX  606   847.00        3.539463E+14   2.8858E-05   3.5263E-05   0.81838
FLUX  607   849.00        3.531125E+14   3.1448E-05   3.5150E-05   0.89469
FLUX  608   851.00        3.522826E+14   2.8673E-05   3.5037E-05   0.81837
FLUX  609   853.00        3.514566E+14   3.2103E-05   3.4925E-05   0.91920
FLUX  610   855.00        3.506345E+14   2.8214E-05   3.4813E-05   0.81044
FLUX  611   857.00        3.498162E+14   3.2714E-05   3.4701E-05   0.94274
FLUX  612   859.00        3.490017E+14   3.0877E-05   3.4591E-05   0.89265
FLUX  613   861.00        3.481911E+14   3.0101E-05   3.4480E-05   0.87300
FLUX  614   863.00        3.473841E+14   3.3563E-05   3.4370E-05   0.97650
FLUX  615   865.00        3.465809E+14   3.3190E-05   3.4261E-05   0.96874
FLUX  616   867.00        3.457814E+14   2.7884E-05   3.4152E-05   0.81646
FLUX  617   869.00        3.449856E+14   3.3346E-05   3.4044E-05   0.97949
FLUX  618   871.00        3.441935E+14   3.3708E-05   3.3936E-05   0.99327
FLUX  619   873.00        3.434049E+14   3.3321E-05   3.3829E-05   0.98499
FLUX  620   875.00        3.426200E+14   2.7716E-05   3.3722E-05   0.82189
FLUX  621   877.00        3.418387E+14   3.2740E-05   3.3615E-05   0.97398
FLUX  622   879.00        3.410609E+14   3.3383E-05   3.3509E-05   0.99624
FLUX  623   881.00        3.402866E+14   3.3314E-05   3.3404E-05   0.99732
FLUX  624   883.00        3.395159E+14   3.2970E-05   3.3298E-05   0.99013
FLUX  625   885.00        3.387486E+14   3.1929E-05   3.3194E-05   0.96189
FLUX  626   887.00        3.379848E+14   2.7514E-05   3.3090E-05   0.83150
FLUX  627   889.00        3.372244E+14   3.2671E-05   3.2986E-05   0.99045
FLUX  628   891.00        3.364674E+14   3.2743E-05   3.2883E-05   0.99575
FLUX  629   893.00        3.357139E+14   3.2589E-05   3.2780E-05   0.99416
FLUX  630   895.00        3.349637E+14   3.2645E-05   3.2678E-05   0.99900
FLUX  631   897.00        3.342168E+14   3.2520E-05   3.2576E-05   0.99826
FLUX  632   899.00        3.334733E+14   3.2206E-05   3.2475E-05   0.99173
FLUX  633   901.00        3.327331E+14   2.7683E-05   3.2374E-05   0.85511
FLUX  634   903.00        3.319961E+14   3.0349E-05   3.2274E-05   0.94038
FLUX  635   905.00        3.312624E+14   3.1991E-05   3.2174E-05   0.99432
FLUX  636   907.00        3.305320E+14   3.1671E-05   3.2074E-05   0.98745
FLUX  637   909.00        3.298047E+14   3.1519E-05   3.1975E-05   0.98575
FLUX  638   911.00        3.290807E+14   3.1679E-05   3.1876E-05   0.99380
FLUX  639   913.00        3.283598E+14   3.1650E-05   3.1778E-05   0.99596
FLUX  640   915.00        3.276421E+14   3.1650E-05   3.1680E-05   0.99903
FLUX  641   917.00        3.269275E+14   3.1472E-05   3.1583E-05   0.99649
FLUX  642   919.00        3.262160E+14   3.1219E-05   3.1486E-05   0.99153
FLUX  643   921.00        3.255076E+14   3.0753E-05   3.1389E-05   0.97973
FLUX  644   923.00        3.248023E+14   2.5575E-05   3.1293E-05   0.81728
FLUX  645   925.00        3.241000E+14   3.0257E-05   3.1198E-05   0.96986
FLUX  646   927.00        3.234008E+14   3.0342E-05   3.1103E-05   0.97554
FLUX  647   929.00        3.227045E+14   3.0901E-05   3.1008E-05   0.99655
FLUX  648   931.00        3.220113E+14   3.0869E-05   3.0913E-05   0.99857
FLUX  649   933.00        3.213210E+14   3.0732E-05   3.0819E-05   0.99716
FLUX  650   935.00        3.206337E+14   3.0694E-05   3.0726E-05   0.99895
FLUX  651   937.00        3.199493E+14   3.0608E-05   3.0633E-05   0.99919
FLUX  652   939.00        3.192678E+14   3.0399E-05   3.0540E-05   0.99539
FLUX  653   941.00        3.185893E+14   3.0059E-05   3.0448E-05   0.98724
FLUX  654   943.00        3.179136E+14   3.0292E-05   3.0356E-05   0.99791
FLUX  655   945.00        3.172407E+14   3.0237E-05   3.0264E-05   0.99909
FLUX  656   947.00        3.165707E+14   3.0122E-05   3.0173E-05   0.99832
FLUX  657   949.00        3.159036E+14   3.0042E-05   3.0082E-05   0.99867
FLUX  658   951.00        3.152392E+14   2.9864E-05   2.9992E-05   0.99575
FLUX  659   953.00        3.145776E+14   2.9251E-05   2.9902E-05   0.97823
FLUX  660   955.00        3.139188E+14   2.4623E-05   2.9812E-05   0.82593
FLUX  661   957.00        3.132628E+14   2.9287E-05   2.9723E-05   0.98534
FLUX  662   959.00        3.126095E+14   2.9559E-05   2.9634E-05   0.99747
FLUX  663   961.00        3.119589E+14   2.9465E-05   2.9546E-05   0.99729
FLUX  664   963.00        3.113110E+14   2.9122E-05   2.9457E-05   0.98861
FLUX  665   965.00        3.106658E+14   2.9347E-05   2.9370E-05   0.99922
FLUX  666   967.00        3.100233E+14   2.9143E-05   2.9282E-05   0.99524
FLUX  667   969.00        3.093834E+14   2.9157E-05   2.9195E-05   0.99869
FLUX  668   971.00        3.087461E+14   2.9105E-05   2.9109E-05   0.99986
FLUX  669   973.00        3.081115E+14   2.9010E-05   2.9022E-05   0.99958
FLUX  670   975.00        3.074795E+14   2.8911E-05   2.8936E-05   0.99913
FLUX  671   977.00        3.068500E+14   2.8845E-05   2.8851E-05   0.99978
FLUX  672   979.00        3.062232E+14   2.8750E-05   2.8766E-05   0.99947
FLUX  673   981.00        3.055989E+14   2.8648E-05   2.8681E-05   0.99887
FLUX  674   983.00        3.049771E+14   2.8535E-05   2.8596E-05   0.99785
FLUX  675   985.00        3.043579E+14   2.8453E-05   2.8512E-05   0.99790
FLUX  676   987.00        3.037411E+14   2.8386E-05   2.8429E-05   0.99848
FLUX  677   989.00        3.031269E+14   2.8250E-05   2.8345E-05   0.99664
FLUX  678   991.00        3.025151E+14   2.8236E-05   2.8262E-05   0.99907
FLUX  679   993.00        3.019058E+14   2.8153E-05   2.8180E-05   0.99905
FLUX  680   995.00        3.012990E+14   2.8062E-05   2.8097E-05   0.99876
FLUX  681   997.00        3.006946E+14   2.7998E-05   2.8015E-05   0.99936
FLUX  682   999.00        3.000926E+14   2.7912E-05   2.7934E-05   0.99922
FLUX  683  1002.50        2.990449E+14   2.6960E-05   2.7792E-05   0.97008
FLUX  684  1007.50        2.975608E+14   2.5908E-05   2.7591E-05   0.93900
FLUX  685  1012.50        2.960914E+14   2.7201E-05   2.7392E-05   0.99303
FLUX  686  1017.50        2.946364E+14   2.7143E-05   2.7195E-05   0.99810
FLUX  687  1022.50        2.931956E+14   2.6988E-05   2.7000E-05   0.99958
FLUX  688  1027.50        2.917689E+14   2.6793E-05   2.6807E-05   0.99949
FLUX  689  1032.50        2.903559E+14   2.6590E-05   2.6616E-05   0.99903
FLUX  690  1037.50        2.889566E+14   2.6405E-05   2.6427E-05   0.99916
FLUX  691  1042.50        2.875707E+14   2.6229E-05   2.6240E-05   0.99957
FLUX  692  1047.50        2.861981E+14   2.6003E-05   2.6055E-05   0.99799
FLUX  693  1052.50        2.848385E+14   2.5800E-05   2.5872E-05   0.99722
FLUX  694  1057.50        2.834917E+14   2.5660E-05   2.5691E-05   0.99881
FLUX  695  1062.50        2.821576E+14   2.5496E-05   2.5511E-05   0.99942
FLUX  696  1067.50        2.808361E+14   2.5142E-05   2.5334E-05   0.99243
FLUX  697  1072.50        2.795268E+14   2.5080E-05   2.5158E-05   0.99689
FLUX  698  1077.50        2.782297E+14   2.4948E-05   2.4984E-05   0.99854
FLUX  699  1082.50        2.769446E+14   2.4758E-05   2.4812E-05   0.99784
FLUX  700  1087.50        2.756713E+14   2.4599E-05   2.4641E-05   0.99828
FLUX  701  1092.50        2.744096E+14   2.2516E-05   2.4473E-05   0.92004
FLUX  702  1097.50        2.731595E+14   2.3978E-05   2.4306E-05   0.98652
FLUX  703  1102.50        2.719206E+14   2.4129E-05   2.4140E-05   0.99952
FLUX  704  1107.50        2.706930E+14   2.3970E-05   2.3977E-05   0.99974
FLUX  705  1112.50        2.694764E+14   2.3805E-05   2.3815E-05   0.99960
FLUX  706  1117.50        2.682707E+14   2.3645E-05   2.3654E-05   0.99961
FLUX  707  1122.50        2.670757E+14   2.3489E-05   2.3495E-05   0.99972
FLUX  708  1127.50        2.658913E+14   2.3151E-05   2.3338E-05   0.99197
FLUX  709  1132.50        2.647174E+14   2.3045E-05   2.3182E-05   0.99410
FLUX  710  1137.50        2.635538E+14   2.3012E-05   2.3028E-05   0.99932
FLUX  711  1142.50        2.624004E+14   2.2855E-05   2.2875E-05   0.99914
FLUX  712  1147.50        2.612571E+14   2.2719E-05   2.2724E-05   0.99980
FLUX  713  1152.50        2.601236E+14   2.2572E-05   2.2574E-05   0.99989
FLUX  714  1157.50        2.590000E+14   2.2420E-05   2.2426E-05   0.99976
FLUX  715  1162.50        2.578860E+14   2.2221E-05   2.2279E-05   0.99743
FLUX  716  1167.50        2.567816E+14   2.2055E-05   2.2133E-05   0.99646
FLUX  717  1172.50        2.556866E+14   2.1980E-05   2.1989E-05   0.99961
FLUX  718  1177.50        2.546008E+14   2.1727E-05   2.1846E-05   0.99452
FLUX  719  1182.50        2.535243E+14   2.1667E-05   2.1705E-05   0.99824
FLUX  720  1187.50        2.524568E+14   2.1513E-05   2.1565E-05   0.99759
FLUX  721  1192.50        2.513983E+14   2.1425E-05   2.1426E-05   0.99993
FLUX  722  1197.50        2.503486E+14   2.1260E-05   2.1289E-05   0.99866
FLUX  723  1202.50        2.493077E+14   2.1145E-05   2.1153E-05   0.99964
FLUX  724  1207.50        2.482754E+14   2.1005E-05   2.1018E-05   0.99937
FLUX  725  1212.50        2.472515E+14   2.0870E-05   2.0884E-05   0.99931
FLUX  726  1217.50        2.462361E+14   2.0745E-05   2.0752E-05   0.99967
FLUX  727  1222.50        2.452290E+14   2.0612E-05   2.0621E-05   0.99955
FLUX  728  1227.50        2.442301E+14   2.0472E-05   2.0491E-05   0.99906
FLUX  729  1232.50        2.432393E+14   2.0349E-05   2.0362E-05   0.99935
FLUX  730  1237.50        2.422566E+14   2.0225E-05   2.0235E-05   0.99949
FLUX  731  1242.50        2.412817E+14   2.0106E-05   2.0109E-05   0.99988
FLUX  732  1247.50        2.403146E+14   1.9937E-05   1.9984E-05   0.99769
FLUX  733  1252.50        2.393553E+14   1.9854E-05   1.9860E-05   0.99972
FLUX  734  1257.50        2.384036E+14   1.9699E-05   1.9737E-05   0.99807
FLUX  735  1262.50        2.374594E+14   1.9596E-05   1.9615E-05   0.99902
FLUX  736  1267.50        2.365227E+14   1.9491E-05   1.9495E-05   0.99981
FLUX  737  1272.50        2.355933E+14   1.9373E-05   1.9375E-05   0.99989
FLUX  738  1277.50        2.346712E+14   1.9180E-05   1.9257E-05   0.99600
FLUX  739  1282.50        2.337563E+14   1.7633E-05   1.9140E-05   0.92129
FLUX  740  1287.50        2.328485E+14   1.8979E-05   1.9024E-05   0.99766
FLUX  741  1292.50        2.319478E+14   1.8906E-05   1.8908E-05   0.99988
FLUX  742  1297.50        2.310539E+14   1.8792E-05   1.8794E-05   0.99987
FLUX  743  1302.50        2.301670E+14   1.8681E-05   1.8681E-05   0.99997
FLUX  744  1307.50        2.292868E+14   1.8568E-05   1.8569E-05   0.99993
FLUX  745  1312.50        2.284133E+14   1.8457E-05   1.8458E-05   0.99992
FLUX  746  1317.50        2.275465E+14   1.8309E-05   1.8348E-05   0.99788
FLUX  747  1322.50        2.266862E+14   1.8238E-05   1.8239E-05   0.99995
FLUX  748  1327.50        2.258324E+14   1.8130E-05   1.8131E-05   0.99997
FLUX  749  1332.50        2.249850E+14   1.8023E-05   1.8023E-05   0.99995
FLUX  750  1337.50        2.241439E+14   1.7916E-05   1.7917E-05   0.99995
FLUX  751  1342.50        2.233091E+14   1.7805E-05   1.7812E-05   0.99961
FLUX  752  1347.50        2.224805E+14   1.7700E-05   1.7707E-05   0.99957
FLUX  753  1352.50        2.216580E+14   1.7586E-05   1.7604E-05   0.99897
FLUX  754  1357.50        2.208416E+14   1.7490E-05   1.7501E-05   0.99938
FLUX  755  1362.50        2.200312E+14   1.7389E-05   1.7399E-05   0.99942
FLUX  756  1367.50        2.192267E+14   1.7278E-05   1.7298E-05   0.99880
FLUX  757  1372.50        2.184280E+14   1.7175E-05   1.7198E-05   0.99863
FLUX  758  1377.50        2.176352E+14   1.7095E-05   1.7099E-05   0.99978
FLUX  759  1382.50        2.168481E+14   1.6997E-05   1.7001E-05   0.99980
FLUX  760  1387.50        2.160667E+14   1.6903E-05   1.6903E-05   0.99995
FLUX  761  1392.50        2.152908E+14   1.6800E-05   1.6807E-05   0.99962
FLUX  762  1397.50        2.145206E+14   1.6708E-05   1.6711E-05   0.99981
FLUX  763  1402.50        2.137558E+14   1.6615E-05   1.6616E-05   0.99993
FLUX  764  1407.50        2.129964E+14   1.6521E-05   1.6522E-05   0.99997
FLUX  765  1412.50        2.122425E+14   1.6425E-05   1.6428E-05   0.99980
FLUX  766  1417.50        2.114938E+14   1.6334E-05   1.6336E-05   0.99993
FLUX  767  1422.50        2.107504E+14   1.6242E-05   1.6244E-05   0.99991
FLUX  768  1427.50        2.100123E+14   1.6152E-05   1.6153E-05   0.99994
FLUX  769  1432.50        2.092792E+14   1.6060E-05   1.6062E-05   0.99988
FLUX  770  1437.50        2.085513E+14   1.5971E-05   1.5973E-05   0.99987
FLUX  771  1442.50        2.078284E+14   1.5835E-05   1.5884E-05   0.99690
FLUX  772  1447.50        2.071105E+14   1.5793E-05   1.5796E-05   0.99981
FLUX  773  1452.50        2.063976E+14   1.5684E-05   1.5709E-05   0.99842
FLUX  774  1457.00        2.057601E+14   1.5629E-05   1.5631E-05   0.99990
FLUX  775  1462.00        2.050564E+14   1.5567E-05   1.6374E-05   0.95070
FLUX  776  1467.50        2.042879E+14   1.5486E-05   1.6273E-05   0.95168
FLUX  777  1472.50        2.035942E+14   1.5403E-05   1.6182E-05   0.95191
FLUX  778  1477.50        2.029052E+14   1.5306E-05   1.6091E-05   0.95119
FLUX  779  1482.50        2.022209E+14   1.5241E-05   1.6001E-05   0.95251
FLUX  780  1487.50        2.015412E+14   1.5142E-05   1.5913E-05   0.95158
FLUX  781  1492.50        2.008660E+14   1.5068E-05   1.5824E-05   0.95220
FLUX  782  1497.50        2.001953E+14   1.4974E-05   1.5737E-05   0.95150
FLUX  783  1502.50        1.995291E+14   1.4854E-05   1.5650E-05   0.94911
FLUX  784  1507.50        1.988673E+14   1.4769E-05   1.5564E-05   0.94893
FLUX  785  1512.50        1.982099E+14   1.4677E-05   1.5479E-05   0.94822
FLUX  786  1517.50        1.975568E+14   1.4606E-05   1.5394E-05   0.94880
FLUX  787  1522.50        1.969080E+14   1.4677E-05   1.5310E-05   0.95865
FLUX  788  1527.50        1.962635E+14   1.4358E-05   1.5227E-05   0.94297
FLUX  789  1532.50        1.956232E+14   1.4309E-05   1.5144E-05   0.94486
FLUX  790  1537.50        1.949870E+14   1.4489E-05   1.5062E-05   0.96194
FLUX  791  1542.50        1.943549E+14   1.4041E-05   1.4981E-05   0.93725
FLUX  792  1547.50        1.937270E+14   1.4416E-05   1.4900E-05   0.96748
FLUX  793  1552.50        1.931031E+14   1.4406E-05   1.4820E-05   0.97204
FLUX  794  1557.50        1.924831E+14   1.3716E-05   1.4741E-05   0.93043
FLUX  795  1562.50        1.918672E+14   1.4401E-05   1.4662E-05   0.98220
FLUX  796  1567.50        1.912552E+14   1.4103E-05   1.4584E-05   0.96698
FLUX  797  1572.50        1.906471E+14   1.3582E-05   1.4507E-05   0.93623
FLUX  798  1577.50        1.900428E+14   1.4256E-05   1.4430E-05   0.98792
FLUX  799  1582.50        1.894423E+14   1.4203E-05   1.4354E-05   0.98952
FLUX  800  1587.50        1.888457E+14   1.3139E-05   1.4278E-05   0.92025
FLUX  801  1592.50        1.882527E+14   1.4021E-05   1.4203E-05   0.98721
FLUX  802  1597.50        1.876635E+14   1.4080E-05   1.4128E-05   0.99658
FLUX  803  1605.00        1.867866E+14   1.3918E-05   1.4018E-05   0.99285
FLUX  804  1615.00        1.856300E+14   1.3307E-05   1.3872E-05   0.95926
FLUX  805  1625.00        1.844877E+14   1.3728E-05   1.3729E-05   0.99989
FLUX  806  1635.00        1.833593E+14   1.3489E-05   1.3588E-05   0.99271
FLUX  807  1645.00        1.822447E+14   1.2915E-05   1.3449E-05   0.96031
FLUX  808  1655.00        1.811435E+14   1.3310E-05   1.3312E-05   0.99988
FLUX  809  1665.00        1.800556E+14   1.3175E-05   1.3177E-05   0.99985
FLUX  810  1675.00        1.789806E+14   1.2940E-05   1.3044E-05   0.99197
FLUX  811  1685.00        1.779184E+14   1.2399E-05   1.2914E-05   0.96012
FLUX  812  1695.00        1.768687E+14   1.2777E-05   1.2785E-05   0.99943
FLUX  813  1705.00        1.758314E+14   1.2651E-05   1.2658E-05   0.99951
FLUX  814  1715.00        1.748061E+14   1.2530E-05   1.2532E-05   0.99976
FLUX  815  1725.00        1.737928E+14   1.2397E-05   1.2409E-05   0.99906
FLUX  816  1735.00        1.727911E+14   1.1722E-05   1.2288E-05   0.95401
FLUX  817  1745.00        1.718009E+14   1.2128E-05   1.2168E-05   0.99672
FLUX  818  1755.00        1.708219E+14   1.2037E-05   1.2050E-05   0.99894
FLUX  819  1765.00        1.698541E+14   1.1923E-05   1.1934E-05   0.99912
FLUX  820  1775.00        1.688972E+14   1.1809E-05   1.1819E-05   0.99916
FLUX  821  1785.00        1.679510E+14   1.1699E-05   1.1706E-05   0.99937
FLUX  822  1795.00        1.670153E+14   1.1593E-05   1.1595E-05   0.99990
FLUX  823  1805.00        1.660900E+14   1.1455E-05   1.1485E-05   0.99741
FLUX  824  1815.00        1.651749E+14   1.0895E-05   1.1376E-05   0.95765
FLUX  825  1825.00        1.642699E+14   1.1204E-05   1.1270E-05   0.99421
FLUX  826  1835.00        1.633747E+14   1.1161E-05   1.1165E-05   0.99970
FLUX  827  1845.00        1.624892E+14   1.1059E-05   1.1061E-05   0.99983
FLUX  828  1855.00        1.616132E+14   1.0948E-05   1.0958E-05   0.99905
FLUX  829  1865.00        1.607466E+14   1.0846E-05   1.0858E-05   0.99895
FLUX  830  1875.00        1.598893E+14   1.0272E-05   1.0758E-05   0.95485
FLUX  831  1885.00        1.590411E+14   1.0643E-05   1.0660E-05   0.99841
FLUX  832  1895.00        1.582018E+14   1.0557E-05   1.0563E-05   0.99944
FLUX  833  1905.00        1.573714E+14   1.0466E-05   1.0468E-05   0.99990
FLUX  834  1915.00        1.565496E+14   1.0372E-05   1.0373E-05   0.99990
FLUX  835  1925.00        1.557364E+14   1.0279E-05   1.0280E-05   0.99982
FLUX  836  1935.00        1.549315E+14   1.0181E-05   1.0189E-05   0.99922
FLUX  837  1945.00        1.541350E+14   9.6582E-06   1.0098E-05   0.95644
FLUX  838  1955.00        1.533465E+14   1.0001E-05   1.0009E-05   0.99921
FLUX  839  1965.00        1.525662E+14   9.9205E-06   9.9207E-06   0.99998
FLUX  840  1975.00        1.517937E+14   9.8322E-06   9.8337E-06   0.99985
FLUX  841  1985.00        1.510290E+14   9.7473E-06   9.7478E-06   0.99995
FLUX  842  1995.00        1.502719E+14   9.6625E-06   9.6631E-06   0.99994
FLUX  843  2005.00        1.495224E+14   9.5793E-06   9.5795E-06   0.99998
FLUX  844  2015.00        1.487804E+14   9.4967E-06   9.4969E-06   0.99998
FLUX  845  2025.00        1.480457E+14   9.4151E-06   9.4154E-06   0.99997
FLUX  846  2035.00        1.473182E+14   9.3342E-06   9.3349E-06   0.99993
FLUX  847  2045.00        1.465978E+14   9.2552E-06   9.2555E-06   0.99998
FLUX  848  2055.00        1.458844E+14   9.1768E-06   9.1770E-06   0.99997
FLUX  849  2065.00        1.451780E+14   9.0986E-06   9.0996E-06   0.99989
FLUX  850  2075.00        1.444783E+14   9.0226E-06   9.0232E-06   0.99993
FLUX  851  2085.00        1.437854E+14   8.9474E-06   8.9477E-06   0.99997
FLUX  852  2095.00        1.430990E+14   8.8726E-06   8.8731E-06   0.99994
FLUX  853  2105.00        1.424192E+14   8.7987E-06   8.7995E-06   0.99991
FLUX  854  2115.00        1.417459E+14   8.7224E-06   8.7268E-06   0.99950
FLUX  855  2125.00        1.410788E+14   8.6513E-06   8.6550E-06   0.99957
FLUX  856  2135.00        1.404180E+14   8.5788E-06   8.5841E-06   0.99938
FLUX  857  2145.00        1.397634E+14   8.5117E-06   8.5140E-06   0.99972
FLUX  858  2155.00        1.391148E+14   8.4409E-06   8.4449E-06   0.99954
FLUX  859  2165.00        1.384723E+14   8.0181E-06   8.3765E-06   0.95721
FLUX  860  2175.00        1.378356E+14   8.2942E-06   8.3090E-06   0.99822
FLUX  861  2185.00        1.372048E+14   8.2414E-06   8.2423E-06   0.99989
FLUX  862  2195.00        1.365797E+14   8.1760E-06   8.1764E-06   0.99995
FLUX  863  2205.00        1.359603E+14   8.1106E-06   8.1112E-06   0.99992
FLUX  864  2215.00        1.353465E+14   8.0448E-06   8.0469E-06   0.99974
FLUX  865  2225.00        1.347382E+14   7.9831E-06   7.9833E-06   0.99998
FLUX  866  2235.00        1.341353E+14   7.9203E-06   7.9205E-06   0.99997
FLUX  867  2245.00        1.335379E+14   7.8584E-06   7.8584E-06   1.00000
FLUX  868  2255.00        1.329457E+14   7.7963E-06   7.7971E-06   0.99991
FLUX  869  2265.00        1.323587E+14   7.7363E-06   7.7364E-06   0.99999
FLUX  870  2275.00        1.317769E+14   7.6763E-06   7.6765E-06   0.99998
FLUX  871  2285.00        1.312002E+14   7.6245E-06   7.7669E-06   0.98166
FLUX  872  2295.00        1.306285E+14   7.5666E-06   7.7066E-06   0.98183
FLUX  873  2305.00        1.300618E+14   7.5103E-06   7.6470E-06   0.98213
FLUX  874  2315.00        1.295000E+14   7.4540E-06   7.5881E-06   0.98232
FLUX  875  2325.00        1.289430E+14   7.3984E-06   7.5299E-06   0.98254
FLUX  876  2335.00        1.283908E+14   7.3428E-06   7.4723E-06   0.98267
FLUX  877  2345.00        1.278433E+14   7.2872E-06   7.4154E-06   0.98271
FLUX  878  2355.00        1.273004E+14   7.2317E-06   7.3592E-06   0.98268
FLUX  879  2365.00        1.267622E+14   7.1758E-06   7.3036E-06   0.98250
FLUX  880  2375.00        1.262284E+14   7.1230E-06   7.2486E-06   0.98267
FLUX  881  2385.00        1.256992E+14   7.0681E-06   7.1942E-06   0.98247
FLUX  882  2395.00        1.251743E+14   7.0136E-06   7.1404E-06   0.98223
FLUX  883  2405.00        1.246538E+14   6.9527E-06   7.0873E-06   0.98101
FLUX  884  2415.00        1.241377E+14   6.8917E-06   7.0347E-06   0.97967
FLUX  885  2425.00        1.236258E+14   6.8813E-06   6.9827E-06   0.98547
FLUX  886  2435.00        1.231181E+14   6.7915E-06   6.9313E-06   0.97982
FLUX  887  2445.00        1.226145E+14   6.7302E-06   6.8805E-06   0.97816
FLUX  888  2455.00        1.221151E+14   6.7351E-06   6.8302E-06   0.98607
FLUX  889  2465.00        1.216197E+14   6.6491E-06   6.7805E-06   0.98062
FLUX  890  2475.00        1.211283E+14   6.6046E-06   6.7313E-06   0.98118
FLUX  891  2485.00        1.206408E+14   6.6233E-06   6.6826E-06   0.99113
FLUX  892  2495.00        1.201573E+14   6.4187E-06   6.6345E-06   0.96748
FLUX  893  2505.00        1.196776E+14   6.5356E-06   6.5869E-06   0.99221
FLUX  894  2515.00        1.192018E+14   6.4938E-06   6.5398E-06   0.99297
FLUX  895  2525.00        1.187297E+14   6.2559E-06   6.4932E-06   0.96345
FLUX  896  2535.00        1.182613E+14   6.4022E-06   6.4471E-06   0.99302
FLUX  897  2545.00        1.177967E+14   6.3698E-06   6.4015E-06   0.99505
FLUX  898  2555.00        1.173356E+14   6.3166E-06   6.3564E-06   0.99373
FLUX  899  2565.00        1.168782E+14   6.0553E-06   6.3118E-06   0.95937
FLUX  900  2575.00        1.164243E+14   6.2386E-06   6.2676E-06   0.99537
FLUX  901  2585.00        1.159739E+14   6.2047E-06   6.2239E-06   0.99692
FLUX  902  2595.00        1.155270E+14   6.1644E-06   6.1806E-06   0.99738
FLUX  903  2605.00        1.150835E+14   6.0968E-06   6.1378E-06   0.99332
FLUX  904  2615.00        1.146434E+14   5.8328E-06   6.0954E-06   0.95692
FLUX  905  2625.00        1.142067E+14   5.7578E-06   6.0535E-06   0.95115
FLUX  906  2635.00        1.137732E+14   5.9907E-06   6.0120E-06   0.99646
FLUX  907  2645.00        1.133431E+14   5.9704E-06   5.9709E-06   0.99992
FLUX  908  2655.00        1.129162E+14   5.9297E-06   5.9302E-06   0.99992
FLUX  909  2665.00        1.124925E+14   5.8792E-06   5.8899E-06   0.99817
FLUX  910  2675.00        1.120720E+14   5.5825E-06   5.8501E-06   0.95426
FLUX  911  2685.00        1.116546E+14   5.8000E-06   5.8106E-06   0.99816
FLUX  912  2695.00        1.112403E+14   5.7712E-06   5.7716E-06   0.99993
FLUX  913  2705.00        1.108290E+14   5.7328E-06   5.7329E-06   0.99997
FLUX  914  2715.00        1.104208E+14   5.6946E-06   5.6947E-06   0.99999
FLUX  915  2725.00        1.100156E+14   5.6567E-06   5.6568E-06   0.99998
FLUX  916  2735.00        1.096133E+14   5.6192E-06   5.6193E-06   0.99998
FLUX  917  2745.00        1.092140E+14   5.5809E-06   5.5822E-06   0.99978
FLUX  918  2755.00        1.088176E+14   5.3221E-06   5.5454E-06   0.95973
FLUX  919  2765.00        1.084240E+14   5.4559E-06   5.5090E-06   0.99037
FLUX  920  2775.00        1.080333E+14   5.4728E-06   5.4729E-06   0.99998
FLUX  921  2785.00        1.076454E+14   5.4372E-06   5.4372E-06   0.99999
FLUX  922  2795.00        1.072603E+14   5.4019E-06   5.4019E-06   1.00000
FLUX  923  2805.00        1.068779E+14   5.3668E-06   5.3669E-06   0.99999
FLUX  924  2815.00        1.064982E+14   5.3321E-06   5.3322E-06   0.99997
FLUX  925  2825.00        1.061212E+14   5.2976E-06   5.2979E-06   0.99994
FLUX  926  2835.00        1.057469E+14   5.2638E-06   5.2639E-06   0.99998
FLUX  927  2845.00        1.053752E+14   5.2298E-06   5.2302E-06   0.99992
FLUX  928  2855.00        1.050061E+14   5.1968E-06   5.1969E-06   0.99998
FLUX  929  2865.00        1.046396E+14   5.1404E-06   5.1638E-06   0.99546
FLUX  930  2875.00        1.042757E+14   4.9072E-06   5.1311E-06   0.95636
FLUX  931  2885.00        1.039142E+14   5.0950E-06   5.0987E-06   0.99926
FLUX  932  2895.00        1.035553E+14   5.0633E-06   5.0666E-06   0.99933
FLUX  933  2905.00        1.031988E+14   5.0348E-06   5.0348E-06   0.99999
FLUX  934  2915.00        1.028448E+14   5.0020E-06   5.0034E-06   0.99974
FLUX  935  2925.00        1.024932E+14   4.9719E-06   4.9722E-06   0.99996
FLUX  936  2935.00        1.021440E+14   4.9409E-06   4.9412E-06   0.99993
FLUX  937  2945.00        1.017971E+14   4.9105E-06   4.9106E-06   0.99997
FLUX  938  2955.00        1.014526E+14   4.8803E-06   4.8803E-06   1.00000
FLUX  939  2965.00        1.011105E+14   4.8502E-06   4.8502E-06   0.99998
FLUX  940  2975.00        1.007706E+14   4.8204E-06   4.8205E-06   0.99999
FLUX  941  2985.00        1.004330E+14   4.7910E-06   4.7910E-06   1.00000
FLUX  942  2995.00        1.000977E+14   4.7617E-06   4.7617E-06   0.99999
FLUX  943  3005.00        9.976456E+13   4.7327E-06   4.7328E-06   0.99998
FLUX  944  3015.00        9.943366E+13   4.7038E-06   4.7041E-06   0.99994
FLUX  945  3025.00        9.910496E+13   4.6751E-06   4.6756E-06   0.99988
FLUX  946  3035.00        9.877842E+13   4.4916E-06   4.6475E-06   0.96645
FLUX  947  3045.00        9.845402E+13   4.5523E-06   4.6195E-06   0.98544
FLUX  948  3055.00        9.813175E+13   4.5907E-06   4.5919E-06   0.99976
FLUX  949  3065.00        9.781158E+13   4.5644E-06   4.5644E-06   0.99998
FLUX  950  3075.00        9.749349E+13   4.5370E-06   4.5372E-06   0.99995
FLUX  951  3085.00        9.717747E+13   4.5077E-06   4.5103E-06   0.99941
FLUX  952  3095.00        9.686349E+13   4.4833E-06   4.4836E-06   0.99994
FLUX  953  3105.00        9.655153E+13   4.4569E-06   4.4571E-06   0.99994
FLUX  954  3115.00        9.624157E+13   4.4304E-06   4.4309E-06   0.99989
FLUX  955  3125.00        9.593360E+13   4.4045E-06   4.4049E-06   0.99991
FLUX  956  3135.00        9.562759E+13   4.3788E-06   4.3791E-06   0.99994
FLUX  957  3145.00        9.532353E+13   4.3530E-06   4.3535E-06   0.99986
FLUX  958  3155.00        9.502139E+13   4.3281E-06   4.3282E-06   0.99998
FLUX  959  3165.00        9.472117E+13   4.3028E-06   4.3031E-06   0.99994
FLUX  960  3175.00        9.442283E+13   4.2778E-06   4.2782E-06   0.99991
FLUX  961  3185.00        9.412637E+13   4.2535E-06   4.2535E-06   0.99999
FLUX  962  3195.00        9.383177E+13   4.2289E-06   4.2291E-06   0.99995
FLUX  963  3210.00        9.339330E+13   4.1926E-06   4.1928E-06   0.99997
FLUX  964  3230.00        9.281501E+13   4.1451E-06   4.1451E-06   1.00000
FLUX  965  3250.00        9.224385E+13   4.0982E-06   4.0982E-06   0.99999
FLUX  966  3270.00        9.167966E+13   4.0521E-06   4.0521E-06   0.99998
FLUX  967  3290.00        9.112234E+13   3.9024E-06   4.0411E-06   0.96566
FLUX  968  3310.00        9.057175E+13   3.9423E-06   3.9960E-06   0.98657
FLUX  969  3330.00        9.002778E+13   3.9105E-06   3.9517E-06   0.98959
FLUX  970  3350.00        8.949030E+13   3.8685E-06   3.9080E-06   0.98989
FLUX  971  3370.00        8.895920E+13   3.8260E-06   3.8651E-06   0.98988
FLUX  972  3390.00        8.843436E+13   3.7852E-06   3.8229E-06   0.99015
FLUX  973  3410.00        8.791569E+13   3.7448E-06   3.7814E-06   0.99032
FLUX  974  3430.00        8.740306E+13   3.7049E-06   3.7405E-06   0.99048
FLUX  975  3450.00        8.689638E+13   3.6657E-06   3.7003E-06   0.99064
FLUX  976  3470.00        8.639553E+13   3.6270E-06   3.6608E-06   0.99078
FLUX  977  3490.00        8.590043E+13   3.5883E-06   3.6219E-06   0.99072
FLUX  978  3510.00        8.541097E+13   3.5512E-06   3.5836E-06   0.99097
FLUX  979  3530.00        8.492705E+13   3.5144E-06   3.5459E-06   0.99111
FLUX  980  3550.00        8.444859E+13   3.4754E-06   3.5088E-06   0.99048
FLUX  981  3570.00        8.397549E+13   3.4368E-06   3.4722E-06   0.98980
FLUX  982  3590.00        8.350766E+13   3.4136E-06   3.4363E-06   0.99340
FLUX  983  3610.00        8.304501E+13   3.3634E-06   3.4009E-06   0.98898
FLUX  984  3630.00        8.258746E+13   3.3462E-06   3.3660E-06   0.99411
FLUX  985  3650.00        8.213493E+13   3.2910E-06   3.3317E-06   0.98779
FLUX  986  3670.00        8.168733E+13   3.2813E-06   3.2979E-06   0.99497
FLUX  987  3690.00        8.124458E+13   3.2178E-06   3.2646E-06   0.98567
FLUX  988  3710.00        8.080660E+13   3.2163E-06   3.2319E-06   0.99520
FLUX  989  3730.00        8.037332E+13   3.1569E-06   3.1996E-06   0.98668
FLUX  990  3750.00        7.994467E+13   3.0686E-06   3.1678E-06   0.96871
FLUX  991  3770.00        7.952056E+13   3.1244E-06   3.1364E-06   0.99617
FLUX  992  3790.00        7.910092E+13   3.0957E-06   3.1055E-06   0.99681
FLUX  993  3810.00        7.868569E+13   3.0345E-06   3.0751E-06   0.98679
FLUX  994  3830.00        7.827480E+13   3.0172E-06   3.0452E-06   0.99083
FLUX  995  3850.00        7.786818E+13   3.0084E-06   3.0156E-06   0.99759
FLUX  996  3870.00        7.746576E+13   2.9798E-06   2.9865E-06   0.99774
FLUX  997  3890.00        7.706748E+13   2.9488E-06   2.9578E-06   0.99693
FLUX  998  3910.00        7.667327E+13   2.8665E-06   2.9296E-06   0.97847
FLUX  999  3930.00        7.628308E+13   2.8997E-06   2.9017E-06   0.99933
FLUX 1000  3950.00        7.589683E+13   2.8733E-06   2.8742E-06   0.99968
FLUX 1001  3970.00        7.551448E+13   2.8470E-06   2.8471E-06   0.99997
FLUX 1002  3990.00        7.513596E+13   2.8199E-06   2.8204E-06   0.99981
FLUX 1003  4010.00        7.476122E+13   2.7702E-06   2.7941E-06   0.99145
FLUX 1004  4030.00        7.439020E+13   2.7226E-06   2.7681E-06   0.98356
FLUX 1005  4050.00        7.402284E+13   2.6802E-06   2.7425E-06   0.97728
FLUX 1006  4070.00        7.365909E+13   2.7161E-06   2.7172E-06   0.99959
FLUX 1007  4090.00        7.329890E+13   2.6921E-06   2.6923E-06   0.99992
FLUX 1008  4110.00        7.294221E+13   2.6677E-06   2.6678E-06   0.99998
FLUX 1009  4130.00        7.258898E+13   2.6434E-06   2.6435E-06   0.99997
FLUX 1010  4150.00        7.223916E+13   2.6191E-06   2.6196E-06   0.99979
FLUX 1011  4170.00        7.189269E+13   2.5313E-06   2.5960E-06   0.97507
FLUX 1012  4190.00        7.154952E+13   2.5715E-06   2.5728E-06   0.99951
FLUX 1013  4210.00        7.120962E+13   2.5496E-06   2.5498E-06   0.99993
FLUX 1014  4230.00        7.087293E+13   2.5271E-06   2.5272E-06   1.00000
FLUX 1015  4250.00        7.053941E+13   2.5048E-06   2.5048E-06   1.00000
FLUX 1016  4270.00        7.020902E+13   2.4827E-06   2.4827E-06   1.00000
FLUX 1017  4290.00        6.988170E+13   2.4610E-06   2.4610E-06   1.00000
FLUX 1018  4310.00        6.955742E+13   2.4395E-06   2.4395E-06   0.99999
FLUX 1019  4330.00        6.923614E+13   2.4183E-06   2.4183E-06   0.99999
FLUX 1020  4350.00        6.891782E+13   2.3973E-06   2.3974E-06   0.99998
FLUX 1021  4370.00        6.860240E+13   2.3228E-06   2.3767E-06   0.97732
FLUX 1022  4390.00        6.828986E+13   2.3488E-06   2.3563E-06   0.99680
FLUX 1023  4410.00        6.798016E+13   2.3362E-06   2.3362E-06   0.99998
FLUX 1024  4430.00        6.767325E+13   2.3163E-06   2.3163E-06   0.99999
FLUX 1025  4450.00        6.736910E+13   2.2967E-06   2.2967E-06   0.99999
FLUX 1026  4470.00        6.706767E+13   2.2812E-06   2.2869E-06   0.99750
FLUX 1027  4490.00        6.676893E+13   2.2584E-06   2.2677E-06   0.99589
FLUX 1028  4510.00        6.647284E+13   2.2396E-06   2.2487E-06   0.99597
FLUX 1029  4530.00        6.617936E+13   2.2208E-06   2.2299E-06   0.99591
FLUX 1030  4550.00        6.588846E+13   2.2027E-06   2.2114E-06   0.99605
FLUX 1031  4570.00        6.560011E+13   2.1845E-06   2.1931E-06   0.99608
FLUX 1032  4590.00        6.531427E+13   2.1665E-06   2.1750E-06   0.99610
FLUX 1033  4610.00        6.503091E+13   2.1487E-06   2.1572E-06   0.99609
FLUX 1034  4630.00        6.475000E+13   2.1301E-06   2.1395E-06   0.99559
FLUX 1035  4650.00        6.447150E+13   2.0614E-06   2.1221E-06   0.97139
FLUX 1036  4670.00        6.419540E+13   2.0419E-06   2.1049E-06   0.97009
FLUX 1037  4690.00        6.392164E+13   2.0769E-06   2.0879E-06   0.99474
FLUX 1038  4710.00        6.365021E+13   2.0633E-06   2.0711E-06   0.99622
FLUX 1039  4730.00        6.338108E+13   2.0471E-06   2.0545E-06   0.99637
FLUX 1040  4750.00        6.311421E+13   2.0306E-06   2.0381E-06   0.99630
FLUX 1041  4770.00        6.284958E+13   2.0146E-06   2.0219E-06   0.99639
FLUX 1042  4790.00        6.258716E+13   1.9987E-06   2.0059E-06   0.99638
FLUX 1043  4810.00        6.232692E+13   1.9829E-06   1.9901E-06   0.99637
FLUX 1044  4830.00        6.206884E+13   1.9680E-06   1.9745E-06   0.99669
FLUX 1045  4850.00        6.181289E+13   1.9516E-06   1.9591E-06   0.99618
FLUX 1046  4870.00        6.155903E+13   1.9375E-06   1.9438E-06   0.99675
FLUX 1047  4890.00        6.130726E+13   1.9213E-06   1.9287E-06   0.99618
FLUX 1048  4910.00        6.105753E+13   1.9078E-06   1.9138E-06   0.99685
FLUX 1049  4930.00        6.080984E+13   1.8911E-06   1.8991E-06   0.99582
FLUX 1050  4950.00        6.056414E+13   1.8795E-06   1.8845E-06   0.99733
FLUX 1051  4970.00        6.032042E+13   1.8607E-06   1.8701E-06   0.99499
FLUX 1052  4990.00        6.007866E+13   1.8511E-06   1.8558E-06   0.99743
FLUX 1053  5010.00        5.983882E+13   1.8367E-06   1.8418E-06   0.99723
FLUX 1054  5030.00        5.960089E+13   1.8174E-06   1.8278E-06   0.99429
FLUX 1055  5050.00        5.936485E+13   1.8100E-06   1.8141E-06   0.99775
FLUX 1056  5070.00        5.913067E+13   1.7963E-06   1.8005E-06   0.99768
FLUX 1057  5090.00        5.889833E+13   1.7742E-06   1.7870E-06   0.99282
FLUX 1058  5110.00        5.866781E+13   1.7672E-06   1.7737E-06   0.99635
FLUX 1059  5130.00        5.843908E+13   1.7121E-06   1.7606E-06   0.97248
FLUX 1060  5150.00        5.821214E+13   1.7422E-06   1.7475E-06   0.99693
FLUX 1061  5170.00        5.798694E+13   1.7193E-06   1.7347E-06   0.99113
FLUX 1062  5190.00        5.776349E+13   1.7200E-06   1.7220E-06   0.99885
FLUX 1063  5210.00        5.754175E+13   1.7092E-06   1.7094E-06   0.99991
FLUX 1064  5230.00        5.732170E+13   1.6968E-06   1.6969E-06   0.99991
FLUX 1065  5250.00        5.710333E+13   1.6799E-06   1.6846E-06   0.99719
FLUX 1066  5270.00        5.688662E+13   1.6556E-06   1.6724E-06   0.98996
FLUX 1067  5290.00        5.667155E+13   1.6603E-06   1.6604E-06   0.99997
FLUX 1068  5310.00        5.645810E+13   1.6484E-06   1.6484E-06   0.99998
FLUX 1069  5330.00        5.624625E+13   1.6366E-06   1.6366E-06   0.99998
FLUX 1070  5350.00        5.603598E+13   1.6249E-06   1.6250E-06   0.99997
FLUX 1071  5370.00        5.582728E+13   1.5999E-06   1.6134E-06   0.99159
FLUX 1072  5390.00        5.562013E+13   1.5904E-06   1.6020E-06   0.99275
FLUX 1073  5410.00        5.541451E+13   1.5907E-06   1.5907E-06   0.99997
FLUX 1074  5430.00        5.521040E+13   1.5795E-06   1.5795E-06   0.99998
FLUX 1075  5450.00        5.500780E+13   1.5684E-06   1.5685E-06   0.99998
FLUX 1076  5470.00        5.480667E+13   1.5575E-06   1.5575E-06   0.99998
FLUX 1077  5490.00        5.460701E+13   1.5467E-06   1.5467E-06   0.99998
FLUX 1078  5510.00        5.440880E+13   1.5323E-06   1.5360E-06   0.99764
FLUX 1079  5530.00        5.421202E+13   1.5001E-06   1.5254E-06   0.98345
FLUX 1080  5550.00        5.401667E+13   1.5148E-06   1.5149E-06   0.99997
FLUX 1081  5570.00        5.382271E+13   1.5044E-06   1.5045E-06   0.99994
FLUX 1082  5590.00        5.363014E+13   1.4941E-06   1.4942E-06   0.99993
FLUX 1083  5610.00        5.343895E+13   1.4839E-06   1.4840E-06   0.99997
FLUX 1084  5630.00        5.324911E+13   1.4739E-06   1.4739E-06   0.99999
FLUX 1085  5650.00        5.306062E+13   1.4639E-06   1.4639E-06   0.99999
FLUX 1086  5670.00        5.287346E+13   1.4540E-06   1.4541E-06   0.99998
FLUX 1087  5690.00        5.268761E+13   1.4436E-06   1.4443E-06   0.99954
FLUX 1088  5710.00        5.250306E+13   1.4046E-06   1.4346E-06   0.97908
FLUX 1089  5730.00        5.231981E+13   1.4234E-06   1.4250E-06   0.99886
FLUX 1090  5750.00        5.213783E+13   1.4155E-06   1.4155E-06   0.99999
FLUX 1091  5770.00        5.195711E+13   1.4061E-06   1.4062E-06   0.99999
FLUX 1092  5790.00        5.177763E+13   1.3968E-06   1.3969E-06   0.99999
FLUX 1093  5810.00        5.159940E+13   1.3876E-06   1.3876E-06   0.99999
FLUX 1094  5830.00        5.142238E+13   1.3778E-06   1.3785E-06   0.99946
FLUX 1095  5850.00        5.124658E+13   1.3691E-06   1.3726E-06   0.99746
FLUX 1096  5870.00        5.107198E+13   1.3600E-06   1.3636E-06   0.99736
FLUX 1097  5890.00        5.089856E+13   1.3491E-06   1.3548E-06   0.99585
FLUX 1098  5910.00        5.072631E+13   1.3075E-06   1.3460E-06   0.97145
FLUX 1099  5930.00        5.055523E+13   1.3322E-06   1.3373E-06   0.99622
FLUX 1100  5950.00        5.038529E+13   1.2976E-06   1.3286E-06   0.97662
FLUX 1101  5970.00        5.021650E+13   1.3103E-06   1.3201E-06   0.99257
FLUX 1102  5990.00        5.004883E+13   1.3084E-06   1.3116E-06   0.99752
FLUX 1103  6010.00        4.988228E+13   1.3004E-06   1.3032E-06   0.99781
FLUX 1104  6030.00        4.971683E+13   1.2922E-06   1.2949E-06   0.99790
FLUX 1105  6050.00        4.955248E+13   1.2841E-06   1.2867E-06   0.99795
FLUX 1106  6070.00        4.938921E+13   1.2760E-06   1.2786E-06   0.99799
FLUX 1107  6090.00        4.922701E+13   1.2702E-06   1.2705E-06   0.99980
FLUX 1108  6110.00        4.906588E+13   1.2622E-06   1.2625E-06   0.99979
FLUX 1109  6130.00        4.890579E+13   1.2545E-06   1.2546E-06   0.99990
FLUX 1110  6150.00        4.874675E+13   1.2466E-06   1.2468E-06   0.99990
FLUX 1111  6170.00        4.858874E+13   1.2390E-06   1.2390E-06   0.99997
FLUX 1112  6190.00        4.843174E+13   1.2312E-06   1.2313E-06   0.99990
FLUX 1113  6210.00        4.827576E+13   1.2236E-06   1.2237E-06   0.99990
FLUX 1114  6230.00        4.812079E+13   1.2156E-06   1.2161E-06   0.99959
FLUX 1115  6250.00        4.796680E+13   1.2068E-06   1.2086E-06   0.99852
FLUX 1116  6270.00        4.781380E+13   1.1976E-06   1.2012E-06   0.99699
FLUX 1117  6290.00        4.766176E+13   1.1610E-06   1.1939E-06   0.97244
FLUX 1118  6310.00        4.751070E+13   1.1819E-06   1.1866E-06   0.99604
FLUX 1119  6330.00        4.736058E+13   1.1779E-06   1.1794E-06   0.99873
FLUX 1120  6350.00        4.721142E+13   1.1707E-06   1.1722E-06   0.99874
FLUX 1121  6370.00        4.706319E+13   1.1650E-06   1.1651E-06   0.99990
FLUX 1122  6390.00        4.691588E+13   1.1569E-06   1.1581E-06   0.99894
FLUX 1123  6420.00        4.669665E+13   1.1475E-06   1.1477E-06   0.99980
FLUX 1124  6460.00        4.640751E+13   1.1331E-06   1.1340E-06   0.99915
FLUX 1125  6500.00        4.612192E+13   1.1193E-06   1.1206E-06   0.99887
FLUX 1126  6540.00        4.583983E+13   1.1070E-06   1.1074E-06   0.99960
FLUX 1127  6580.00        4.556117E+13   1.0933E-06   1.0944E-06   0.99897
FLUX 1128  6620.00        4.528588E+13   1.0805E-06   1.0817E-06   0.99887
FLUX 1129  6660.00        4.501389E+13   1.0684E-06   1.0692E-06   0.99928
FLUX 1130  6700.00        4.474515E+13   1.0562E-06   1.0569E-06   0.99933
FLUX 1131  6740.00        4.447960E+13   1.0421E-06   1.0448E-06   0.99742
FLUX 1132  6780.00        4.421718E+13   1.0170E-06   1.0329E-06   0.98454
FLUX 1133  6820.00        4.395784E+13   1.0186E-06   1.0213E-06   0.99741
FLUX 1134  6860.00        4.370153E+13   1.0097E-06   1.0098E-06   0.99988
FLUX 1135  6900.00        4.344819E+13   9.9845E-07   9.9848E-07   0.99997
FLUX 1136  6940.00        4.319777E+13   9.8424E-07   9.8738E-07   0.99682
FLUX 1137  6980.00        4.295021E+13   9.7636E-07   9.7646E-07   0.99991
FLUX 1138  7020.00        4.270548E+13   9.6569E-07   9.6572E-07   0.99998
FLUX 1139  7060.00        4.246353E+13   9.5505E-07   9.5515E-07   0.99989
FLUX 1140  7100.00        4.222430E+13   9.4093E-07   9.4476E-07   0.99594
FLUX 1141  7140.00        4.198774E+13   9.3444E-07   9.3454E-07   0.99989
FLUX 1142  7180.00        4.175383E+13   9.2441E-07   9.2448E-07   0.99993
FLUX 1143  7220.00        4.152251E+13   9.1451E-07   9.1458E-07   0.99992
FLUX 1144  7260.00        4.129373E+13   9.0010E-07   9.0485E-07   0.99476
FLUX 1145  7300.00        4.106747E+13   8.9481E-07   8.9526E-07   0.99950
FLUX 1146  7340.00        4.084366E+13   8.8581E-07   8.8583E-07   0.99998
FLUX 1147  7380.00        4.062229E+13   8.7651E-07   8.7654E-07   0.99997
FLUX 1148  7420.00        4.040330E+13   8.6607E-07   8.6743E-07   0.99843
FLUX 1149  7460.00        4.018666E+13   8.4382E-07   8.5846E-07   0.98295
FLUX 1150  7500.00        3.997233E+13   8.2397E-07   8.4962E-07   0.96981
FLUX 1151  7540.00        3.976028E+13   8.3866E-07   8.4092E-07   0.99731
FLUX 1152  7580.00        3.955046E+13   8.3228E-07   8.3236E-07   0.99990
FLUX 1153  7620.00        3.934285E+13   8.2389E-07   8.2392E-07   0.99997
FLUX 1154  7660.00        3.913740E+13   8.1554E-07   8.1561E-07   0.99991
FLUX 1155  7700.00        3.893409E+13   8.0740E-07   8.0742E-07   0.99997
FLUX 1156  7740.00        3.873288E+13   7.9903E-07   7.9936E-07   0.99959
FLUX 1157  7780.00        3.853374E+13   7.8302E-07   7.9142E-07   0.98939
FLUX 1158  7820.00        3.833664E+13   7.8328E-07   7.8359E-07   0.99960
FLUX 1159  7860.00        3.814154E+13   7.7586E-07   7.7588E-07   0.99998
FLUX 1160  7900.00        3.794842E+13   7.6826E-07   7.6828E-07   0.99998
FLUX 1161  7940.00        3.775724E+13   7.6077E-07   7.6079E-07   0.99998
FLUX 1162  7980.00        3.756798E+13   7.5339E-07   7.5341E-07   0.99998
FLUX 1163  8020.00        3.738061E+13   7.4612E-07   7.4614E-07   0.99998
FLUX 1164  8060.00        3.719510E+13   7.3895E-07   7.3897E-07   0.99998
FLUX 1165  8100.00        3.701142E+13   7.3188E-07   7.3190E-07   0.99997
FLUX 1166  8140.00        3.682955E+13   7.1687E-07   7.2493E-07   0.98888
FLUX 1167  8180.00        3.664945E+13   7.1618E-07   7.1806E-07   0.99737
FLUX 1168  8220.00        3.647111E+13   7.1128E-07   7.1129E-07   0.99997
FLUX 1169  8260.00        3.629449E+13   7.0460E-07   7.0462E-07   0.99998
FLUX 1170  8300.00        3.611958E+13   6.9802E-07   6.9803E-07   0.99997
FLUX 1171  8340.00        3.594634E+13   6.9152E-07   6.9154E-07   0.99997
FLUX 1172  8380.00        3.577476E+13   6.8507E-07   6.8514E-07   0.99990
FLUX 1173  8420.00        3.560481E+13   6.7881E-07   6.7883E-07   0.99997
FLUX 1174  8460.00        3.543647E+13   6.7258E-07   6.7260E-07   0.99997
FLUX 1175  8500.00        3.526971E+13   6.6643E-07   6.6646E-07   0.99997
FLUX 1176  8540.00        3.510451E+13   6.6039E-07   6.6040E-07   0.99998
FLUX 1177  8580.00        3.494085E+13   6.5414E-07   6.5442E-07   0.99958
FLUX 1178  8620.00        3.477871E+13   6.4846E-07   6.4852E-07   0.99990
FLUX 1179  8660.00        3.461807E+13   6.3293E-07   6.4271E-07   0.98479
FLUX 1180  8700.00        3.445891E+13   6.3630E-07   6.3697E-07   0.99896
FLUX 1181  8740.00        3.430120E+13   6.2549E-07   6.3130E-07   0.99080
FLUX 1182  8780.00        3.414493E+13   6.2038E-07   6.2571E-07   0.99147
FLUX 1183  8820.00        3.399008E+13   6.2019E-07   6.2020E-07   0.99998
FLUX 1184  8860.00        3.383662E+13   6.1396E-07   6.1475E-07   0.99871
FLUX 1185  8900.00        3.368455E+13   6.0937E-07   6.0938E-07   0.99997
FLUX 1186  8940.00        3.353384E+13   6.0407E-07   6.0408E-07   0.99999
FLUX 1187  8980.00        3.338447E+13   5.9884E-07   5.9885E-07   0.99999
FLUX 1188  9020.00        3.323642E+13   5.9356E-07   5.9368E-07   0.99979
FLUX 1189  9060.00        3.308968E+13   5.8762E-07   5.8858E-07   0.99836
FLUX 1190  9100.00        3.294423E+13   5.8353E-07   5.8355E-07   0.99998
FLUX 1191  9140.00        3.280005E+13   5.7856E-07   5.7858E-07   0.99998
FLUX 1192  9180.00        3.265713E+13   5.7366E-07   5.7367E-07   0.99998
FLUX 1193  9220.00        3.251546E+13   5.6881E-07   5.6882E-07   0.99997
FLUX 1194  9260.00        3.237500E+13   5.6203E-07   5.6404E-07   0.99644
FLUX 1195  9300.00        3.223575E+13   5.5930E-07   5.5931E-07   0.99997
FLUX 1196  9340.00        3.209770E+13   5.5463E-07   5.5465E-07   0.99997
FLUX 1197  9380.00        3.196082E+13   5.4132E-07   5.5004E-07   0.98415
FLUX 1198  9420.00        3.182511E+13   5.4420E-07   5.4549E-07   0.99765
FLUX 1199  9460.00        3.169054E+13   5.4098E-07   5.4099E-07   0.99998
FLUX 1200  9500.00        3.155710E+13   5.3552E-07   5.3655E-07   0.99808
FLUX 1201  9540.00        3.142479E+13   5.3058E-07   5.3217E-07   0.99702
FLUX 1202  9580.00        3.129358E+13   5.2782E-07   5.2783E-07   0.99998
FLUX 1203  9620.00        3.116346E+13   5.2354E-07   5.2355E-07   0.99998
FLUX 1204  9660.00        3.103442E+13   5.1931E-07   5.1932E-07   0.99998
FLUX 1205  9700.00        3.090644E+13   5.1513E-07   5.1515E-07   0.99998
FLUX 1206  9740.00        3.077952E+13   5.1101E-07   5.1102E-07   0.99998
FLUX 1207  9780.00        3.065363E+13   5.0693E-07   5.0694E-07   0.99998
FLUX 1208  9820.00        3.052877E+13   5.0231E-07   5.0291E-07   0.99882
FLUX 1209  9860.00        3.040492E+13   4.9634E-07   4.9892E-07   0.99481
FLUX 1210  9900.00        3.028207E+13   4.9498E-07   4.9499E-07   0.99998
FLUX 1211  9940.00        3.016021E+13   4.9109E-07   4.9110E-07   0.99998
FLUX 1212  9980.00        3.003933E+13   4.8724E-07   4.8725E-07   0.99998
FLUX 1213 10020.00        2.991941E+13   4.8345E-07   4.8345E-07   0.99998
FLUX 1214 20000.00        1.498962E+13   1.2318E-07   1.2318E-07   1.00000
FLUX 1215 40000.00        7.494812E+12   3.0581E-08   3.0581E-08   1.00000
FLUX 1216 60000.00        4.996542E+12   1.3451E-08   1.3451E-08   1.00000
FLUX 1217 80000.00        3.747406E+12   7.4957E-09   7.4957E-09   1.00000
FLUX 1218100000.00        2.997925E+12   4.7588E-09   4.7588E-09   1.00000
FLUX 1219120000.00        2.498271E+12   3.2821E-09   3.2821E-09   1.00000
FLUX 1220140000.00        2.141375E+12   2.3971E-09   2.3971E-09   1.00000
FLUX 1221160000.00        1.873703E+12   1.8258E-09   1.8258E-09   1.00000
FLUX
