FLUX    1     9.09        3.298047E+16   8.4320E-30   8.4620E-30   0.99647
FLUX    2     9.35        3.206337E+16   4.1349E-29   4.1482E-29   0.99681
FLUX    3     9.61        3.119589E+16   1.8662E-28   1.8797E-28   0.99281
FLUX    4     9.77        3.068500E+16   4.5802E-28   4.5942E-28   0.99695
FLUX    5     9.96        3.009965E+16   1.2790E-27   1.2828E-27   0.99698
FLUX    6    10.20        2.939142E+16   4.4525E-27   4.4656E-27   0.99708
FLUX    7    10.38        2.888174E+16   1.0972E-26   1.1004E-26   0.99712
FLUX    8    10.56        2.838944E+16   2.6287E-26   2.6361E-26   0.99717
FLUX    9    10.77        2.783589E+16   7.0433E-26   7.0629E-26   0.99723
FLUX   10    11.04        2.715512E+16   2.3760E-25   2.3825E-25   0.99728
FLUX   11    11.40        2.629759E+16   1.1067E-24   1.1096E-24   0.99734
FLUX   12    11.78        2.544928E+16   5.1178E-24   5.1322E-24   0.99719
FLUX   13    12.13        2.471496E+16   1.9383E-23   1.9431E-23   0.99750
FLUX   14    12.48        2.402184E+16   6.8428E-23   6.8601E-23   0.99748
FLUX   15    12.71        2.358714E+16   1.5131E-22   1.5167E-22   0.99759
FLUX   16    12.84        2.334833E+16   2.3415E-22   2.3471E-22   0.99760
FLUX   17    13.05        2.297260E+16   4.6575E-22   4.6708E-22   0.99716
FLUX   18    13.24        2.264294E+16   8.5283E-22   8.5518E-22   0.99725
FLUX   19    13.39        2.238928E+16   1.3596E-21   1.3630E-21   0.99757
FLUX   20    13.66        2.194674E+16   3.0723E-21   3.0822E-21   0.99679
FLUX   21    13.98        2.144439E+16   7.7861E-21   7.8036E-21   0.99776
FLUX   22    14.33        2.092062E+16   2.0555E-20   2.0609E-20   0.99738
FLUX   23    14.72        2.036634E+16   5.7307E-20   5.7779E-20   0.99183
FLUX   24    15.10        1.985381E+16   1.5001E-19   1.5033E-19   0.99789
FLUX   25    15.52        1.931653E+16   4.1006E-19   4.1083E-19   0.99814
FLUX   26    15.88        1.887862E+16   9.3389E-19   9.3521E-19   0.99858
FLUX   27    16.20        1.850571E+16   1.8836E-18   1.8898E-18   0.99672
FLUX   28    16.60        1.805979E+16   4.3904E-18   4.3922E-18   0.99960
FLUX   29    17.03        1.760379E+16   1.0417E-17   1.0436E-17   0.99818
FLUX   30    17.34        1.728907E+16   1.8995E-17   1.9002E-17   0.99964
FLUX   31    17.68        1.695659E+16   3.5964E-17   3.5979E-17   0.99958
FLUX   32    18.02        1.663665E+16   6.6347E-17   6.6354E-17   0.99989
FLUX   33    18.17        1.649931E+16   8.6652E-17   8.6836E-17   0.99788
FLUX   34    18.61        1.610921E+16   1.8380E-16   1.8402E-16   0.99881
FLUX   35    19.10        1.569594E+16   4.0901E-16   4.0909E-16   0.99979
FLUX   36    19.39        1.546119E+16   6.4561E-16   6.4586E-16   0.99962
FLUX   37    19.84        1.511051E+16   1.2802E-15   1.2807E-15   0.99961
FLUX   38    20.18        1.485592E+16   2.1014E-15   2.1036E-15   0.99895
FLUX   39    20.50        1.462402E+16   3.3070E-15   3.3094E-15   0.99929
FLUX   40    21.05        1.424192E+16   7.0058E-15   7.0071E-15   0.99982
FLUX   41    21.62        1.386644E+16   1.4613E-14   1.4691E-14   0.99475
FLUX   42    21.98        1.363933E+16   2.3016E-14   2.3020E-14   0.99984
FLUX   43    22.30        1.344361E+16   3.3918E-14   3.3948E-14   0.99910
FLUX   44    22.68        1.321836E+16   5.3224E-14   5.4211E-14   0.98179
FLUX   45    23.00        1.303446E+16   6.2864E-11   1.6308E-10   0.38547
FLUX   46    23.40        1.281165E+16   1.5625E-10   2.2622E-10   0.69071
FLUX   47    24.00        1.249135E+16   2.3507E-10   3.6241E-10   0.64862
FLUX   48    24.65        1.216197E+16   3.7492E-10   5.8915E-10   0.63637
FLUX   49    25.24        1.187767E+16   6.2568E-10   9.6266E-10   0.64994
FLUX   50    25.68        1.167416E+16   8.4971E-10   1.4189E-09   0.59883
FLUX   51    26.00        1.153048E+16   1.4245E-09   2.4986E-09   0.57012
FLUX   52    26.40        1.135578E+16   3.3338E-09   7.7788E-09   0.42858
FLUX   53    26.85        1.116546E+16   5.3031E-09   9.8780E-09   0.53686
FLUX   54    27.35        1.096133E+16   6.8674E-09   1.2780E-08   0.53737
FLUX   55    27.85        1.076454E+16   7.5573E-09   1.6399E-08   0.46085
FLUX   56    28.40        1.055607E+16   1.5000E-08   2.2875E-08   0.65576
FLUX   57    29.00        1.033767E+16   2.1029E-08   3.0573E-08   0.68783
FLUX   58    29.60        1.012812E+16   2.5544E-08   3.9756E-08   0.64251
FLUX   59    30.10        9.959883E+15   5.5836E-08   2.0045E-06   0.02786
FLUX   60    30.80        9.733523E+15   1.6295E-07   8.0532E-06   0.02023
FLUX   61    31.80        9.427437E+15   3.3970E-07   7.6877E-06   0.04419
FLUX   62    32.80        9.140015E+15   5.5587E-07   7.5765E-06   0.07337
FLUX   63    33.80        8.869601E+15   9.2099E-07   7.3765E-06   0.12485
FLUX   64    34.80        8.614727E+15   1.3352E-06   7.6332E-06   0.17492
FLUX   65    35.70        8.397549E+15   3.0566E-06   2.3303E-05   0.13116
FLUX   66    36.60        8.191052E+15   6.7315E-06   3.0914E-05   0.21775
FLUX   67    37.50        7.994467E+15   8.0526E-06   3.1011E-05   0.25966
FLUX   68    38.50        7.786818E+15   9.4269E-06   3.2972E-05   0.28591
FLUX   69    39.50        7.589683E+15   1.6593E-05   4.1890E-05   0.39610
FLUX   70    40.50        7.402284E+15   2.3532E-05   4.2357E-05   0.55555
FLUX   71    41.40        7.241364E+15   2.4348E-05   4.5959E-05   0.52978
FLUX   72    42.20        7.104087E+15   2.6337E-05   4.7470E-05   0.55480
FLUX   73    43.00        6.971919E+15   2.6120E-05   4.8380E-05   0.53989
FLUX   74    44.10        6.798016E+15   3.2006E-05   5.0062E-05   0.63934
FLUX   75    45.10        6.647284E+15   3.4207E-05   5.2115E-05   0.65637
FLUX   76    46.00        6.517228E+15   3.2146E-05   5.4136E-05   0.59381
FLUX   77    47.00        6.378564E+15   3.6620E-05   5.6823E-05   0.64445
FLUX   78    48.00        6.245677E+15   4.3395E-05   5.9852E-05   0.72503
FLUX   79    49.00        6.118214E+15   3.8175E-05   6.3483E-05   0.60134
FLUX   80    50.00        5.995850E+15   5.0544E-05   6.7296E-05   0.75108
FLUX   81    50.60        5.924753E+15   6.4075E-05   4.1337E-04   0.15501
FLUX   82    51.20        5.855322E+15   2.3241E-04   4.2199E-04   0.55075
FLUX   83    52.00        5.765240E+15   2.2764E-04   4.2917E-04   0.53042
FLUX   84    53.00        5.656462E+15   2.0859E-04   4.3817E-04   0.47604
FLUX   85    54.00        5.551713E+15   1.9804E-04   4.4727E-04   0.44278
FLUX   86    55.00        5.450773E+15   2.0170E-04   4.5665E-04   0.44170
FLUX   87    56.00        5.353437E+15   2.8156E-04   4.6608E-04   0.60409
FLUX   88    57.00        5.259517E+15   3.2985E-04   4.7559E-04   0.69356
FLUX   89    58.00        5.168836E+15   3.2181E-04   4.8553E-04   0.66280
FLUX   90    59.00        5.081229E+15   3.4012E-04   4.9519E-04   0.68685
FLUX   91    60.00        4.996542E+15   2.6580E-04   5.0493E-04   0.52641
FLUX   92    61.00        4.914631E+15   3.1206E-04   5.1473E-04   0.60626
FLUX   93    62.00        4.835363E+15   4.0629E-04   5.2459E-04   0.77447
FLUX   94    63.00        4.758611E+15   4.0065E-04   5.3452E-04   0.74955
FLUX   95    64.00        4.684258E+15   4.3709E-04   5.4473E-04   0.80241
FLUX   96    65.00        4.612192E+15   4.2632E-04   5.5502E-04   0.76812
FLUX   97    65.80        4.556117E+15   3.5351E-04   5.6328E-04   0.62760
FLUX   98    66.50        4.508158E+15   4.3831E-04   5.7051E-04   0.76827
FLUX   99    67.50        4.441370E+15   5.0726E-04   5.8087E-04   0.87326
FLUX  100    68.50        4.376533E+15   4.0519E-04   5.9125E-04   0.68531
FLUX  101    69.50        4.313561E+15   5.2794E-04   6.0165E-04   0.87749
FLUX  102    70.50        4.252376E+15   4.1577E-04   6.1205E-04   0.67931
FLUX  103    71.60        4.187046E+15   5.8309E-04   6.2348E-04   0.93521
FLUX  104    72.60        4.129373E+15   5.9243E-04   6.3388E-04   0.93462
FLUX  105    73.50        4.078809E+15   6.1141E-04   6.4329E-04   0.95044
FLUX  106    74.50        4.024060E+15   5.7114E-04   6.5377E-04   0.87361
FLUX  107    75.50        3.970762E+15   5.8437E-04   6.6421E-04   0.87980
FLUX  108    76.50        3.918856E+15   5.6998E-04   6.7460E-04   0.84492
FLUX  109    77.50        3.868290E+15   6.2360E-04   6.8492E-04   0.91047
FLUX  110    78.50        3.819013E+15   6.1175E-04   6.9518E-04   0.87998
FLUX  111    79.50        3.770975E+15   6.6422E-04   7.0536E-04   0.94167
FLUX  112    80.50        3.724130E+15   6.5575E-04   7.1547E-04   0.91653
FLUX  113    81.50        3.678436E+15   6.6950E-04   7.2549E-04   0.92281
FLUX  114    82.50        3.633848E+15   7.0709E-04   7.3547E-04   0.96142
FLUX  115    83.50        3.590329E+15   5.8523E-04   7.4539E-04   0.78513
FLUX  116    84.50        3.547840E+15   7.0747E-04   7.5521E-04   0.93678
FLUX  117    85.50        3.506345E+15   7.0618E-04   7.6491E-04   0.92321
FLUX  118    86.50        3.465809E+15   7.4303E-04   7.7448E-04   0.95938
FLUX  119    87.50        3.426200E+15   7.5623E-04   7.8392E-04   0.96468
FLUX  120    88.50        3.387486E+15   7.6845E-04   7.9326E-04   0.96872
FLUX  121    89.50        3.349637E+15   7.8051E-04   8.0247E-04   0.97263
FLUX  122    90.50        3.312624E+15   7.7215E-04   8.1154E-04   0.95146
FLUX  123    91.50        3.276421E+15   7.4870E-04   3.5728E-03   0.20955
FLUX  124    92.50        3.241000E+15   1.5472E-03   3.5655E-03   0.43394
FLUX  125    93.50        3.206337E+15   2.2055E-03   3.5576E-03   0.61994
FLUX  126    94.50        3.172407E+15   2.5347E-03   3.5491E-03   0.71418
FLUX  127    95.50        3.139188E+15   2.7620E-03   3.5400E-03   0.78024
FLUX  128    96.50        3.106658E+15   3.0213E-03   3.5304E-03   0.85581
FLUX  129    97.50        3.074795E+15   1.9212E-03   3.5203E-03   0.54577
FLUX  130    98.50        3.043579E+15   2.6855E-03   3.5097E-03   0.76515
FLUX  131    99.50        3.012990E+15   2.4913E-03   3.4987E-03   0.71207
FLUX  132   100.50        2.983010E+15   2.5507E-03   3.4873E-03   0.73143
FLUX  133   101.50        2.953621E+15   2.7113E-03   3.4754E-03   0.78015
FLUX  134   102.50        2.924805E+15   2.4632E-03   3.4632E-03   0.71124
FLUX  135   103.50        2.896546E+15   2.8002E-03   3.4506E-03   0.81151
FLUX  136   104.50        2.868828E+15   3.0258E-03   3.4377E-03   0.88017
FLUX  137   105.50        2.841635E+15   2.9712E-03   3.4245E-03   0.86764
FLUX  138   106.50        2.814953E+15   2.8001E-03   3.4109E-03   0.82091
FLUX  139   107.50        2.788767E+15   2.8491E-03   3.3971E-03   0.83871
FLUX  140   108.50        2.763064E+15   2.7195E-03   3.3829E-03   0.80390
FLUX  141   109.50        2.737831E+15   2.8540E-03   3.3686E-03   0.84723
FLUX  142   110.50        2.713054E+15   2.7987E-03   3.3540E-03   0.83446
FLUX  143   111.50        2.688722E+15   2.7908E-03   3.3391E-03   0.83579
FLUX  144   112.50        2.664822E+15   2.5461E-03   3.3241E-03   0.76596
FLUX  145   113.50        2.641344E+15   2.7942E-03   3.3089E-03   0.84446
FLUX  146   114.50        2.618275E+15   2.7966E-03   3.2935E-03   0.84912
FLUX  147   115.50        2.595606E+15   2.6711E-03   3.2779E-03   0.81487
FLUX  148   116.50        2.573326E+15   2.6298E-03   3.2622E-03   0.80615
FLUX  149   117.50        2.551426E+15   2.0493E-03   3.2463E-03   0.63125
FLUX  150   118.50        2.529894E+15   2.5066E-03   3.2304E-03   0.77592
FLUX  151   119.50        2.508724E+15   2.4738E-03   3.2143E-03   0.76963
FLUX  152   120.50        2.487905E+15   2.4576E-03   3.1981E-03   0.76846
FLUX  153   121.50        2.467428E+15   2.1428E-03   3.1818E-03   0.67345
FLUX  154   122.50        2.447286E+15   2.4170E-03   3.1654E-03   0.76356
FLUX  155   123.50        2.427470E+15   2.5286E-03   3.1490E-03   0.80298
FLUX  156   124.50        2.407972E+15   2.4908E-03   3.1324E-03   0.79518
FLUX  157   125.50        2.388785E+15   2.5188E-03   3.1158E-03   0.80838
FLUX  158   126.50        2.369901E+15   2.5924E-03   3.0992E-03   0.83649
FLUX  159   127.50        2.351314E+15   2.6704E-03   3.0825E-03   0.86630
FLUX  160   128.50        2.333016E+15   2.6865E-03   3.0658E-03   0.87627
FLUX  161   129.50        2.315000E+15   2.6349E-03   3.0491E-03   0.86418
FLUX  162   130.50        2.297261E+15   2.6119E-03   3.0323E-03   0.86137
FLUX  163   131.50        2.279791E+15   2.7060E-03   3.0155E-03   0.89734
FLUX  164   132.50        2.262585E+15   2.6761E-03   2.9988E-03   0.89239
FLUX  165   133.50        2.245637E+15   2.6409E-03   2.9820E-03   0.88560
FLUX  166   134.50        2.228940E+15   2.6753E-03   2.9653E-03   0.90220
FLUX  167   135.50        2.212491E+15   2.6143E-03   2.9485E-03   0.88665
FLUX  168   136.50        2.196282E+15   2.5815E-03   2.9318E-03   0.88051
FLUX  169   137.50        2.180309E+15   2.5346E-03   2.9151E-03   0.86947
FLUX  170   138.50        2.164567E+15   2.5189E-03   2.8984E-03   0.86905
FLUX  171   139.50        2.149050E+15   2.2949E-03   2.8818E-03   0.79635
FLUX  172   140.50        2.133754E+15   2.2757E-03   2.8651E-03   0.79428
FLUX  173   141.50        2.118675E+15   2.5262E-03   2.8485E-03   0.88685
FLUX  174   142.50        2.103807E+15   2.3299E-03   2.8320E-03   0.82269
FLUX  175   143.50        2.089146E+15   2.4709E-03   2.8155E-03   0.87760
FLUX  176   144.20        2.079005E+15   2.4321E-03   2.8040E-03   0.86738
FLUX  177   144.70        2.071821E+15   2.4412E-03   2.7958E-03   0.87318
FLUX  178   145.50        2.060430E+15   2.3698E-03   2.7826E-03   0.85165
FLUX  179   146.50        2.046365E+15   2.3742E-03   2.7663E-03   0.85826
FLUX  180   147.50        2.032492E+15   2.3903E-03   2.7500E-03   0.86920
FLUX  181   148.50        2.018805E+15   2.4228E-03   2.7338E-03   0.88625
FLUX  182   149.50        2.005301E+15   2.3818E-03   2.7176E-03   0.87642
FLUX  183   150.50        1.991977E+15   2.3956E-03   2.7015E-03   0.88676
FLUX  184   151.20        1.982755E+15   2.3827E-03   2.6903E-03   0.88568
FLUX  185   151.70        1.976220E+15   2.3899E-03   2.6823E-03   0.89101
FLUX  186   152.50        1.965852E+15   2.3458E-03   2.6695E-03   0.87873
FLUX  187   153.50        1.953046E+15   2.1578E-03   2.6536E-03   0.81314
FLUX  188   154.50        1.940405E+15   1.7943E-03   2.6378E-03   0.68023
FLUX  189   155.50        1.927926E+15   1.8665E-03   2.6221E-03   0.71183
FLUX  190   156.50        1.915607E+15   2.1057E-03   2.6064E-03   0.80789
FLUX  191   157.50        1.903444E+15   2.1979E-03   2.5909E-03   0.84831
FLUX  192   158.50        1.891435E+15   2.2164E-03   2.5754E-03   0.86063
FLUX  193   159.50        1.879577E+15   2.2210E-03   2.5599E-03   0.86759
FLUX  194   160.50        1.867866E+15   2.1218E-03   2.5446E-03   0.83382
FLUX  195   161.50        1.856300E+15   2.0708E-03   2.5293E-03   0.81870
FLUX  196   162.50        1.844877E+15   2.1247E-03   2.5142E-03   0.84507
FLUX  197   163.50        1.833593E+15   2.1396E-03   2.4991E-03   0.85617
FLUX  198   164.50        1.822447E+15   2.1162E-03   2.4841E-03   0.85193
FLUX  199   165.50        1.811435E+15   2.1796E-03   2.4691E-03   0.88274
FLUX  200   166.50        1.800556E+15   2.1621E-03   2.4543E-03   0.88094
FLUX  201   167.20        1.793017E+15   2.0457E-03   2.4440E-03   0.83703
FLUX  202   167.70        1.787671E+15   2.2864E-03   2.4366E-03   0.93833
FLUX  203   168.50        1.779184E+15   2.2259E-03   2.4249E-03   0.91794
FLUX  204   169.50        1.768687E+15   2.1949E-03   2.4103E-03   0.91061
FLUX  205   170.50        1.758314E+15   2.1843E-03   2.3959E-03   0.91170
FLUX  206   171.50        1.748061E+15   2.1140E-03   2.3815E-03   0.88770
FLUX  207   172.50        1.737928E+15   2.0893E-03   2.3672E-03   0.88260
FLUX  208   173.50        1.727911E+15   2.1651E-03   2.3530E-03   0.92014
FLUX  209   174.50        1.718009E+15   2.1591E-03   2.3389E-03   0.92315
FLUX  210   175.50        1.708219E+15   2.1331E-03   2.3248E-03   0.91752
FLUX  211   176.50        1.698541E+15   2.1358E-03   2.3109E-03   0.92426
FLUX  212   177.50        1.688972E+15   2.1006E-03   2.2970E-03   0.91448
FLUX  213   178.50        1.679510E+15   2.1322E-03   2.2833E-03   0.93383
FLUX  214   179.50        1.670153E+15   2.0955E-03   2.2696E-03   0.92329
FLUX  215   180.50        1.660900E+15   2.1001E-03   2.2560E-03   0.93088
FLUX  216   181.50        1.651749E+15   2.0851E-03   2.2426E-03   0.92979
FLUX  217   182.50        1.642699E+15   2.0628E-03   2.2292E-03   0.92539
FLUX  218   183.50        1.633747E+15   2.0796E-03   2.2159E-03   0.93848
FLUX  219   184.50        1.624892E+15   2.0540E-03   2.2027E-03   0.93249
FLUX  220   185.50        1.616132E+15   2.0653E-03   2.1896E-03   0.94320
FLUX  221   186.50        1.607466E+15   2.0654E-03   2.1766E-03   0.94890
FLUX  222   187.50        1.598893E+15   2.0343E-03   2.1637E-03   0.94020
FLUX  223   188.50        1.590411E+15   2.0011E-03   2.1509E-03   0.93038
FLUX  224   189.50        1.582018E+15   2.0172E-03   2.1382E-03   0.94345
FLUX  225   190.50        1.573714E+15   2.0341E-03   2.1255E-03   0.95697
FLUX  226   191.50        1.565496E+15   2.0165E-03   2.1130E-03   0.95433
FLUX  227   192.50        1.557364E+15   1.9352E-03   2.1005E-03   0.92130
FLUX  228   193.50        1.549315E+15   2.0112E-03   2.0882E-03   0.96314
FLUX  229   194.50        1.541350E+15   2.0181E-03   2.0759E-03   0.97215
FLUX  230   195.50        1.533465E+15   1.9263E-03   2.0637E-03   0.93340
FLUX  231   196.70        1.524110E+15   1.9795E-03   2.0492E-03   0.96600
FLUX  232   197.60        1.517168E+15   1.9860E-03   2.0384E-03   0.97427
FLUX  233   198.40        1.511051E+15   1.9753E-03   2.0289E-03   0.97357
FLUX  234   199.50        1.502719E+15   1.9453E-03   2.0159E-03   0.96499
FLUX  235   200.50        1.495224E+15   1.9740E-03   2.0041E-03   0.98495
FLUX  236   201.50        1.487804E+15   1.9675E-03   1.9925E-03   0.98747
FLUX  237   202.50        1.480457E+15   1.9596E-03   1.9809E-03   0.98922
FLUX  238   203.50        1.473182E+15   1.9361E-03   1.9694E-03   0.98309
FLUX  239   204.50        1.465978E+15   1.9191E-03   1.9581E-03   0.98012
FLUX  240   205.50        1.458844E+15   1.5185E-03   1.9995E-03   0.75946
FLUX  241   206.50        1.451780E+15   1.4814E-03   1.9878E-03   0.74526
FLUX  242   207.40        1.445480E+15   1.5514E-03   1.9773E-03   0.78463
FLUX  243   207.80        1.442697E+15   1.5822E-03   1.9726E-03   0.80208
FLUX  244   208.50        1.437854E+15   1.7310E-03   1.9646E-03   0.88110
FLUX  245   209.50        1.430990E+15   1.8425E-03   1.9531E-03   0.94337
FLUX  246   210.50        1.424192E+15   1.8524E-03   1.9417E-03   0.95399
FLUX  247   211.50        1.417459E+15   1.8751E-03   1.9304E-03   0.97131
FLUX  248   212.50        1.410788E+15   1.8520E-03   1.9192E-03   0.96497
FLUX  249   213.50        1.404180E+15   1.8556E-03   1.9081E-03   0.97250
FLUX  250   214.50        1.397634E+15   1.8442E-03   1.8971E-03   0.97213
FLUX  251   215.50        1.391148E+15   1.8575E-03   1.8861E-03   0.98484
FLUX  252   216.50        1.384723E+15   1.7892E-03   1.8752E-03   0.95415
FLUX  253   217.50        1.378356E+15   1.8429E-03   1.8644E-03   0.98849
FLUX  254   218.50        1.372048E+15   1.7972E-03   1.8537E-03   0.96953
FLUX  255   219.50        1.365797E+15   1.8360E-03   1.8430E-03   0.99619
FLUX  256   220.50        1.359603E+15   1.8242E-03   1.8325E-03   0.99546
FLUX  257   221.50        1.353465E+15   1.7712E-03   1.8220E-03   0.97210
FLUX  258   222.50        1.347382E+15   1.8001E-03   1.8116E-03   0.99368
FLUX  259   223.50        1.341353E+15   1.7917E-03   1.8013E-03   0.99472
FLUX  260   224.50        1.335379E+15   1.7761E-03   1.7910E-03   0.99169
FLUX  261   225.50        1.329457E+15   1.7365E-03   1.7808E-03   0.97511
FLUX  262   226.50        1.323587E+15   1.7614E-03   1.7707E-03   0.99474
FLUX  263   227.50        1.317769E+15   1.7574E-03   1.7607E-03   0.99810
FLUX  264   228.50        1.312002E+15   1.7332E-03   1.7508E-03   0.98995
FLUX  265   229.50        1.306285E+15   1.6448E-03   1.7409E-03   0.94479
FLUX  266   230.50        1.300618E+15   1.6850E-03   1.7311E-03   0.97337
FLUX  267   231.50        1.295000E+15   1.7000E-03   1.7214E-03   0.98760
FLUX  268   232.50        1.289430E+15   1.7030E-03   1.7117E-03   0.99492
FLUX  269   233.50        1.283908E+15   1.6932E-03   1.7021E-03   0.99479
FLUX  270   234.50        1.278433E+15   1.6788E-03   1.6926E-03   0.99187
FLUX  271   235.50        1.273004E+15   1.6627E-03   1.6832E-03   0.98783
FLUX  272   236.50        1.267622E+15   1.6508E-03   1.6738E-03   0.98629
FLUX  273   237.50        1.262284E+15   1.6334E-03   1.6645E-03   0.98130
FLUX  274   238.50        1.256992E+15   1.5792E-03   1.6553E-03   0.95405
FLUX  275   239.50        1.251743E+15   1.6049E-03   1.6461E-03   0.97496
FLUX  276   240.50        1.246538E+15   1.6084E-03   1.6370E-03   0.98254
FLUX  277   241.50        1.241377E+15   1.6032E-03   1.6280E-03   0.98478
FLUX  278   242.50        1.236258E+15   1.6045E-03   1.6190E-03   0.99102
FLUX  279   243.50        1.231181E+15   1.5915E-03   1.6101E-03   0.98839
FLUX  280   244.50        1.226145E+15   1.5845E-03   1.6013E-03   0.98948
FLUX  281   245.50        1.221151E+15   1.5722E-03   1.5926E-03   0.98724
FLUX  282   246.50        1.216197E+15   1.5662E-03   1.5839E-03   0.98881
FLUX  283   247.50        1.211283E+15   1.5611E-03   1.5753E-03   0.99103
FLUX  284   248.50        1.206408E+15   1.5342E-03   1.5667E-03   0.97924
FLUX  285   249.50        1.201573E+15   1.2603E-03   1.5582E-03   0.80879
FLUX  286   250.50        1.196776E+15   1.5064E-03   1.5498E-03   0.97204
FLUX  287   251.30        1.192967E+15   1.4523E-03   1.5431E-03   0.94116
FLUX  288   251.80        1.190598E+15   1.4895E-03   1.5389E-03   0.96788
FLUX  289   252.50        1.187297E+15   1.5122E-03   1.5331E-03   0.98639
FLUX  290   253.50        1.182613E+15   1.5132E-03   1.5249E-03   0.99234
FLUX  291   254.50        1.177967E+15   1.5044E-03   1.5167E-03   0.99187
FLUX  292   255.50        1.173356E+15   1.4943E-03   1.5086E-03   0.99051
FLUX  293   256.50        1.168782E+15   1.4886E-03   1.5005E-03   0.99203
FLUX  294   257.50        1.164243E+15   1.4799E-03   1.4925E-03   0.99153
FLUX  295   258.50        1.159739E+15   1.4729E-03   1.4846E-03   0.99210
FLUX  296   259.50        1.155270E+15   1.4538E-03   1.4767E-03   0.98449
FLUX  297   260.50        1.150835E+15   1.4598E-03   1.4701E-03   0.99300
FLUX  298   261.50        1.146434E+15   1.4437E-03   1.4623E-03   0.98723
FLUX  299   262.50        1.142067E+15   1.4440E-03   1.4546E-03   0.99269
FLUX  300   263.50        1.137732E+15   1.4396E-03   1.4470E-03   0.99487
FLUX  301   264.50        1.133431E+15   1.4270E-03   1.4394E-03   0.99139
FLUX  302   265.50        1.129162E+15   1.4227E-03   1.4318E-03   0.99365
FLUX  303   266.50        1.124925E+15   1.4110E-03   1.4243E-03   0.99066
FLUX  304   267.50        1.120720E+15   1.3897E-03   1.4169E-03   0.98080
FLUX  305   268.50        1.116546E+15   1.3977E-03   1.4095E-03   0.99164
FLUX  306   269.50        1.112403E+15   1.3860E-03   1.4022E-03   0.98847
FLUX  307   270.50        1.108290E+15   1.3867E-03   1.3949E-03   0.99408
FLUX  308   271.50        1.104208E+15   1.3743E-03   1.3877E-03   0.99037
FLUX  309   272.50        1.100156E+15   1.3696E-03   1.3805E-03   0.99205
FLUX  310   273.50        1.096133E+15   1.3383E-03   1.3734E-03   0.97444
FLUX  311   274.50        1.092140E+15   1.3606E-03   1.3663E-03   0.99578
FLUX  312   275.50        1.088176E+15   1.3518E-03   1.3593E-03   0.99447
FLUX  313   276.50        1.084240E+15   1.3422E-03   1.3524E-03   0.99249
FLUX  314   277.50        1.080333E+15   1.3401E-03   1.3454E-03   0.99605
FLUX  315   278.50        1.076454E+15   1.3280E-03   1.3386E-03   0.99212
FLUX  316   279.50        1.072603E+15   1.3084E-03   1.3318E-03   0.98247
FLUX  317   280.50        1.068779E+15   1.3148E-03   1.3250E-03   0.99230
FLUX  318   281.50        1.064982E+15   1.3119E-03   1.3183E-03   0.99514
FLUX  319   282.50        1.061212E+15   1.3032E-03   1.3116E-03   0.99359
FLUX  320   283.50        1.057469E+15   1.2965E-03   1.3050E-03   0.99351
FLUX  321   284.50        1.053752E+15   1.2948E-03   1.2984E-03   0.99720
FLUX  322   285.50        1.050061E+15   1.2871E-03   1.2919E-03   0.99633
FLUX  323   286.50        1.046396E+15   1.2759E-03   1.2854E-03   0.99262
FLUX  324   287.50        1.042757E+15   1.2713E-03   1.2789E-03   0.99406
FLUX  325   288.50        1.039142E+15   1.2665E-03   1.2725E-03   0.99528
FLUX  326   289.50        1.035553E+15   1.2603E-03   1.2662E-03   0.99532
FLUX  327   291.00        1.030215E+15   1.2479E-03   1.2568E-03   0.99292
FLUX  328   293.00        1.023183E+15   1.2400E-03   1.2443E-03   0.99652
FLUX  329   295.00        1.016246E+15   1.2252E-03   1.2321E-03   0.99444
FLUX  330   297.00        1.009402E+15   1.2122E-03   1.2200E-03   0.99366
FLUX  331   299.00        1.002650E+15   1.1945E-03   1.2081E-03   0.98877
FLUX  332   301.00        9.959884E+14   1.1825E-03   1.1963E-03   0.98843
FLUX  333   303.00        9.894142E+14   1.1660E-03   1.1848E-03   0.98414
FLUX  334   305.00        9.829262E+14   1.1609E-03   1.1733E-03   0.98944
FLUX  335   307.00        9.765228E+14   1.1518E-03   1.1621E-03   0.99115
FLUX  336   309.00        9.702023E+14   1.1411E-03   1.1510E-03   0.99143
FLUX  337   311.00        9.639630E+14   1.1333E-03   1.1400E-03   0.99412
FLUX  338   313.00        9.578035E+14   1.1212E-03   1.1294E-03   0.99271
FLUX  339   315.00        9.517222E+14   1.1133E-03   1.1187E-03   0.99513
FLUX  340   317.00        9.457177E+14   1.1019E-03   1.1082E-03   0.99425
FLUX  341   319.00        9.397884E+14   1.0922E-03   1.0979E-03   0.99487
FLUX  342   321.00        9.339330E+14   1.0709E-03   1.0876E-03   0.98464
FLUX  343   323.00        9.281501E+14   1.0728E-03   1.0775E-03   0.99562
FLUX  344   325.00        9.224385E+14   1.0652E-03   1.0676E-03   0.99777
FLUX  345   327.00        9.167966E+14   1.0469E-03   1.0578E-03   0.98977
FLUX  346   329.00        9.112234E+14   1.0430E-03   1.0481E-03   0.99519
FLUX  347   331.00        9.057175E+14   1.0326E-03   1.0385E-03   0.99429
FLUX  348   333.00        9.002778E+14   1.0227E-03   1.0290E-03   0.99386
FLUX  349   335.00        8.949030E+14   1.0083E-03   1.0197E-03   0.98881
FLUX  350   337.00        8.895920E+14   1.0028E-03   1.0105E-03   0.99234
FLUX  351   339.00        8.843436E+14   9.9754E-04   1.0014E-03   0.99612
FLUX  352   341.00        8.791569E+14   9.8791E-04   9.9246E-04   0.99541
FLUX  353   343.00        8.740306E+14   9.8056E-04   9.8502E-04   0.99547
FLUX  354   345.00        8.689638E+14   9.6722E-04   9.7627E-04   0.99073
FLUX  355   347.00        8.639553E+14   9.6305E-04   9.6763E-04   0.99527
FLUX  356   349.00        8.590043E+14   9.5546E-04   9.5910E-04   0.99621
FLUX  357   351.00        8.541097E+14   9.4788E-04   9.5067E-04   0.99706
FLUX  358   353.00        8.492705E+14   9.3873E-04   9.4236E-04   0.99614
FLUX  359   355.00        8.444859E+14   9.3034E-04   9.3415E-04   0.99592
FLUX  360   357.00        8.397549E+14   9.2380E-04   9.2605E-04   0.99757
FLUX  361   359.00        8.350766E+14   9.1395E-04   9.1805E-04   0.99554
FLUX  362   361.00        8.304501E+14   9.0448E-04   9.1015E-04   0.99377
FLUX  363   363.00        8.258746E+14   8.9721E-04   9.0235E-04   0.99431
FLUX  364   364.00        8.236058E+14   8.8471E-04   8.9849E-04   0.98467
FLUX  365   365.00        8.213493E+14   8.2636E-04   9.6347E-04   0.85769
FLUX  366   367.00        8.168733E+14   8.2088E-04   9.5515E-04   0.85942
FLUX  367   369.00        8.124458E+14   8.1613E-04   9.4771E-04   0.86116
FLUX  368   371.00        8.080660E+14   8.0990E-04   9.3959E-04   0.86197
FLUX  369   373.00        8.037332E+14   8.1292E-04   9.3158E-04   0.87263
FLUX  370   375.00        7.994467E+14   8.2894E-04   9.2366E-04   0.89745
FLUX  371   377.00        7.952056E+14   8.3274E-04   9.1584E-04   0.90927
FLUX  372   379.00        7.910092E+14   8.5010E-04   9.0811E-04   0.93612
FLUX  373   381.00        7.868569E+14   8.6624E-04   9.0048E-04   0.96197
FLUX  374   383.00        7.827480E+14   8.1959E-04   8.9294E-04   0.91785
FLUX  375   385.00        7.786818E+14   8.6790E-04   8.8549E-04   0.98014
FLUX  376   387.00        7.746576E+14   8.5982E-04   8.7813E-04   0.97915
FLUX  377   389.00        7.706748E+14   7.9810E-04   8.7086E-04   0.91646
FLUX  378   391.00        7.667327E+14   8.5822E-04   8.6367E-04   0.99369
FLUX  379   393.00        7.628308E+14   8.4229E-04   8.5657E-04   0.98333
FLUX  380   395.00        7.589683E+14   8.3806E-04   8.4955E-04   0.98648
FLUX  381   397.00        7.551448E+14   7.6753E-04   8.4261E-04   0.91089
FLUX  382   399.00        7.513596E+14   8.3010E-04   8.3576E-04   0.99323
FLUX  383   401.00        7.476122E+14   8.2204E-04   8.2899E-04   0.99162
FLUX  384   403.00        7.439020E+14   8.0368E-04   8.2229E-04   0.97736
FLUX  385   405.00        7.402284E+14   8.1174E-04   8.1568E-04   0.99517
FLUX  386   407.00        7.365909E+14   7.9839E-04   8.0914E-04   0.98672
FLUX  387   409.00        7.329890E+14   7.7576E-04   8.0268E-04   0.96646
FLUX  388   411.00        7.294221E+14   7.3476E-04   7.9629E-04   0.92273
FLUX  389   413.00        7.258898E+14   7.7996E-04   7.8997E-04   0.98733
FLUX  390   415.00        7.223916E+14   7.7515E-04   7.8373E-04   0.98905
FLUX  391   417.00        7.189269E+14   7.7354E-04   7.7757E-04   0.99482
FLUX  392   419.00        7.154952E+14   7.6600E-04   7.7147E-04   0.99292
FLUX  393   421.00        7.120962E+14   7.5493E-04   7.6544E-04   0.98627
FLUX  394   423.00        7.087293E+14   7.5747E-04   7.5947E-04   0.99737
FLUX  395   425.00        7.053941E+14   7.4929E-04   7.5358E-04   0.99431
FLUX  396   427.00        7.020902E+14   7.4247E-04   7.4775E-04   0.99294
FLUX  397   429.00        6.988170E+14   7.3764E-04   7.4199E-04   0.99413
FLUX  398   431.00        6.955742E+14   7.2881E-04   7.3629E-04   0.98983
FLUX  399   433.00        6.923614E+14   7.0661E-04   7.3066E-04   0.96708
FLUX  400   435.00        6.891782E+14   6.7502E-04   7.2509E-04   0.93095
FLUX  401   437.00        6.860240E+14   7.1375E-04   7.1958E-04   0.99189
FLUX  402   439.00        6.828986E+14   7.0356E-04   7.1413E-04   0.98520
FLUX  403   441.00        6.798016E+14   7.0070E-04   7.0875E-04   0.98865
FLUX  404   443.00        6.767325E+14   6.9928E-04   7.0342E-04   0.99412
FLUX  405   445.00        6.736910E+14   6.9374E-04   6.9815E-04   0.99368
FLUX  406   447.00        6.706767E+14   6.8138E-04   6.9294E-04   0.98332
FLUX  407   449.00        6.676893E+14   6.8388E-04   6.8778E-04   0.99433
FLUX  408   451.00        6.647284E+14   6.7470E-04   6.8268E-04   0.98830
FLUX  409   453.00        6.617936E+14   6.7162E-04   6.7764E-04   0.99111
FLUX  410   455.00        6.588846E+14   6.6028E-04   6.7265E-04   0.98161
FLUX  411   457.00        6.560011E+14   6.6409E-04   6.6772E-04   0.99457
FLUX  412   459.00        6.531427E+14   6.5757E-04   6.6283E-04   0.99206
FLUX  413   461.00        6.503091E+14   6.5388E-04   6.5800E-04   0.99374
FLUX  414   463.00        6.475000E+14   6.4586E-04   6.5322E-04   0.98873
FLUX  415   465.00        6.447150E+14   6.2533E-04   6.4850E-04   0.96427
FLUX  416   467.00        6.419540E+14   6.3734E-04   6.4382E-04   0.98994
FLUX  417   469.00        6.392164E+14   6.2071E-04   6.3919E-04   0.97109
FLUX  418   471.00        6.365021E+14   6.2784E-04   6.3461E-04   0.98934
FLUX  419   473.00        6.338108E+14   6.2955E-04   6.3008E-04   0.99917
FLUX  420   475.00        6.311421E+14   6.2497E-04   6.2559E-04   0.99900
FLUX  421   477.00        6.284958E+14   6.2085E-04   6.2115E-04   0.99952
FLUX  422   479.00        6.258716E+14   6.1642E-04   6.1676E-04   0.99944
FLUX  423   481.00        6.232692E+14   6.1180E-04   6.1242E-04   0.99899
FLUX  424   483.00        6.206884E+14   6.0711E-04   6.0811E-04   0.99835
FLUX  425   485.00        6.181289E+14   5.9290E-04   6.0386E-04   0.98186
FLUX  426   487.00        6.155903E+14   5.5701E-04   5.9964E-04   0.92890
FLUX  427   489.00        6.130726E+14   5.9391E-04   5.9547E-04   0.99737
FLUX  428   491.00        6.105753E+14   5.9000E-04   5.9134E-04   0.99773
FLUX  429   493.00        6.080984E+14   5.8172E-04   5.8725E-04   0.99058
FLUX  430   495.00        6.056414E+14   5.8154E-04   5.8320E-04   0.99715
FLUX  431   497.00        6.032042E+14   5.7898E-04   5.7920E-04   0.99962
FLUX  432   499.00        6.007866E+14   5.7513E-04   5.7523E-04   0.99982
FLUX  433   501.00        5.983882E+14   5.6676E-04   5.7130E-04   0.99204
FLUX  434   503.00        5.960089E+14   5.6625E-04   5.6742E-04   0.99794
FLUX  435   505.00        5.936485E+14   5.6187E-04   5.6357E-04   0.99698
FLUX  436   507.00        5.913067E+14   5.5957E-04   5.5976E-04   0.99966
FLUX  437   509.00        5.889833E+14   5.5578E-04   5.5598E-04   0.99964
FLUX  438   511.00        5.866781E+14   5.5206E-04   5.5225E-04   0.99966
FLUX  439   513.00        5.843908E+14   5.4813E-04   5.4855E-04   0.99924
FLUX  440   515.00        5.821214E+14   5.4445E-04   5.4489E-04   0.99920
FLUX  441   517.00        5.798694E+14   5.4083E-04   5.4126E-04   0.99921
FLUX  442   519.00        5.776349E+14   5.3736E-04   5.3767E-04   0.99943
FLUX  443   521.00        5.754175E+14   5.3391E-04   5.3411E-04   0.99963
FLUX  444   523.00        5.732170E+14   5.3051E-04   5.3059E-04   0.99986
FLUX  445   525.00        5.710333E+14   5.2594E-04   5.2710E-04   0.99780
FLUX  446   527.00        5.688662E+14   5.2241E-04   5.2365E-04   0.99763
FLUX  447   529.00        5.667155E+14   5.2012E-04   5.2023E-04   0.99980
FLUX  448   531.00        5.645810E+14   5.1668E-04   5.1684E-04   0.99969
FLUX  449   533.00        5.624625E+14   5.1330E-04   5.1349E-04   0.99965
FLUX  450   535.00        5.603598E+14   5.1009E-04   5.1016E-04   0.99986
FLUX  451   537.00        5.582728E+14   5.0675E-04   5.0687E-04   0.99977
FLUX  452   539.00        5.562013E+14   5.0342E-04   5.0361E-04   0.99961
FLUX  453   541.00        5.541451E+14   4.9426E-04   5.0038E-04   0.98777
FLUX  454   543.00        5.521040E+14   4.9713E-04   4.9718E-04   0.99990
FLUX  455   545.00        5.500780E+14   4.9396E-04   4.9402E-04   0.99988
FLUX  456   547.00        5.480667E+14   4.9070E-04   4.9088E-04   0.99963
FLUX  457   549.00        5.460701E+14   4.8766E-04   4.8777E-04   0.99977
FLUX  458   551.00        5.440880E+14   4.8421E-04   4.8469E-04   0.99902
FLUX  459   553.00        5.421202E+14   4.8152E-04   4.8164E-04   0.99976
FLUX  460   555.00        5.401667E+14   4.7858E-04   4.7861E-04   0.99993
FLUX  461   557.00        5.382271E+14   4.7530E-04   4.7562E-04   0.99933
FLUX  462   559.00        5.363014E+14   4.7129E-04   4.7265E-04   0.99713
FLUX  463   561.00        5.343895E+14   4.6968E-04   4.6971E-04   0.99994
FLUX  464   563.00        5.324911E+14   4.6676E-04   4.6680E-04   0.99992
FLUX  465   565.00        5.306062E+14   4.6384E-04   4.6391E-04   0.99986
FLUX  466   567.00        5.287346E+14   4.6083E-04   4.6105E-04   0.99952
FLUX  467   569.00        5.268761E+14   4.5191E-04   4.5821E-04   0.98624
FLUX  468   571.00        5.250306E+14   4.3520E-04   4.5617E-04   0.95405
FLUX  469   573.00        5.231981E+14   4.3276E-04   4.5338E-04   0.95454
FLUX  470   575.00        5.213783E+14   4.3010E-04   4.5061E-04   0.95449
FLUX  471   577.00        5.195711E+14   4.2798E-04   4.4787E-04   0.95560
FLUX  472   579.00        5.177763E+14   4.2573E-04   4.4515E-04   0.95637
FLUX  473   581.00        5.159940E+14   4.2267E-04   4.4246E-04   0.95529
FLUX  474   583.00        5.142238E+14   4.2192E-04   4.3979E-04   0.95936
FLUX  475   585.00        5.124658E+14   4.2164E-04   4.3714E-04   0.96453
FLUX  476   587.00        5.107198E+14   4.1511E-04   4.3452E-04   0.95533
FLUX  477   589.00        5.089856E+14   4.1976E-04   4.3192E-04   0.97184
FLUX  478   591.00        5.072631E+14   4.1932E-04   4.2935E-04   0.97664
FLUX  479   593.00        5.055523E+14   4.1892E-04   4.2680E-04   0.98155
FLUX  480   595.00        5.038529E+14   4.1890E-04   4.2427E-04   0.98734
FLUX  481   597.00        5.021650E+14   4.1875E-04   4.2176E-04   0.99287
FLUX  482   599.00        5.004883E+14   4.1784E-04   4.1927E-04   0.99657
FLUX  483   601.00        4.988228E+14   4.1623E-04   4.1681E-04   0.99861
FLUX  484   603.00        4.971683E+14   4.1362E-04   4.1436E-04   0.99820
FLUX  485   605.00        4.955248E+14   4.1137E-04   4.1194E-04   0.99862
FLUX  486   607.00        4.938921E+14   4.0889E-04   4.0954E-04   0.99842
FLUX  487   609.00        4.922701E+14   4.0692E-04   4.0716E-04   0.99942
FLUX  488   611.00        4.906588E+14   4.0410E-04   4.0480E-04   0.99827
FLUX  489   613.00        4.890579E+14   4.0189E-04   4.0245E-04   0.99860
FLUX  490   615.00        4.874675E+14   3.9969E-04   4.0013E-04   0.99890
FLUX  491   617.00        4.858874E+14   3.9662E-04   3.9783E-04   0.99694
FLUX  492   619.00        4.843174E+14   3.9545E-04   3.9555E-04   0.99975
FLUX  493   621.00        4.827576E+14   3.9325E-04   3.9329E-04   0.99991
FLUX  494   623.00        4.812079E+14   3.8995E-04   3.9104E-04   0.99720
FLUX  495   625.00        4.796680E+14   3.8859E-04   3.8882E-04   0.99942
FLUX  496   627.00        4.781380E+14   3.8656E-04   3.8661E-04   0.99985
FLUX  497   629.00        4.766176E+14   3.8439E-04   3.8443E-04   0.99991
FLUX  498   631.00        4.751070E+14   3.8072E-04   3.8226E-04   0.99599
FLUX  499   633.00        4.736058E+14   3.8007E-04   3.8011E-04   0.99990
FLUX  500   635.00        4.721142E+14   3.7784E-04   3.7797E-04   0.99964
FLUX  501   637.00        4.706319E+14   3.7583E-04   3.7586E-04   0.99992
FLUX  502   639.00        4.691588E+14   3.7371E-04   3.7376E-04   0.99987
FLUX  503   641.00        4.676950E+14   3.6999E-04   3.7168E-04   0.99547
FLUX  504   643.00        4.662403E+14   3.6961E-04   3.6961E-04   0.99998
FLUX  505   645.00        4.647946E+14   3.6732E-04   3.6757E-04   0.99932
FLUX  506   647.00        4.633578E+14   3.6512E-04   3.6554E-04   0.99886
FLUX  507   649.00        4.619299E+14   3.6329E-04   3.6352E-04   0.99934
FLUX  508   651.00        4.605107E+14   3.6128E-04   3.6153E-04   0.99932
FLUX  509   653.00        4.591003E+14   3.5704E-04   3.5955E-04   0.99303
FLUX  510   655.00        4.576985E+14   3.5378E-04   3.5758E-04   0.98935
FLUX  511   657.00        4.563052E+14   3.2905E-04   3.5563E-04   0.92526
FLUX  512   659.00        4.549203E+14   3.5297E-04   3.5370E-04   0.99793
FLUX  513   661.00        4.535439E+14   3.5171E-04   3.5178E-04   0.99978
FLUX  514   663.00        4.521757E+14   3.4987E-04   3.4988E-04   0.99997
FLUX  515   665.00        4.508158E+14   3.4796E-04   3.4805E-04   0.99974
FLUX  516   667.00        4.494640E+14   3.4371E-04   3.4618E-04   0.99287
FLUX  517   669.00        4.481203E+14   3.4018E-04   3.4432E-04   0.98797
FLUX  518   671.00        4.467846E+14   3.4181E-04   3.4248E-04   0.99806
FLUX  519   673.00        4.454569E+14   3.3999E-04   3.4065E-04   0.99807
FLUX  520   675.00        4.441370E+14   3.3829E-04   3.3883E-04   0.99840
FLUX  521   677.00        4.428250E+14   3.3689E-04   3.3704E-04   0.99958
FLUX  522   679.00        4.415206E+14   3.3513E-04   3.3525E-04   0.99965
FLUX  523   681.00        4.402239E+14   3.3345E-04   3.3348E-04   0.99992
FLUX  524   683.00        4.389348E+14   3.3169E-04   3.3172E-04   0.99990
FLUX  525   685.00        4.376533E+14   3.2990E-04   3.2998E-04   0.99977
FLUX  526   687.00        4.363792E+14   3.2806E-04   3.2825E-04   0.99943
FLUX  527   689.00        4.351125E+14   3.2393E-04   3.2653E-04   0.99204
FLUX  528   691.00        4.338531E+14   3.2452E-04   3.2483E-04   0.99906
FLUX  529   693.00        4.326010E+14   3.2314E-04   3.2314E-04   0.99999
FLUX  530   695.00        4.313561E+14   3.2145E-04   3.2146E-04   0.99997
FLUX  531   697.00        4.301184E+14   3.1980E-04   3.1980E-04   0.99999
FLUX  532   699.00        4.288877E+14   3.1814E-04   3.1815E-04   0.99997
FLUX  533   701.00        4.276640E+14   3.1631E-04   3.1651E-04   0.99936
FLUX  534   703.00        4.264474E+14   3.1425E-04   3.1488E-04   0.99800
FLUX  535   705.00        4.252376E+14   3.1299E-04   3.1327E-04   0.99911
FLUX  536   707.00        4.240346E+14   3.0873E-04   3.1167E-04   0.99055
FLUX  537   709.00        4.228385E+14   3.1007E-04   3.1008E-04   0.99997
FLUX  538   711.00        4.216491E+14   3.0844E-04   3.0850E-04   0.99978
FLUX  539   713.00        4.204663E+14   3.0689E-04   3.0694E-04   0.99983
FLUX  540   715.00        4.192902E+14   3.0538E-04   3.0539E-04   0.99999
FLUX  541   717.00        4.181206E+14   3.0219E-04   3.0384E-04   0.99456
FLUX  542   719.00        4.169576E+14   3.0157E-04   3.0231E-04   0.99753
FLUX  543   721.00        4.158010E+14   3.0079E-04   3.0080E-04   0.99999
FLUX  544   723.00        4.146508E+14   2.9892E-04   2.9929E-04   0.99876
FLUX  545   725.00        4.135069E+14   2.9772E-04   2.9779E-04   0.99977
FLUX  546   727.00        4.123693E+14   2.9630E-04   2.9631E-04   0.99998
FLUX  547   729.00        4.112380E+14   2.9361E-04   2.9483E-04   0.99585
FLUX  548   731.00        4.101129E+14   2.9322E-04   2.9337E-04   0.99949
FLUX  549   733.00        4.089939E+14   2.9190E-04   2.9192E-04   0.99993
FLUX  550   735.00        4.078809E+14   2.9046E-04   2.9047E-04   0.99997
FLUX  551   737.00        4.067741E+14   2.8899E-04   2.8904E-04   0.99981
FLUX  552   739.00        4.056732E+14   2.8761E-04   2.8762E-04   0.99998
FLUX  553   741.00        4.045783E+14   2.8615E-04   2.8621E-04   0.99978
FLUX  554   743.00        4.034892E+14   2.8481E-04   2.8481E-04   0.99999
FLUX  555   745.00        4.024060E+14   2.8325E-04   2.8343E-04   0.99937
FLUX  556   747.00        4.013286E+14   2.8191E-04   2.8205E-04   0.99950
FLUX  557   749.00        4.002570E+14   2.8002E-04   2.8068E-04   0.99766
FLUX  558   751.00        3.991911E+14   2.7921E-04   2.7932E-04   0.99960
FLUX  559   753.00        3.981308E+14   2.7793E-04   2.7797E-04   0.99986
FLUX  560   755.00        3.970762E+14   2.7658E-04   2.7663E-04   0.99982
FLUX  561   757.00        3.960271E+14   2.7521E-04   2.7530E-04   0.99968
FLUX  562   759.00        3.949835E+14   2.7151E-04   2.7397E-04   0.99099
FLUX  563   761.00        3.939455E+14   2.7232E-04   2.7266E-04   0.99875
FLUX  564   763.00        3.929128E+14   2.7121E-04   2.7136E-04   0.99946
FLUX  565   765.00        3.918856E+14   2.6996E-04   2.7006E-04   0.99962
FLUX  566   767.00        3.908638E+14   2.6877E-04   2.6878E-04   0.99997
FLUX  567   769.00        3.898472E+14   2.6705E-04   2.6750E-04   0.99832
FLUX  568   771.00        3.888359E+14   2.6601E-04   2.6623E-04   0.99916
FLUX  569   773.00        3.878299E+14   2.6447E-04   2.6498E-04   0.99807
FLUX  570   775.00        3.868290E+14   2.6361E-04   2.6373E-04   0.99954
FLUX  571   777.00        3.858333E+14   2.6247E-04   2.6249E-04   0.99993
FLUX  572   779.00        3.848427E+14   2.6123E-04   2.6125E-04   0.99991
FLUX  573   781.00        3.838572E+14   2.5997E-04   2.6003E-04   0.99977
FLUX  574   783.00        3.828768E+14   2.5878E-04   2.5882E-04   0.99987
FLUX  575   785.00        3.819013E+14   2.5734E-04   2.5769E-04   0.99865
FLUX  576   787.00        3.809307E+14   2.5624E-04   2.5649E-04   0.99902
FLUX  577   789.00        3.799651E+14   2.5513E-04   2.5530E-04   0.99933
FLUX  578   791.00        3.790044E+14   2.5407E-04   2.5412E-04   0.99981
FLUX  579   793.00        3.780485E+14   2.5290E-04   2.5295E-04   0.99981
FLUX  580   795.00        3.770975E+14   2.5177E-04   2.5178E-04   0.99998
FLUX  581   797.00        3.761512E+14   2.5043E-04   2.5062E-04   0.99925
FLUX  582   799.00        3.752096E+14   2.4942E-04   2.4947E-04   0.99980
FLUX  583   801.00        3.742728E+14   2.4830E-04   2.4833E-04   0.99989
FLUX  584   803.00        3.733406E+14   2.4702E-04   2.4719E-04   0.99931
FLUX  585   805.00        3.724130E+14   2.4604E-04   2.4607E-04   0.99991
FLUX  586   807.00        3.714901E+14   2.4493E-04   2.4495E-04   0.99991
FLUX  587   809.00        3.705717E+14   2.4372E-04   2.4384E-04   0.99954
FLUX  588   811.00        3.696578E+14   2.4246E-04   2.4273E-04   0.99890
FLUX  589   813.00        3.687485E+14   2.4163E-04   2.4163E-04   0.99997
FLUX  590   815.00        3.678436E+14   2.4040E-04   2.4054E-04   0.99939
FLUX  591   817.00        3.669431E+14   2.3932E-04   2.3946E-04   0.99941
FLUX  592   819.00        3.660470E+14   2.3760E-04   2.3839E-04   0.99672
FLUX  593   821.00        3.651553E+14   2.3140E-04   2.4121E-04   0.95932
FLUX  594   823.00        3.642679E+14   2.2939E-04   2.4013E-04   0.95528
FLUX  595   825.00        3.633848E+14   2.2941E-04   2.3906E-04   0.95966
FLUX  596   827.00        3.625060E+14   2.2820E-04   2.3802E-04   0.95877
FLUX  597   829.00        3.616315E+14   2.2757E-04   2.3696E-04   0.96039
FLUX  598   831.00        3.607611E+14   2.2669E-04   2.3590E-04   0.96096
FLUX  599   833.00        3.598950E+14   2.2533E-04   2.3486E-04   0.95942
FLUX  600   835.00        3.590329E+14   2.2409E-04   2.3382E-04   0.95841
FLUX  601   837.00        3.581750E+14   2.2362E-04   2.3278E-04   0.96064
FLUX  602   839.00        3.573212E+14   2.2292E-04   2.3176E-04   0.96187
FLUX  603   841.00        3.564715E+14   2.2206E-04   2.3074E-04   0.96238
FLUX  604   843.00        3.556257E+14   2.2122E-04   2.2972E-04   0.96298
FLUX  605   845.00        3.547840E+14   2.2002E-04   2.2872E-04   0.96197
FLUX  606   847.00        3.539463E+14   2.1954E-04   2.2772E-04   0.96408
FLUX  607   849.00        3.531125E+14   2.1881E-04   2.2672E-04   0.96511
FLUX  608   851.00        3.522826E+14   2.1719E-04   2.2574E-04   0.96213
FLUX  609   853.00        3.514566E+14   2.1744E-04   2.2476E-04   0.96747
FLUX  610   855.00        3.506345E+14   2.1560E-04   2.2378E-04   0.96342
FLUX  611   857.00        3.498162E+14   2.1670E-04   2.2281E-04   0.97255
FLUX  612   859.00        3.490017E+14   2.1368E-04   2.2185E-04   0.96319
FLUX  613   861.00        3.481911E+14   2.1331E-04   2.2090E-04   0.96565
FLUX  614   863.00        3.473841E+14   2.1532E-04   2.1995E-04   0.97896
FLUX  615   865.00        3.465809E+14   2.1325E-04   2.1900E-04   0.97375
FLUX  616   867.00        3.457814E+14   2.0766E-04   2.1806E-04   0.95227
FLUX  617   869.00        3.449856E+14   2.1348E-04   2.1713E-04   0.98319
FLUX  618   871.00        3.441935E+14   2.1368E-04   2.1621E-04   0.98830
FLUX  619   873.00        3.434049E+14   2.1154E-04   2.1529E-04   0.98261
FLUX  620   875.00        3.426200E+14   2.0200E-04   2.1437E-04   0.94227
FLUX  621   877.00        3.418387E+14   2.0909E-04   2.1346E-04   0.97950
FLUX  622   879.00        3.410609E+14   2.1138E-04   2.1256E-04   0.99445
FLUX  623   881.00        3.402866E+14   2.1080E-04   2.1166E-04   0.99592
FLUX  624   883.00        3.395159E+14   2.0974E-04   2.1077E-04   0.99512
FLUX  625   885.00        3.387486E+14   2.0422E-04   2.0989E-04   0.97300
FLUX  626   887.00        3.379848E+14   1.9568E-04   2.0901E-04   0.93622
FLUX  627   889.00        3.372244E+14   2.0648E-04   2.0813E-04   0.99208
FLUX  628   891.00        3.364674E+14   2.0676E-04   2.0726E-04   0.99760
FLUX  629   893.00        3.357139E+14   2.0580E-04   2.0640E-04   0.99712
FLUX  630   895.00        3.349637E+14   2.0517E-04   2.0554E-04   0.99822
FLUX  631   897.00        3.342168E+14   2.0441E-04   2.0469E-04   0.99867
FLUX  632   899.00        3.334733E+14   2.0194E-04   2.0384E-04   0.99068
FLUX  633   901.00        3.327331E+14   1.8987E-04   2.0299E-04   0.93537
FLUX  634   903.00        3.319961E+14   1.9553E-04   2.0216E-04   0.96721
FLUX  635   905.00        3.312624E+14   2.0052E-04   2.0132E-04   0.99600
FLUX  636   907.00        3.305320E+14   1.9951E-04   2.0050E-04   0.99509
FLUX  637   909.00        3.298047E+14   1.9931E-04   1.9967E-04   0.99818
FLUX  638   911.00        3.290807E+14   1.9857E-04   1.9885E-04   0.99857
FLUX  639   913.00        3.283598E+14   1.9799E-04   1.9804E-04   0.99974
FLUX  640   915.00        3.276421E+14   1.9723E-04   1.9723E-04   0.99997
FLUX  641   917.00        3.269275E+14   1.9619E-04   1.9643E-04   0.99876
FLUX  642   919.00        3.262160E+14   1.9529E-04   1.9563E-04   0.99824
FLUX  643   921.00        3.255076E+14   1.9149E-04   1.9484E-04   0.98280
FLUX  644   923.00        3.248023E+14   1.7828E-04   1.9405E-04   0.91870
FLUX  645   925.00        3.241000E+14   1.9013E-04   1.9327E-04   0.98377
FLUX  646   927.00        3.234008E+14   1.9204E-04   1.9249E-04   0.99768
FLUX  647   929.00        3.227045E+14   1.9160E-04   1.9172E-04   0.99937
FLUX  648   931.00        3.220113E+14   1.9058E-04   1.9095E-04   0.99808
FLUX  649   933.00        3.213210E+14   1.9005E-04   1.9018E-04   0.99931
FLUX  650   935.00        3.206337E+14   1.8705E-04   1.8942E-04   0.98750
FLUX  651   937.00        3.199493E+14   1.8803E-04   1.8866E-04   0.99663
FLUX  652   939.00        3.192678E+14   1.8783E-04   1.8791E-04   0.99956
FLUX  653   941.00        3.185893E+14   1.8694E-04   1.8717E-04   0.99878
FLUX  654   943.00        3.179136E+14   1.8628E-04   1.8642E-04   0.99923
FLUX  655   945.00        3.172407E+14   1.8560E-04   1.8568E-04   0.99955
FLUX  656   947.00        3.165707E+14   1.8449E-04   1.8495E-04   0.99752
FLUX  657   949.00        3.159036E+14   1.8411E-04   1.8422E-04   0.99940
FLUX  658   951.00        3.152392E+14   1.8223E-04   1.8350E-04   0.99309
FLUX  659   953.00        3.145776E+14   1.7883E-04   1.8277E-04   0.97841
FLUX  660   955.00        3.139188E+14   1.6679E-04   1.8206E-04   0.91616
FLUX  661   957.00        3.132628E+14   1.7925E-04   1.8135E-04   0.98843
FLUX  662   959.00        3.126095E+14   1.8033E-04   1.8064E-04   0.99832
FLUX  663   961.00        3.119589E+14   1.7967E-04   1.7993E-04   0.99856
FLUX  664   963.00        3.113110E+14   1.7874E-04   1.7923E-04   0.99727
FLUX  665   965.00        3.106658E+14   1.7850E-04   1.7854E-04   0.99979
FLUX  666   967.00        3.100233E+14   1.7784E-04   1.7784E-04   0.99998
FLUX  667   969.00        3.093834E+14   1.7710E-04   1.7716E-04   0.99970
FLUX  668   971.00        3.087461E+14   1.7392E-04   1.7647E-04   0.98553
FLUX  669   973.00        3.081115E+14   1.7541E-04   1.7579E-04   0.99785
FLUX  670   975.00        3.074795E+14   1.7507E-04   1.7511E-04   0.99975
FLUX  671   977.00        3.068500E+14   1.7387E-04   1.7444E-04   0.99671
FLUX  672   979.00        3.062232E+14   1.7375E-04   1.7377E-04   0.99989
FLUX  673   981.00        3.055989E+14   1.7309E-04   1.7311E-04   0.99988
FLUX  674   983.00        3.049771E+14   1.7240E-04   1.7245E-04   0.99971
FLUX  675   985.00        3.043579E+14   1.7176E-04   1.7179E-04   0.99981
FLUX  676   987.00        3.037411E+14   1.7111E-04   1.7114E-04   0.99984
FLUX  677   989.00        3.031269E+14   1.7040E-04   1.7049E-04   0.99948
FLUX  678   991.00        3.025151E+14   1.6963E-04   1.6984E-04   0.99878
FLUX  679   993.00        3.019058E+14   1.6918E-04   1.6920E-04   0.99992
FLUX  680   995.00        3.012990E+14   1.6855E-04   1.6856E-04   0.99998
FLUX  681   997.00        3.006946E+14   1.6789E-04   1.6792E-04   0.99979
FLUX  682   999.00        3.000926E+14   1.6729E-04   1.6729E-04   0.99997
FLUX  683  1002.50        2.990449E+14   1.6283E-04   1.6619E-04   0.97976
FLUX  684  1007.50        2.975608E+14   1.5966E-04   1.6464E-04   0.96972
FLUX  685  1012.50        2.960914E+14   1.6114E-04   1.6312E-04   0.98791
FLUX  686  1017.50        2.946364E+14   1.6161E-04   1.6161E-04   0.99998
FLUX  687  1022.50        2.931956E+14   1.6007E-04   1.6012E-04   0.99970
FLUX  688  1027.50        2.917689E+14   1.5860E-04   1.5866E-04   0.99965
FLUX  689  1032.50        2.903559E+14   1.5684E-04   1.5721E-04   0.99761
FLUX  690  1037.50        2.889566E+14   1.5578E-04   1.5579E-04   0.99994
FLUX  691  1042.50        2.875707E+14   1.5404E-04   1.5438E-04   0.99780
FLUX  692  1047.50        2.861981E+14   1.5299E-04   1.5299E-04   0.99999
FLUX  693  1052.50        2.848385E+14   1.5161E-04   1.5162E-04   0.99991
FLUX  694  1057.50        2.834917E+14   1.5026E-04   1.5027E-04   0.99994
FLUX  695  1062.50        2.821576E+14   1.4893E-04   1.4894E-04   0.99997
FLUX  696  1067.50        2.808361E+14   1.4752E-04   1.4762E-04   0.99933
FLUX  697  1072.50        2.795268E+14   1.4632E-04   1.4632E-04   0.99998
FLUX  698  1077.50        2.782297E+14   1.4503E-04   1.4504E-04   0.99997
FLUX  699  1082.50        2.769446E+14   1.4282E-04   1.4377E-04   0.99337
FLUX  700  1087.50        2.756713E+14   1.4245E-04   1.4252E-04   0.99947
FLUX  701  1092.50        2.744096E+14   1.3493E-04   1.4129E-04   0.95499
FLUX  702  1097.50        2.731595E+14   1.3882E-04   1.4007E-04   0.99103
FLUX  703  1102.50        2.719206E+14   1.3857E-04   1.3887E-04   0.99787
FLUX  704  1107.50        2.706930E+14   1.3767E-04   1.3768E-04   0.99988
FLUX  705  1112.50        2.694764E+14   1.3650E-04   1.3651E-04   0.99992
FLUX  706  1117.50        2.682707E+14   1.3538E-04   1.3538E-04   0.99999
FLUX  707  1122.50        2.670757E+14   1.3420E-04   1.3424E-04   0.99972
FLUX  708  1127.50        2.658913E+14   1.3310E-04   1.3311E-04   0.99989
FLUX  709  1132.50        2.647174E+14   1.3196E-04   1.3200E-04   0.99969
FLUX  710  1137.50        2.635538E+14   1.3087E-04   1.3090E-04   0.99982
FLUX  711  1142.50        2.624004E+14   1.2980E-04   1.2981E-04   0.99989
FLUX  712  1147.50        2.612571E+14   1.2873E-04   1.2874E-04   0.99990
FLUX  713  1152.50        2.601236E+14   1.2768E-04   1.2768E-04   0.99999
FLUX  714  1157.50        2.590000E+14   1.2660E-04   1.2663E-04   0.99976
FLUX  715  1162.50        2.578860E+14   1.2490E-04   1.2560E-04   0.99448
FLUX  716  1167.50        2.567816E+14   1.2412E-04   1.2457E-04   0.99639
FLUX  717  1172.50        2.556866E+14   1.2356E-04   1.2356E-04   0.99998
FLUX  718  1177.50        2.546008E+14   1.2257E-04   1.2257E-04   0.99999
FLUX  719  1182.50        2.535243E+14   1.2154E-04   1.2158E-04   0.99968
FLUX  720  1187.50        2.524568E+14   1.2059E-04   1.2061E-04   0.99987
FLUX  721  1192.50        2.513983E+14   1.1963E-04   1.1965E-04   0.99987
FLUX  722  1197.50        2.503486E+14   1.1797E-04   1.1869E-04   0.99393
FLUX  723  1202.50        2.493077E+14   1.1775E-04   1.1776E-04   0.99999
FLUX  724  1207.50        2.482754E+14   1.1681E-04   1.1683E-04   0.99986
FLUX  725  1212.50        2.472515E+14   1.1586E-04   1.1591E-04   0.99955
FLUX  726  1217.50        2.462361E+14   1.1500E-04   1.1500E-04   0.99998
FLUX  727  1222.50        2.452290E+14   1.1410E-04   1.1411E-04   0.99997
FLUX  728  1227.50        2.442301E+14   1.1322E-04   1.1322E-04   0.99999
FLUX  729  1232.50        2.432393E+14   1.1234E-04   1.1234E-04   0.99992
FLUX  730  1237.50        2.422566E+14   1.1147E-04   1.1148E-04   0.99997
FLUX  731  1242.50        2.412817E+14   1.1062E-04   1.1062E-04   0.99999
FLUX  732  1247.50        2.403146E+14   1.0977E-04   1.0978E-04   0.99997
FLUX  733  1252.50        2.393553E+14   1.0882E-04   1.0894E-04   0.99891
FLUX  734  1257.50        2.384036E+14   1.0809E-04   1.0811E-04   0.99976
FLUX  735  1262.50        2.374594E+14   1.0729E-04   1.0730E-04   0.99993
FLUX  736  1267.50        2.365227E+14   1.0649E-04   1.0649E-04   0.99999
FLUX  737  1272.50        2.355933E+14   1.0568E-04   1.0569E-04   0.99993
FLUX  738  1277.50        2.346712E+14   1.0399E-04   1.0490E-04   0.99134
FLUX  739  1282.50        2.337563E+14   9.9317E-05   1.0412E-04   0.95390
FLUX  740  1287.50        2.328485E+14   1.0316E-04   1.0334E-04   0.99825
FLUX  741  1292.50        2.319478E+14   1.0258E-04   1.0258E-04   0.99998
FLUX  742  1297.50        2.310539E+14   1.0152E-04   1.0182E-04   0.99702
FLUX  743  1302.50        2.301670E+14   1.0105E-04   1.0108E-04   0.99977
FLUX  744  1307.50        2.292868E+14   1.0033E-04   1.0034E-04   1.00000
FLUX  745  1312.50        2.284133E+14   9.9604E-05   9.9604E-05   1.00000
FLUX  746  1317.50        2.275465E+14   9.8879E-05   9.8880E-05   0.99999
FLUX  747  1322.50        2.266862E+14   9.8164E-05   9.8164E-05   1.00000
FLUX  748  1327.50        2.258324E+14   9.7456E-05   9.7456E-05   1.00000
FLUX  749  1332.50        2.249850E+14   9.6753E-05   9.6755E-05   0.99997
FLUX  750  1337.50        2.241439E+14   9.6055E-05   9.6062E-05   0.99993
FLUX  751  1342.50        2.233091E+14   9.5334E-05   9.5377E-05   0.99956
FLUX  752  1347.50        2.224805E+14   9.4692E-05   9.4698E-05   0.99993
FLUX  753  1352.50        2.216580E+14   9.4014E-05   9.4027E-05   0.99986
FLUX  754  1357.50        2.208416E+14   9.3361E-05   9.3363E-05   0.99999
FLUX  755  1362.50        2.200312E+14   9.2693E-05   9.2705E-05   0.99987
FLUX  756  1367.50        2.192267E+14   9.2053E-05   9.2055E-05   0.99998
FLUX  757  1372.50        2.184280E+14   9.1379E-05   9.1411E-05   0.99965
FLUX  758  1377.50        2.176352E+14   9.0773E-05   9.0774E-05   0.99999
FLUX  759  1382.50        2.168481E+14   9.0143E-05   9.0144E-05   1.00000
FLUX  760  1387.50        2.160667E+14   8.9518E-05   8.9520E-05   0.99998
FLUX  761  1392.50        2.152908E+14   8.8888E-05   8.8902E-05   0.99983
FLUX  762  1397.50        2.145206E+14   8.8290E-05   8.8291E-05   0.99998
FLUX  763  1402.50        2.137558E+14   8.7670E-05   8.7686E-05   0.99982
FLUX  764  1407.50        2.129964E+14   8.7087E-05   8.7087E-05   0.99999
FLUX  765  1412.50        2.122425E+14   8.6490E-05   8.6495E-05   0.99995
FLUX  766  1417.50        2.114938E+14   8.5903E-05   8.5908E-05   0.99994
FLUX  767  1422.50        2.107504E+14   8.5327E-05   8.5327E-05   0.99999
FLUX  768  1427.50        2.100123E+14   8.4750E-05   8.4752E-05   0.99997
FLUX  769  1432.50        2.092792E+14   8.4180E-05   8.4183E-05   0.99997
FLUX  770  1437.50        2.085513E+14   8.3616E-05   8.3619E-05   0.99996
FLUX  771  1442.50        2.078284E+14   8.3061E-05   8.3061E-05   0.99999
FLUX  772  1447.50        2.071105E+14   8.2509E-05   8.2509E-05   1.00000
FLUX  773  1452.50        2.063976E+14   8.1960E-05   8.1962E-05   0.99998
FLUX  774  1457.00        2.057601E+14   8.1473E-05   8.1474E-05   0.99999
FLUX  775  1462.00        2.050564E+14   8.0950E-05   8.1351E-05   0.99507
FLUX  776  1467.50        2.042879E+14   8.0368E-05   8.0763E-05   0.99511
FLUX  777  1472.50        2.035942E+14   7.9835E-05   8.0234E-05   0.99503
FLUX  778  1477.50        2.029052E+14   7.8992E-05   7.9710E-05   0.99100
FLUX  779  1482.50        2.022209E+14   7.8811E-05   7.9191E-05   0.99520
FLUX  780  1487.50        2.015412E+14   7.8305E-05   7.8677E-05   0.99527
FLUX  781  1492.50        2.008660E+14   7.7801E-05   7.8168E-05   0.99531
FLUX  782  1497.50        2.001953E+14   7.7302E-05   7.7664E-05   0.99533
FLUX  783  1502.50        1.995291E+14   7.6803E-05   7.7165E-05   0.99532
FLUX  784  1507.50        1.988673E+14   7.6249E-05   7.6670E-05   0.99451
FLUX  785  1512.50        1.982099E+14   7.5827E-05   7.6180E-05   0.99536
FLUX  786  1517.50        1.975568E+14   7.5342E-05   7.5695E-05   0.99534
FLUX  787  1522.50        1.969080E+14   7.4869E-05   7.5215E-05   0.99540
FLUX  788  1527.50        1.962635E+14   7.4379E-05   7.4738E-05   0.99519
FLUX  789  1532.50        1.956232E+14   7.3900E-05   7.4267E-05   0.99506
FLUX  790  1537.50        1.949870E+14   7.3456E-05   7.3800E-05   0.99534
FLUX  791  1542.50        1.943549E+14   7.2932E-05   7.3337E-05   0.99447
FLUX  792  1547.50        1.937270E+14   7.2537E-05   7.2879E-05   0.99531
FLUX  793  1552.50        1.931031E+14   7.2073E-05   7.2424E-05   0.99516
FLUX  794  1557.50        1.924831E+14   7.1486E-05   7.1974E-05   0.99321
FLUX  795  1562.50        1.918672E+14   7.1272E-05   7.1528E-05   0.99642
FLUX  796  1567.50        1.912552E+14   7.0650E-05   7.1086E-05   0.99386
FLUX  797  1572.50        1.906471E+14   7.0073E-05   7.0649E-05   0.99185
FLUX  798  1577.50        1.900428E+14   7.0007E-05   7.0215E-05   0.99704
FLUX  799  1582.50        1.894423E+14   6.9553E-05   6.9785E-05   0.99667
FLUX  800  1587.50        1.888457E+14   6.8421E-05   6.9359E-05   0.98647
FLUX  801  1592.50        1.882527E+14   6.8578E-05   6.8937E-05   0.99479
FLUX  802  1597.50        1.876635E+14   6.8445E-05   6.8519E-05   0.99892
FLUX  803  1605.00        1.867866E+14   6.7648E-05   6.7899E-05   0.99629
FLUX  804  1615.00        1.856300E+14   6.6337E-05   6.7085E-05   0.98884
FLUX  805  1625.00        1.844877E+14   6.6284E-05   6.6286E-05   0.99997
FLUX  806  1635.00        1.833593E+14   6.5194E-05   6.5500E-05   0.99532
FLUX  807  1645.00        1.822447E+14   6.3782E-05   6.4729E-05   0.98539
FLUX  808  1655.00        1.811435E+14   6.3965E-05   6.3970E-05   0.99991
FLUX  809  1665.00        1.800556E+14   6.3220E-05   6.3225E-05   0.99992
FLUX  810  1675.00        1.789806E+14   6.2140E-05   6.2493E-05   0.99434
FLUX  811  1685.00        1.779184E+14   6.0711E-05   6.1774E-05   0.98280
FLUX  812  1695.00        1.768687E+14   6.1062E-05   6.1066E-05   0.99993
FLUX  813  1705.00        1.758314E+14   6.0185E-05   6.0371E-05   0.99691
FLUX  814  1715.00        1.748061E+14   5.9687E-05   5.9687E-05   0.99999
FLUX  815  1725.00        1.737928E+14   5.9013E-05   5.9015E-05   0.99997
FLUX  816  1735.00        1.727911E+14   5.6967E-05   5.8355E-05   0.97622
FLUX  817  1745.00        1.718009E+14   5.7613E-05   5.7705E-05   0.99841
FLUX  818  1755.00        1.708219E+14   5.7065E-05   5.7066E-05   0.99999
FLUX  819  1765.00        1.698541E+14   5.6437E-05   5.6437E-05   1.00000
FLUX  820  1775.00        1.688972E+14   5.5817E-05   5.5819E-05   0.99997
FLUX  821  1785.00        1.679510E+14   5.5206E-05   5.5210E-05   0.99992
FLUX  822  1795.00        1.670153E+14   5.4612E-05   5.4612E-05   1.00000
FLUX  823  1805.00        1.660900E+14   5.4022E-05   5.4023E-05   0.99998
FLUX  824  1815.00        1.651749E+14   5.2146E-05   5.3444E-05   0.97572
FLUX  825  1825.00        1.642699E+14   5.2690E-05   5.2873E-05   0.99653
FLUX  826  1835.00        1.633747E+14   5.2312E-05   5.2312E-05   0.99999
FLUX  827  1845.00        1.624892E+14   5.1758E-05   5.1760E-05   0.99998
FLUX  828  1855.00        1.616132E+14   5.1196E-05   5.1218E-05   0.99956
FLUX  829  1865.00        1.607466E+14   5.0197E-05   5.0683E-05   0.99040
FLUX  830  1875.00        1.598893E+14   4.8769E-05   5.0156E-05   0.97234
FLUX  831  1885.00        1.590411E+14   4.9626E-05   4.9637E-05   0.99979
FLUX  832  1895.00        1.582018E+14   4.9121E-05   4.9126E-05   0.99989
FLUX  833  1905.00        1.573714E+14   4.8519E-05   4.8623E-05   0.99787
FLUX  834  1915.00        1.565496E+14   4.8127E-05   4.8127E-05   0.99998
FLUX  835  1925.00        1.557364E+14   4.7639E-05   4.7639E-05   0.99999
FLUX  836  1935.00        1.549315E+14   4.7126E-05   4.7159E-05   0.99930
FLUX  837  1945.00        1.541350E+14   4.5340E-05   4.6685E-05   0.97119
FLUX  838  1955.00        1.533465E+14   4.6159E-05   4.6219E-05   0.99870
FLUX  839  1965.00        1.525662E+14   4.5759E-05   4.5760E-05   0.99999
FLUX  840  1975.00        1.517937E+14   4.5307E-05   4.5307E-05   1.00000
FLUX  841  1985.00        1.510290E+14   4.4860E-05   4.4861E-05   0.99997
FLUX  842  1995.00        1.502719E+14   4.4420E-05   4.4421E-05   0.99996
FLUX  843  2005.00        1.495224E+14   4.3988E-05   4.3988E-05   1.00000
FLUX  844  2015.00        1.487804E+14   4.3561E-05   4.3561E-05   1.00000
FLUX  845  2025.00        1.480457E+14   4.3141E-05   4.3141E-05   1.00000
FLUX  846  2035.00        1.473182E+14   4.2726E-05   4.2726E-05   1.00000
FLUX  847  2045.00        1.465978E+14   4.2311E-05   4.2317E-05   0.99984
FLUX  848  2055.00        1.458844E+14   4.1869E-05   4.1914E-05   0.99891
FLUX  849  2065.00        1.451780E+14   4.1517E-05   4.1517E-05   1.00000
FLUX  850  2075.00        1.444783E+14   4.1122E-05   4.1126E-05   0.99992
FLUX  851  2085.00        1.437854E+14   4.0739E-05   4.0740E-05   0.99999
FLUX  852  2095.00        1.430990E+14   4.0358E-05   4.0359E-05   0.99999
FLUX  853  2105.00        1.424192E+14   3.9982E-05   3.9983E-05   0.99998
FLUX  854  2115.00        1.417459E+14   3.9528E-05   3.9613E-05   0.99785
FLUX  855  2125.00        1.410788E+14   3.9248E-05   3.9248E-05   1.00000
FLUX  856  2135.00        1.404180E+14   3.8888E-05   3.8888E-05   0.99999
FLUX  857  2145.00        1.397634E+14   3.8528E-05   3.8533E-05   0.99987
FLUX  858  2155.00        1.391148E+14   3.8164E-05   3.8182E-05   0.99953
FLUX  859  2165.00        1.384723E+14   3.6669E-05   3.7837E-05   0.96914
FLUX  860  2175.00        1.378356E+14   3.7441E-05   3.7496E-05   0.99854
FLUX  861  2185.00        1.372048E+14   3.7148E-05   3.7159E-05   0.99970
FLUX  862  2195.00        1.365797E+14   3.6827E-05   3.6827E-05   1.00000
FLUX  863  2205.00        1.359603E+14   3.6500E-05   3.6500E-05   1.00000
FLUX  864  2215.00        1.353465E+14   3.6176E-05   3.6176E-05   1.00000
FLUX  865  2225.00        1.347382E+14   3.5855E-05   3.5857E-05   0.99993
FLUX  866  2235.00        1.341353E+14   3.5543E-05   3.5543E-05   1.00000
FLUX  867  2245.00        1.335379E+14   3.5232E-05   3.5232E-05   0.99999
FLUX  868  2255.00        1.329457E+14   3.4925E-05   3.4925E-05   0.99999
FLUX  869  2265.00        1.323587E+14   3.4623E-05   3.4623E-05   1.00000
FLUX  870  2275.00        1.317769E+14   3.4324E-05   3.4324E-05   1.00000
FLUX  871  2285.00        1.312002E+14   3.4090E-05   3.4097E-05   0.99980
FLUX  872  2295.00        1.306285E+14   3.3804E-05   3.3805E-05   0.99997
FLUX  873  2305.00        1.300618E+14   3.3507E-05   3.3517E-05   0.99970
FLUX  874  2315.00        1.295000E+14   3.3229E-05   3.3233E-05   0.99990
FLUX  875  2325.00        1.289430E+14   3.2951E-05   3.2952E-05   0.99997
FLUX  876  2335.00        1.283908E+14   3.2671E-05   3.2674E-05   0.99990
FLUX  877  2345.00        1.278433E+14   3.2397E-05   3.2400E-05   0.99990
FLUX  878  2355.00        1.273004E+14   3.2126E-05   3.2130E-05   0.99990
FLUX  879  2365.00        1.267622E+14   3.1859E-05   3.1862E-05   0.99990
FLUX  880  2375.00        1.262284E+14   3.1595E-05   3.1598E-05   0.99990
FLUX  881  2385.00        1.256992E+14   3.1337E-05   3.1338E-05   0.99997
FLUX  882  2395.00        1.251743E+14   3.1077E-05   3.1080E-05   0.99990
FLUX  883  2405.00        1.246538E+14   3.0822E-05   3.0826E-05   0.99989
FLUX  884  2415.00        1.241377E+14   3.0571E-05   3.0574E-05   0.99990
FLUX  885  2425.00        1.236258E+14   3.0313E-05   3.0326E-05   0.99957
FLUX  886  2435.00        1.231181E+14   3.0062E-05   3.0081E-05   0.99939
FLUX  887  2445.00        1.226145E+14   2.9807E-05   2.9839E-05   0.99893
FLUX  888  2455.00        1.221151E+14   2.9581E-05   2.9599E-05   0.99939
FLUX  889  2465.00        1.216197E+14   2.9328E-05   2.9363E-05   0.99883
FLUX  890  2475.00        1.211283E+14   2.9067E-05   2.9129E-05   0.99786
FLUX  891  2485.00        1.206408E+14   2.8895E-05   2.8898E-05   0.99990
FLUX  892  2495.00        1.201573E+14   2.8588E-05   2.8670E-05   0.99716
FLUX  893  2505.00        1.196776E+14   2.8438E-05   2.8444E-05   0.99980
FLUX  894  2515.00        1.192018E+14   2.8218E-05   2.8221E-05   0.99990
FLUX  895  2525.00        1.187297E+14   2.7896E-05   2.8001E-05   0.99626
FLUX  896  2535.00        1.182613E+14   2.7764E-05   2.7783E-05   0.99933
FLUX  897  2545.00        1.177967E+14   2.7567E-05   2.7568E-05   0.99998
FLUX  898  2555.00        1.173356E+14   2.7329E-05   2.7355E-05   0.99907
FLUX  899  2565.00        1.168782E+14   2.6996E-05   2.7144E-05   0.99454
FLUX  900  2575.00        1.164243E+14   2.6925E-05   2.6937E-05   0.99957
FLUX  901  2585.00        1.159739E+14   2.6730E-05   2.6731E-05   0.99998
FLUX  902  2595.00        1.155270E+14   2.6527E-05   2.6528E-05   0.99998
FLUX  903  2605.00        1.150835E+14   2.6262E-05   2.6327E-05   0.99755
FLUX  904  2615.00        1.146434E+14   2.5849E-05   2.6128E-05   0.98933
FLUX  905  2625.00        1.142067E+14   2.5078E-05   2.5932E-05   0.96710
FLUX  906  2635.00        1.137732E+14   2.5683E-05   2.5737E-05   0.99788
FLUX  907  2645.00        1.133431E+14   2.5545E-05   2.5545E-05   0.99997
FLUX  908  2655.00        1.129162E+14   2.5341E-05   2.5355E-05   0.99945
FLUX  909  2665.00        1.124925E+14   2.5128E-05   2.5167E-05   0.99845
FLUX  910  2675.00        1.120720E+14   2.4651E-05   2.4982E-05   0.98676
FLUX  911  2685.00        1.116546E+14   2.4753E-05   2.4798E-05   0.99820
FLUX  912  2695.00        1.112403E+14   2.4616E-05   2.4616E-05   0.99999
FLUX  913  2705.00        1.108290E+14   2.4436E-05   2.4436E-05   1.00000
FLUX  914  2715.00        1.104208E+14   2.4259E-05   2.4259E-05   1.00000
FLUX  915  2725.00        1.100156E+14   2.4083E-05   2.4083E-05   1.00000
FLUX  916  2735.00        1.096133E+14   2.3909E-05   2.3909E-05   0.99999
FLUX  917  2745.00        1.092140E+14   2.3726E-05   2.3737E-05   0.99955
FLUX  918  2755.00        1.088176E+14   2.3192E-05   2.3566E-05   0.98412
FLUX  919  2765.00        1.084240E+14   2.3264E-05   2.3398E-05   0.99426
FLUX  920  2775.00        1.080333E+14   2.3231E-05   2.3231E-05   0.99998
FLUX  921  2785.00        1.076454E+14   2.3066E-05   2.3066E-05   0.99998
FLUX  922  2795.00        1.072603E+14   2.2903E-05   2.2903E-05   1.00000
FLUX  923  2805.00        1.068779E+14   2.2741E-05   2.2742E-05   0.99998
FLUX  924  2815.00        1.064982E+14   2.2582E-05   2.2582E-05   0.99999
FLUX  925  2825.00        1.061212E+14   2.2424E-05   2.2424E-05   0.99999
FLUX  926  2835.00        1.057469E+14   2.2267E-05   2.2267E-05   1.00000
FLUX  927  2845.00        1.053752E+14   2.2113E-05   2.2113E-05   1.00000
FLUX  928  2855.00        1.050061E+14   2.1955E-05   2.1959E-05   0.99979
FLUX  929  2865.00        1.046396E+14   2.1718E-05   2.1808E-05   0.99589
FLUX  930  2875.00        1.042757E+14   2.1186E-05   2.1658E-05   0.97824
FLUX  931  2885.00        1.039142E+14   2.1489E-05   2.1509E-05   0.99905
FLUX  932  2895.00        1.035553E+14   2.1362E-05   2.1362E-05   0.99999
FLUX  933  2905.00        1.031988E+14   2.1217E-05   2.1217E-05   1.00000
FLUX  934  2915.00        1.028448E+14   2.1073E-05   2.1073E-05   1.00000
FLUX  935  2925.00        1.024932E+14   2.0930E-05   2.0930E-05   1.00000
FLUX  936  2935.00        1.021440E+14   2.0789E-05   2.0789E-05   0.99999
FLUX  937  2945.00        1.017971E+14   2.0649E-05   2.0649E-05   0.99999
FLUX  938  2955.00        1.014526E+14   2.0511E-05   2.0511E-05   1.00000
FLUX  939  2965.00        1.011105E+14   2.0374E-05   2.0374E-05   1.00000
FLUX  940  2975.00        1.007706E+14   2.0238E-05   2.0238E-05   1.00000
FLUX  941  2985.00        1.004330E+14   2.0104E-05   2.0104E-05   1.00000
FLUX  942  2995.00        1.000977E+14   1.9971E-05   1.9971E-05   0.99999
FLUX  943  3005.00        9.976456E+13   1.9839E-05   1.9839E-05   1.00000
FLUX  944  3015.00        9.943366E+13   1.9708E-05   1.9709E-05   0.99995
FLUX  945  3025.00        9.910496E+13   1.9575E-05   1.9579E-05   0.99979
FLUX  946  3035.00        9.877842E+13   1.9055E-05   1.9452E-05   0.97963
FLUX  947  3045.00        9.845402E+13   1.9122E-05   1.9325E-05   0.98948
FLUX  948  3055.00        9.813175E+13   1.9199E-05   1.9200E-05   0.99997
FLUX  949  3065.00        9.781158E+13   1.9075E-05   1.9075E-05   0.99997
FLUX  950  3075.00        9.749349E+13   1.8951E-05   1.8952E-05   0.99992
FLUX  951  3085.00        9.717747E+13   1.8829E-05   1.8831E-05   0.99990
FLUX  952  3095.00        9.686349E+13   1.8710E-05   1.8710E-05   1.00000
FLUX  953  3105.00        9.655153E+13   1.8590E-05   1.8590E-05   0.99998
FLUX  954  3115.00        9.624157E+13   1.8472E-05   1.8472E-05   0.99999
FLUX  955  3125.00        9.593360E+13   1.8354E-05   1.8355E-05   0.99998
FLUX  956  3135.00        9.562759E+13   1.8239E-05   1.8239E-05   1.00000
FLUX  957  3145.00        9.532353E+13   1.8123E-05   1.8124E-05   0.99999
FLUX  958  3155.00        9.502139E+13   1.8010E-05   1.8010E-05   1.00000
FLUX  959  3165.00        9.472117E+13   1.7897E-05   1.7897E-05   0.99999
FLUX  960  3175.00        9.442283E+13   1.7785E-05   1.7785E-05   1.00000
FLUX  961  3185.00        9.412637E+13   1.7674E-05   1.7674E-05   1.00000
FLUX  962  3195.00        9.383177E+13   1.7564E-05   1.7564E-05   1.00000
FLUX  963  3210.00        9.339330E+13   1.7401E-05   1.7401E-05   1.00000
FLUX  964  3230.00        9.281501E+13   1.7188E-05   1.7188E-05   1.00000
FLUX  965  3250.00        9.224385E+13   1.6978E-05   1.6978E-05   1.00000
FLUX  966  3270.00        9.167966E+13   1.6772E-05   1.6772E-05   0.99999
FLUX  967  3290.00        9.112234E+13   1.6275E-05   1.6586E-05   0.98121
FLUX  968  3310.00        9.057175E+13   1.6326E-05   1.6388E-05   0.99621
FLUX  969  3330.00        9.002778E+13   1.6190E-05   1.6192E-05   0.99985
FLUX  970  3350.00        8.949030E+13   1.6000E-05   1.6001E-05   0.99998
FLUX  971  3370.00        8.895920E+13   1.5812E-05   1.5812E-05   0.99998
FLUX  972  3390.00        8.843436E+13   1.5627E-05   1.5627E-05   0.99998
FLUX  973  3410.00        8.791569E+13   1.5445E-05   1.5445E-05   0.99998
FLUX  974  3430.00        8.740306E+13   1.5266E-05   1.5266E-05   0.99998
FLUX  975  3450.00        8.689638E+13   1.5090E-05   1.5090E-05   0.99998
FLUX  976  3470.00        8.639553E+13   1.4917E-05   1.4918E-05   0.99998
FLUX  977  3490.00        8.590043E+13   1.4747E-05   1.4748E-05   0.99998
FLUX  978  3510.00        8.541097E+13   1.4581E-05   1.4581E-05   0.99998
FLUX  979  3530.00        8.492705E+13   1.4416E-05   1.4417E-05   0.99998
FLUX  980  3550.00        8.444859E+13   1.4255E-05   1.4255E-05   0.99998
FLUX  981  3570.00        8.397549E+13   1.4096E-05   1.4097E-05   0.99998
FLUX  982  3590.00        8.350766E+13   1.3940E-05   1.3940E-05   0.99998
FLUX  983  3610.00        8.304501E+13   1.3787E-05   1.3787E-05   0.99998
FLUX  984  3630.00        8.258746E+13   1.3636E-05   1.3636E-05   0.99998
FLUX  985  3650.00        8.213493E+13   1.3487E-05   1.3487E-05   0.99997
FLUX  986  3670.00        8.168733E+13   1.3341E-05   1.3341E-05   0.99998
FLUX  987  3690.00        8.124458E+13   1.3192E-05   1.3197E-05   0.99961
FLUX  988  3710.00        8.080660E+13   1.3043E-05   1.3056E-05   0.99902
FLUX  989  3730.00        8.037332E+13   1.2805E-05   1.2917E-05   0.99134
FLUX  990  3750.00        7.994467E+13   1.2592E-05   1.2779E-05   0.98530
FLUX  991  3770.00        7.952056E+13   1.2644E-05   1.2645E-05   0.99997
FLUX  992  3790.00        7.910092E+13   1.2512E-05   1.2512E-05   0.99999
FLUX  993  3810.00        7.868569E+13   1.2367E-05   1.2381E-05   0.99883
FLUX  994  3830.00        7.827480E+13   1.2240E-05   1.2252E-05   0.99899
FLUX  995  3850.00        7.786818E+13   1.2125E-05   1.2125E-05   0.99999
FLUX  996  3870.00        7.746576E+13   1.2001E-05   1.2001E-05   0.99999
FLUX  997  3890.00        7.706748E+13   1.1877E-05   1.1878E-05   0.99990
FLUX  998  3910.00        7.667327E+13   1.1716E-05   1.1757E-05   0.99656
FLUX  999  3930.00        7.628308E+13   1.1637E-05   1.1637E-05   0.99998
FLUX 1000  3950.00        7.589683E+13   1.1520E-05   1.1520E-05   0.99999
FLUX 1001  3970.00        7.551448E+13   1.1404E-05   1.1404E-05   0.99999
FLUX 1002  3990.00        7.513596E+13   1.1290E-05   1.1290E-05   0.99999
FLUX 1003  4010.00        7.476122E+13   1.1150E-05   1.1178E-05   0.99745
FLUX 1004  4030.00        7.439020E+13   1.1009E-05   1.1068E-05   0.99474
FLUX 1005  4050.00        7.402284E+13   1.0756E-05   1.0959E-05   0.98155
FLUX 1006  4070.00        7.365909E+13   1.0851E-05   1.0851E-05   0.99997
FLUX 1007  4090.00        7.329890E+13   1.0745E-05   1.0745E-05   1.00000
FLUX 1008  4110.00        7.294221E+13   1.0641E-05   1.0641E-05   1.00000
FLUX 1009  4130.00        7.258898E+13   1.0533E-05   1.0538E-05   0.99949
FLUX 1010  4150.00        7.223916E+13   1.0435E-05   1.0437E-05   0.99980
FLUX 1011  4170.00        7.189269E+13   1.0243E-05   1.0337E-05   0.99093
FLUX 1012  4190.00        7.154952E+13   1.0234E-05   1.0239E-05   0.99956
FLUX 1013  4210.00        7.120962E+13   1.0142E-05   1.0142E-05   1.00000
FLUX 1014  4230.00        7.087293E+13   1.0046E-05   1.0046E-05   1.00000
FLUX 1015  4250.00        7.053941E+13   9.9489E-06   9.9515E-06   0.99974
FLUX 1016  4270.00        7.020902E+13   9.8584E-06   9.8584E-06   1.00000
FLUX 1017  4290.00        6.988170E+13   9.7572E-06   9.7667E-06   0.99903
FLUX 1018  4310.00        6.955742E+13   9.6762E-06   9.6762E-06   1.00000
FLUX 1019  4330.00        6.923614E+13   9.5869E-06   9.5869E-06   1.00000
FLUX 1020  4350.00        6.891782E+13   9.4987E-06   9.4989E-06   0.99998
FLUX 1021  4370.00        6.860240E+13   9.3103E-06   9.4121E-06   0.98918
FLUX 1022  4390.00        6.828986E+13   9.3009E-06   9.3264E-06   0.99726
FLUX 1023  4410.00        6.798016E+13   9.2419E-06   9.2420E-06   0.99999
FLUX 1024  4430.00        6.767325E+13   9.1586E-06   9.1586E-06   1.00000
FLUX 1025  4450.00        6.736910E+13   9.0763E-06   9.0764E-06   1.00000
FLUX 1026  4470.00        6.706767E+13   9.0002E-06   9.0002E-06   0.99999
FLUX 1027  4490.00        6.676893E+13   8.9200E-06   8.9201E-06   0.99999
FLUX 1028  4510.00        6.647284E+13   8.8408E-06   8.8411E-06   0.99998
FLUX 1029  4530.00        6.617936E+13   8.7629E-06   8.7630E-06   0.99999
FLUX 1030  4550.00        6.588846E+13   8.6860E-06   8.6860E-06   0.99999
FLUX 1031  4570.00        6.560011E+13   8.6100E-06   8.6101E-06   0.99999
FLUX 1032  4590.00        6.531427E+13   8.5350E-06   8.5350E-06   0.99999
FLUX 1033  4610.00        6.503091E+13   8.4594E-06   8.4610E-06   0.99980
FLUX 1034  4630.00        6.475000E+13   8.3863E-06   8.3879E-06   0.99980
FLUX 1035  4650.00        6.447150E+13   8.1136E-06   8.3158E-06   0.97569
FLUX 1036  4670.00        6.419540E+13   8.1014E-06   8.2445E-06   0.98264
FLUX 1037  4690.00        6.392164E+13   8.1543E-06   8.1742E-06   0.99756
FLUX 1038  4710.00        6.365021E+13   8.1046E-06   8.1048E-06   0.99998
FLUX 1039  4730.00        6.338108E+13   8.0361E-06   8.0362E-06   0.99999
FLUX 1040  4750.00        6.311421E+13   7.9684E-06   7.9685E-06   0.99998
FLUX 1041  4770.00        6.284958E+13   7.9016E-06   7.9017E-06   0.99999
FLUX 1042  4790.00        6.258716E+13   7.8356E-06   7.8356E-06   0.99999
FLUX 1043  4810.00        6.232692E+13   7.7704E-06   7.7704E-06   0.99999
FLUX 1044  4830.00        6.206884E+13   7.7060E-06   7.7060E-06   0.99999
FLUX 1045  4850.00        6.181289E+13   7.6424E-06   7.6424E-06   0.99999
FLUX 1046  4870.00        6.155903E+13   7.5795E-06   7.5796E-06   0.99999
FLUX 1047  4890.00        6.130726E+13   7.5175E-06   7.5175E-06   0.99999
FLUX 1048  4910.00        6.105753E+13   7.4562E-06   7.4562E-06   0.99999
FLUX 1049  4930.00        6.080984E+13   7.3956E-06   7.3956E-06   0.99999
FLUX 1050  4950.00        6.056414E+13   7.3357E-06   7.3358E-06   0.99999
FLUX 1051  4970.00        6.032042E+13   7.2766E-06   7.2767E-06   0.99999
FLUX 1052  4990.00        6.007866E+13   7.2182E-06   7.2182E-06   0.99999
FLUX 1053  5010.00        5.983882E+13   7.1604E-06   7.1605E-06   0.99999
FLUX 1054  5030.00        5.960089E+13   7.1034E-06   7.1034E-06   0.99999
FLUX 1055  5050.00        5.936485E+13   7.0470E-06   7.0471E-06   0.99999
FLUX 1056  5070.00        5.913067E+13   6.9913E-06   6.9914E-06   0.99999
FLUX 1057  5090.00        5.889833E+13   6.9362E-06   6.9363E-06   0.99998
FLUX 1058  5110.00        5.866781E+13   6.8715E-06   6.8819E-06   0.99849
FLUX 1059  5130.00        5.843908E+13   6.6914E-06   6.8281E-06   0.97998
FLUX 1060  5150.00        5.821214E+13   6.7699E-06   6.7750E-06   0.99925
FLUX 1061  5170.00        5.798694E+13   6.7223E-06   6.7224E-06   0.99998
FLUX 1062  5190.00        5.776349E+13   6.6704E-06   6.6705E-06   0.99999
FLUX 1063  5210.00        5.754175E+13   6.6191E-06   6.6191E-06   0.99999
FLUX 1064  5230.00        5.732170E+13   6.5683E-06   6.5684E-06   0.99999
FLUX 1065  5250.00        5.710333E+13   6.5181E-06   6.5182E-06   0.99998
FLUX 1066  5270.00        5.688662E+13   6.4684E-06   6.4686E-06   0.99998
FLUX 1067  5290.00        5.667155E+13   6.4194E-06   6.4195E-06   0.99999
FLUX 1068  5310.00        5.645810E+13   6.3709E-06   6.3710E-06   0.99999
FLUX 1069  5330.00        5.624625E+13   6.3230E-06   6.3230E-06   0.99999
FLUX 1070  5350.00        5.603598E+13   6.2755E-06   6.2756E-06   0.99999
FLUX 1071  5370.00        5.582728E+13   6.2273E-06   6.2287E-06   0.99979
FLUX 1072  5390.00        5.562013E+13   6.1810E-06   6.1823E-06   0.99980
FLUX 1073  5410.00        5.541451E+13   6.1363E-06   6.1364E-06   0.99999
FLUX 1074  5430.00        5.521040E+13   6.0910E-06   6.0910E-06   1.00000
FLUX 1075  5450.00        5.500780E+13   6.0461E-06   6.0462E-06   1.00000
FLUX 1076  5470.00        5.480667E+13   6.0017E-06   6.0018E-06   1.00000
FLUX 1077  5490.00        5.460701E+13   5.9578E-06   5.9579E-06   0.99999
FLUX 1078  5510.00        5.440880E+13   5.9143E-06   5.9144E-06   0.99997
FLUX 1079  5530.00        5.421202E+13   5.8620E-06   5.8715E-06   0.99837
FLUX 1080  5550.00        5.401667E+13   5.8289E-06   5.8290E-06   0.99999
FLUX 1081  5570.00        5.382271E+13   5.7869E-06   5.7870E-06   0.99999
FLUX 1082  5590.00        5.363014E+13   5.7454E-06   5.7454E-06   1.00000
FLUX 1083  5610.00        5.343895E+13   5.7042E-06   5.7042E-06   1.00000
FLUX 1084  5630.00        5.324911E+13   5.6635E-06   5.6635E-06   1.00000
FLUX 1085  5650.00        5.306062E+13   5.6232E-06   5.6233E-06   1.00000
FLUX 1086  5670.00        5.287346E+13   5.5834E-06   5.5834E-06   0.99999
FLUX 1087  5690.00        5.268761E+13   5.5438E-06   5.5440E-06   0.99997
FLUX 1088  5710.00        5.250306E+13   5.4847E-06   5.5050E-06   0.99632
FLUX 1089  5730.00        5.231981E+13   5.4658E-06   5.4664E-06   0.99990
FLUX 1090  5750.00        5.213783E+13   5.4281E-06   5.4281E-06   0.99999
FLUX 1091  5770.00        5.195711E+13   5.3903E-06   5.3903E-06   1.00000
FLUX 1092  5790.00        5.177763E+13   5.3529E-06   5.3529E-06   0.99999
FLUX 1093  5810.00        5.159940E+13   5.3159E-06   5.3159E-06   1.00000
FLUX 1094  5830.00        5.142238E+13   5.2792E-06   5.2792E-06   0.99999
FLUX 1095  5850.00        5.124658E+13   5.2447E-06   5.2448E-06   0.99999
FLUX 1096  5870.00        5.107198E+13   5.2088E-06   5.2088E-06   0.99998
FLUX 1097  5890.00        5.089856E+13   5.1626E-06   5.1733E-06   0.99793
FLUX 1098  5910.00        5.072631E+13   5.0126E-06   5.1381E-06   0.97558
FLUX 1099  5930.00        5.055523E+13   5.0966E-06   5.1032E-06   0.99870
FLUX 1100  5950.00        5.038529E+13   5.0383E-06   5.0687E-06   0.99399
FLUX 1101  5970.00        5.021650E+13   5.0219E-06   5.0346E-06   0.99749
FLUX 1102  5990.00        5.004883E+13   5.0007E-06   5.0008E-06   0.99998
FLUX 1103  6010.00        4.988228E+13   4.9672E-06   4.9673E-06   0.99999
FLUX 1104  6030.00        4.971683E+13   4.9341E-06   4.9341E-06   0.99998
FLUX 1105  6050.00        4.955248E+13   4.9013E-06   4.9013E-06   0.99999
FLUX 1106  6070.00        4.938921E+13   4.8688E-06   4.8688E-06   0.99999
FLUX 1107  6090.00        4.922701E+13   4.8367E-06   4.8367E-06   0.99999
FLUX 1108  6110.00        4.906588E+13   4.8048E-06   4.8048E-06   0.99999
FLUX 1109  6130.00        4.890579E+13   4.7733E-06   4.7733E-06   0.99999
FLUX 1110  6150.00        4.874675E+13   4.7420E-06   4.7421E-06   0.99999
FLUX 1111  6170.00        4.858874E+13   4.7111E-06   4.7111E-06   0.99999
FLUX 1112  6190.00        4.843174E+13   4.6805E-06   4.6805E-06   0.99999
FLUX 1113  6210.00        4.827576E+13   4.6501E-06   4.6502E-06   0.99999
FLUX 1114  6230.00        4.812079E+13   4.6201E-06   4.6201E-06   0.99999
FLUX 1115  6250.00        4.796680E+13   4.5903E-06   4.5904E-06   0.99999
FLUX 1116  6270.00        4.781380E+13   4.5565E-06   4.5609E-06   0.99904
FLUX 1117  6290.00        4.766176E+13   4.4823E-06   4.5317E-06   0.98909
FLUX 1118  6310.00        4.751070E+13   4.4944E-06   4.5028E-06   0.99815
FLUX 1119  6330.00        4.736058E+13   4.4741E-06   4.4741E-06   0.99998
FLUX 1120  6350.00        4.721142E+13   4.4457E-06   4.4458E-06   0.99999
FLUX 1121  6370.00        4.706319E+13   4.4176E-06   4.4176E-06   0.99999
FLUX 1122  6390.00        4.691588E+13   4.3898E-06   4.3898E-06   0.99999
FLUX 1123  6420.00        4.669665E+13   4.3485E-06   4.3485E-06   0.99999
FLUX 1124  6460.00        4.640751E+13   4.2944E-06   4.2944E-06   0.99999
FLUX 1125  6500.00        4.612192E+13   4.2412E-06   4.2412E-06   0.99999
FLUX 1126  6540.00        4.583983E+13   4.1890E-06   4.1891E-06   1.00000
FLUX 1127  6580.00        4.556117E+13   4.1378E-06   4.1378E-06   0.99999
FLUX 1128  6620.00        4.528588E+13   4.0875E-06   4.0875E-06   0.99999
FLUX 1129  6660.00        4.501389E+13   4.0381E-06   4.0381E-06   0.99999
FLUX 1130  6700.00        4.474515E+13   3.9896E-06   3.9896E-06   0.99999
FLUX 1131  6740.00        4.447960E+13   3.9390E-06   3.9420E-06   0.99925
FLUX 1132  6780.00        4.421718E+13   3.8608E-06   3.8952E-06   0.99117
FLUX 1133  6820.00        4.395784E+13   3.8491E-06   3.8492E-06   0.99998
FLUX 1134  6860.00        4.370153E+13   3.8040E-06   3.8040E-06   0.99999
FLUX 1135  6900.00        4.344819E+13   3.7596E-06   3.7596E-06   1.00000
FLUX 1136  6940.00        4.319777E+13   3.7159E-06   3.7160E-06   0.99999
FLUX 1137  6980.00        4.295021E+13   3.6731E-06   3.6731E-06   0.99999
FLUX 1138  7020.00        4.270548E+13   3.6309E-06   3.6309E-06   1.00000
FLUX 1139  7060.00        4.246353E+13   3.5895E-06   3.5895E-06   0.99999
FLUX 1140  7100.00        4.222430E+13   3.5487E-06   3.5488E-06   0.99999
FLUX 1141  7140.00        4.198774E+13   3.5087E-06   3.5087E-06   1.00000
FLUX 1142  7180.00        4.175383E+13   3.4694E-06   3.4694E-06   1.00000
FLUX 1143  7220.00        4.152251E+13   3.4306E-06   3.4306E-06   1.00000
FLUX 1144  7260.00        4.129373E+13   3.3925E-06   3.3926E-06   0.99998
FLUX 1145  7300.00        4.106747E+13   3.3551E-06   3.3551E-06   0.99999
FLUX 1146  7340.00        4.084366E+13   3.3182E-06   3.3183E-06   1.00000
FLUX 1147  7380.00        4.062229E+13   3.2820E-06   3.2820E-06   0.99999
FLUX 1148  7420.00        4.040330E+13   3.2424E-06   3.2464E-06   0.99878
FLUX 1149  7460.00        4.018666E+13   3.1554E-06   3.2113E-06   0.98260
FLUX 1150  7500.00        3.997233E+13   3.0989E-06   3.1768E-06   0.97548
FLUX 1151  7540.00        3.976028E+13   3.1380E-06   3.1428E-06   0.99845
FLUX 1152  7580.00        3.955046E+13   3.1094E-06   3.1094E-06   0.99999
FLUX 1153  7620.00        3.934285E+13   3.0765E-06   3.0765E-06   0.99999
FLUX 1154  7660.00        3.913740E+13   3.0441E-06   3.0441E-06   0.99999
FLUX 1155  7700.00        3.893409E+13   3.0122E-06   3.0123E-06   0.99999
FLUX 1156  7740.00        3.873288E+13   2.9808E-06   2.9809E-06   0.99999
FLUX 1157  7780.00        3.853374E+13   2.9463E-06   2.9500E-06   0.99874
FLUX 1158  7820.00        3.833664E+13   2.9195E-06   2.9196E-06   0.99998
FLUX 1159  7860.00        3.814154E+13   2.8896E-06   2.8896E-06   0.99999
FLUX 1160  7900.00        3.794842E+13   2.8601E-06   2.8601E-06   1.00000
FLUX 1161  7940.00        3.775724E+13   2.8310E-06   2.8310E-06   1.00000
FLUX 1162  7980.00        3.756798E+13   2.8024E-06   2.8024E-06   1.00000
FLUX 1163  8020.00        3.738061E+13   2.7742E-06   2.7742E-06   1.00000
FLUX 1164  8060.00        3.719510E+13   2.7465E-06   2.7465E-06   0.99999
FLUX 1165  8100.00        3.701142E+13   2.7191E-06   2.7191E-06   0.99999
FLUX 1166  8140.00        3.682955E+13   2.6867E-06   2.6921E-06   0.99799
FLUX 1167  8180.00        3.664945E+13   2.6637E-06   2.6656E-06   0.99929
FLUX 1168  8220.00        3.647111E+13   2.6394E-06   2.6394E-06   0.99999
FLUX 1169  8260.00        3.629449E+13   2.6136E-06   2.6136E-06   1.00000
FLUX 1170  8300.00        3.611958E+13   2.5882E-06   2.5882E-06   1.00000
FLUX 1171  8340.00        3.594634E+13   2.5631E-06   2.5631E-06   1.00000
FLUX 1172  8380.00        3.577476E+13   2.5384E-06   2.5384E-06   1.00000
FLUX 1173  8420.00        3.560481E+13   2.5141E-06   2.5141E-06   1.00000
FLUX 1174  8460.00        3.543647E+13   2.4901E-06   2.4901E-06   1.00000
FLUX 1175  8500.00        3.526971E+13   2.4664E-06   2.4664E-06   1.00000
FLUX 1176  8540.00        3.510451E+13   2.4431E-06   2.4431E-06   1.00000
FLUX 1177  8580.00        3.494085E+13   2.4201E-06   2.4201E-06   0.99999
FLUX 1178  8620.00        3.477871E+13   2.3974E-06   2.3974E-06   0.99998
FLUX 1179  8660.00        3.461807E+13   2.3633E-06   2.3750E-06   0.99505
FLUX 1180  8700.00        3.445891E+13   2.3525E-06   2.3530E-06   0.99979
FLUX 1181  8740.00        3.430120E+13   2.3122E-06   2.3312E-06   0.99185
FLUX 1182  8780.00        3.414493E+13   2.2908E-06   2.3098E-06   0.99176
FLUX 1183  8820.00        3.399008E+13   2.2886E-06   2.2886E-06   0.99999
FLUX 1184  8860.00        3.383662E+13   2.2677E-06   2.2678E-06   0.99999
FLUX 1185  8900.00        3.368455E+13   2.2472E-06   2.2472E-06   1.00000
FLUX 1186  8940.00        3.353384E+13   2.2268E-06   2.2268E-06   1.00000
FLUX 1187  8980.00        3.338447E+13   2.2068E-06   2.2068E-06   1.00000
FLUX 1188  9020.00        3.323642E+13   2.1870E-06   2.1870E-06   1.00000
FLUX 1189  9060.00        3.308968E+13   2.1675E-06   2.1675E-06   0.99999
FLUX 1190  9100.00        3.294423E+13   2.1482E-06   2.1483E-06   0.99999
FLUX 1191  9140.00        3.280005E+13   2.1292E-06   2.1293E-06   0.99999
FLUX 1192  9180.00        3.265713E+13   2.1105E-06   2.1105E-06   0.99999
FLUX 1193  9220.00        3.251546E+13   2.0920E-06   2.0920E-06   0.99999
FLUX 1194  9260.00        3.237500E+13   2.0737E-06   2.0737E-06   0.99999
FLUX 1195  9300.00        3.223575E+13   2.0557E-06   2.0557E-06   0.99999
FLUX 1196  9340.00        3.209770E+13   2.0378E-06   2.0379E-06   0.99998
FLUX 1197  9380.00        3.196082E+13   2.0048E-06   2.0203E-06   0.99232
FLUX 1198  9420.00        3.182511E+13   1.9994E-06   2.0030E-06   0.99823
FLUX 1199  9460.00        3.169054E+13   1.9858E-06   1.9858E-06   0.99999
FLUX 1200  9500.00        3.155710E+13   1.9689E-06   1.9689E-06   0.99999
FLUX 1201  9540.00        3.142479E+13   1.9522E-06   1.9522E-06   0.99999
FLUX 1202  9580.00        3.129358E+13   1.9357E-06   1.9358E-06   0.99999
FLUX 1203  9620.00        3.116346E+13   1.9195E-06   1.9195E-06   1.00000
FLUX 1204  9660.00        3.103442E+13   1.9034E-06   1.9034E-06   1.00000
FLUX 1205  9700.00        3.090644E+13   1.8875E-06   1.8875E-06   0.99999
FLUX 1206  9740.00        3.077952E+13   1.8718E-06   1.8718E-06   1.00000
FLUX 1207  9780.00        3.065363E+13   1.8563E-06   1.8564E-06   0.99999
FLUX 1208  9820.00        3.052877E+13   1.8410E-06   1.8411E-06   0.99999
FLUX 1209  9860.00        3.040492E+13   1.8259E-06   1.8259E-06   0.99998
FLUX 1210  9900.00        3.028207E+13   1.8110E-06   1.8110E-06   0.99999
FLUX 1211  9940.00        3.016021E+13   1.7963E-06   1.7963E-06   1.00000
FLUX 1212  9980.00        3.003933E+13   1.7817E-06   1.7817E-06   1.00000
FLUX 1213 10020.00        2.991941E+13   1.7673E-06   1.7673E-06   1.00000
FLUX 1214 20000.00        1.498962E+13   4.3297E-07   4.3297E-07   1.00000
FLUX 1215 40000.00        7.494812E+12   1.0492E-07   1.0492E-07   1.00000
FLUX 1216 60000.00        4.996542E+12   4.5723E-08   4.5723E-08   1.00000
FLUX 1217 80000.00        3.747406E+12   2.5350E-08   2.5350E-08   1.00000
FLUX 1218100000.00        2.997925E+12   1.6042E-08   1.6042E-08   1.00000
FLUX 1219120000.00        2.498271E+12   1.1038E-08   1.1038E-08   1.00000
FLUX 1220140000.00        2.141375E+12   8.0470E-09   8.0470E-09   1.00000
FLUX 1221160000.00        1.873703E+12   6.1202E-09   6.1202E-09   1.00000
FLUX
