        WAVELENGTH               g40
                1E                1E
         ANGSTROMS              FLAM
         90.900002                 0
         93.500008                 0
         96.099998                 0
         97.700005                 0
         99.599998                 0
               102                 0
             103.8                 0
         105.60001                 0
             107.7                 0
             110.4                 0
               114                 0
             117.8                 0
             121.3                 0
             124.8                 0
             127.1                 0
         128.40001                 0
             130.5                 0
         132.39999                 0
         133.90001                 0
         136.60001                 0
             139.8                 0
             143.3                 0
             147.2                 0
               151                 0
         155.20001                 0
             158.8                 0
         162.00002                 0
               166                 0
             170.3                 0
         173.40001                 0
             176.8                 0
         180.20001                 0
             181.7                 0
         186.10001                 0
               191                 0
         193.89999                 0
         198.40001                 0
             201.8                 0
               205                 0
             210.5                 0
         216.20001                 0
             219.8                 0
               223                 0
             226.8                 0
               230                 0
               234                 0
               240                 0
             246.5                 0
         252.39999                 0
         256.80002                 0
               260                 0
               264                 0
             268.5                 0
             273.5                 0
             278.5                 0
               284                 0
               290                 0
               296                 0
               301                 0
               308                 0
               318                 0
               328                 0
               338                 0
               348                 0
               357                 0
               366                 0
               375                 0
               385                 0
               395                 0
               405                 0
         414.00003                 0
               422                 0
               430                 0
               441                 0
               451                 0
               460                 0
               470                 0
               480                 0
               490                 0
               500                 0
               506     2.4076456E-07
               512     4.2003927E-07
               520     7.6067778E-07
               530     1.5656643E-06
               540     3.0993699E-06
               550     6.0513494E-06
               560     1.1487876E-05
               570     2.1323707E-05
               580     3.8562233E-05
               590     6.9087451E-05
               600     0.00012084676
               610     0.00020782439
               620     0.00035119039
               630     0.00058404135
               640     0.00095608225
               650      0.0015441043
         658.00006      0.0022417754
               665       0.003082762
               675      0.0048089204
               685      0.0074098418
               695        0.01127637
               705       0.016936099
               716       0.026219808
               726       0.038528893
               735       0.053997155
               745       0.077806599
               755        0.11105129
               765        0.15704586
               775        0.22006391
               785        0.30575553
               795        0.42027628
               805        0.57491618
               815        0.77991951
               825         1.0493379
               835         1.4006393
               845         1.8583133
               855         2.4472725
               865         3.2014976
               875         4.1593995
               885         5.3751636
               895         6.9008656
               905         8.8006868
               915         317.79495
               925          2006.088
               935         3293.1731
               945         5343.6851
               955         7858.6626
               965         10259.479
               975         9118.0156
               985         14258.853
               995         15499.973
              1005           19630.9
              1015         22800.012
              1025          16315.99
              1035         28469.705
              1045         34286.859
              1055         39246.105
              1065         42219.316
              1075         49551.566
              1085         55285.906
              1095         58670.066
              1105         1242660.5
              1115         4189950.8
              1125         5409439.5
              1135           5336472
              1145         4360334.5
              1155         4660751.5
              1165         4374289.5
              1175           2577716
              1185         1068358.8
              1195         209925.94
              1205         206025.45
              1215          54502.75
              1225         221103.91
              1235         507881.22
              1245         4324066.5
              1255          13869440
              1265          11770935
              1275          48063912
              1285          76346528
              1295          79592952
              1305          50609000
              1315          93571240
              1325     1.0639758E+08
              1335          94084056
              1345     1.2655593E+08
              1355      1.194646E+08
              1365     1.0532418E+08
              1375      1.238057E+08
              1385     1.2169637E+08
              1395     1.3237858E+08
              1405     1.3202001E+08
              1415     1.1847989E+08
              1425     1.3300798E+08
              1435     1.1857936E+08
              1442      1.348419E+08
              1447     1.5168653E+08
              1455     1.4669357E+08
              1465     1.2904738E+08
              1475     1.2348706E+08
              1485     1.3560398E+08
              1495     1.4706312E+08
              1505     1.4967594E+08
              1512     1.3031647E+08
              1517     1.4505493E+08
              1525     1.1940685E+08
              1535     1.0263805E+08
              1545     1.4094336E+08
              1555     1.2318554E+08
              1565     1.1240271E+08
              1575     1.2562009E+08
              1585     1.3759477E+08
              1595     1.4792152E+08
              1605     1.3725957E+08
              1615     1.3478939E+08
              1625     1.1932251E+08
              1635      1.287653E+08
              1645     1.3575534E+08
              1655     1.0891661E+08
              1665     1.3285058E+08
              1672          90475928
              1677     1.2622744E+08
              1685     1.4188302E+08
              1695     1.2837571E+08
              1705     1.2126416E+08
              1715     1.1956081E+08
              1725      1.174709E+08
              1735     1.2610139E+08
              1745     1.2350223E+08
              1755      1.378969E+08
              1765     1.1498095E+08
              1775      1.300359E+08
              1785     1.2795635E+08
              1795      1.429039E+08
              1805     1.3533515E+08
              1815      1.322469E+08
              1825     1.2786071E+08
              1835     1.2218587E+08
              1845     1.1088233E+08
              1855     1.1875518E+08
              1865     1.1954298E+08
              1875      1.253116E+08
              1885     1.2257542E+08
              1895      1.227329E+08
              1905     1.1636105E+08
              1915     1.2189826E+08
              1925     1.2284119E+08
              1935     1.1861668E+08
              1945      1.252374E+08
              1955     1.2280622E+08
              1967     1.2841062E+08
         1976.0001     1.2695407E+08
              1984       1.22439E+08
              1995     1.1768494E+08
              2005     1.1631714E+08
              2015     1.1134273E+08
              2025     1.1170651E+08
              2035     1.1385902E+08
              2045      1.189189E+08
              2055     1.1332177E+08
              2065     1.1082217E+08
              2074     1.1721054E+08
              2078     1.1926366E+08
              2085     1.1754561E+08
              2095     1.1286398E+08
              2105     1.0869093E+08
              2115     1.0869302E+08
              2125     1.1086773E+08
              2135          94392848
              2145     1.0499431E+08
              2155      1.066018E+08
              2165     1.0055576E+08
              2175          98805016
              2185          98896944
              2195     1.0534791E+08
              2205     1.0026464E+08
              2215          92005240
              2225          89513544
              2235          99846032
              2245          89323536
              2255          87199512
              2265          87995376
              2275          92922896
              2285          96029288
              2295          90187424
              2305          88300432
              2315          84235328
              2325          66078056
              2335          78549064
              2345          72399880
              2355          83435968
              2365          72574776
              2375          77254576
              2385          67408768
              2395          74977960
              2405          70805992
              2415          72998400
              2425          78650128
              2435          74682440
              2445          80387312
              2455          76877192
              2465          76918112
              2475          73351928
              2485          77509080
              2495          74444056
              2505          82958416
              2513          73417216
              2518          74480680
              2525          69394328
              2535          68466864
              2545          68517328
              2555          74174296
              2565          73413832
              2575          78645720
              2585          78190640
              2595          76056296
              2605          72853160
              2615          72010552
              2625          77077856
              2635          76933424
              2645          85474856
              2655          84073280
              2665          77285112
              2675          80551672
              2685          79775104
              2695          76367664
              2705          78368104
              2715          74336960
              2725          74964312
              2735          80450680
              2745          68146232
              2755          68942928
              2765          71529864
              2775          75736240
              2785          72400480
              2795          47425348
              2805          54503164
              2815          76218712
              2825          78328304
              2835          75334600
              2845          72636976
              2855          71065992
              2865          75385328
              2875          73052376
              2885          74461432
              2895          71929640
              2910          78592832
              2930          75417176
              2950          75038728
              2970          75419552
              2990          75808776
              3010          76883768
              3030          75634144
              3050          74924912
              3070          73927888
              3090          74642976
              3110          72720064
              3130          72401272
              3150          72737736
              3170          71976512
              3190          69340528
              3210          70643584
              3230          69200904
              3250          69486032
              3270          69561728
              3290          69620008
              3310          69633976
              3330          68290440
              3350          67255912
              3370          67096888
              3390          66199340
              3410          66931604
              3430          66438332
              3450          65936132
              3470          64996784
              3490          64569452
              3510          64881508
              3530          64740952
              3550          64467912
              3570          63392900
              3590          62945768
              3610          62519080
              3630          62180864
              3640          61890860
              3650          63036780
              3670          60925112
              3690          55604408
              3710          61337316
              3730          63955008
              3750          81346984
              3770          85456096
              3790     1.0725622E+08
              3810     1.2615815E+08
              3830          98355328
              3850     1.3854074E+08
              3870     1.5699931E+08
              3890          84689104
              3910     1.5504546E+08
              3930     1.5037118E+08
              3950     1.5343752E+08
              3970          79926352
              3990     1.4687899E+08
              4010     1.6091538E+08
              4030     1.5989512E+08
              4050     1.5816131E+08
              4070     1.5077723E+08
              4090     1.1688527E+08
              4110          88071256
              4130     1.4120904E+08
              4150     1.4746134E+08
              4170     1.4583358E+08
              4190      1.441271E+08
              4210     1.4232314E+08
              4230     1.3956558E+08
              4250     1.3758144E+08
              4270      1.344691E+08
              4290     1.3346182E+08
              4310     1.2590467E+08
              4330          93806368
              4350          79355784
              4370     1.2172737E+08
              4390     1.2326754E+08
              4410     1.2296754E+08
              4430     1.2166776E+08
              4450     1.2143266E+08
              4470     1.1962444E+08
              4490      1.166756E+08
              4510     1.1640246E+08
              4530     1.1456729E+08
              4550      1.117899E+08
              4570     1.1221877E+08
              4590     1.0993582E+08
              4610     1.1014686E+08
              4630     1.0724135E+08
              4650     1.0720591E+08
              4670     1.0561077E+08
              4690     1.0340002E+08
              4710     1.0027872E+08
              4730     1.0159794E+08
              4750     1.0025663E+08
              4770          98954056
              4790          97466096
              4810          95230840
              4830          91029992
              4850          70017640
              4870          56308868
              4890          85717160
              4910          89228544
              4930          88302992
              4950          88112112
              4970          87521816
              4990          86210400
              5010          84129120
              5030          83890264
              5050          82232928
              5070          82200984
              5090          81242184
              5110          80173216
              5130          79284472
              5150          78019320
              5170          76404864
              5190          75664688
              5210          75380512
              5230          73940144
              5250          73835752
              5270          72051504
              5290          72188912
              5310          70781672
              5330          70104280
              5350          69840400
              5370          68848224
              5390          68113904
              5410          67091200
              5430          66495672
              5450          65959056
              5470          65185500
              5490          64501436
              5510          63780892
              5530          63009944
              5550          62426996
              5570          61688060
              5590          61079852
              5610          60482328
              5630          59813296
              5650          59090832
              5670          58447360
              5690          57873140
              5710          57258140
              5730          56676684
              5750          56016472
              5770          55439840
              5790          54796788
              5810          54248308
              5830          53682776
              5850          53125900
              5870          52459456
              5890          51664000
              5910          51440040
              5930          50925444
              5950          50269744
              5970          49823564
              5990          49199516
              6010          48770392
              6030          48318936
              6050          47793124
              6070          47331460
              6090          46846376
              6110          46358548
              6130          45863048
              6150          44928760
              6170          44924944
              6190          44525972
              6210          44075508
              6230          43603704
              6250          42896876
              6270          42769312
              6290          42350168
              6310          41858832
              6330          41491316
              6350          40640828
              6370          40378600
              6390          40254476
              6410          39804712
              6430          39462712
              6450          38789132
              6470          38605492
              6490          38045032
              6510          37477392
              6530          36276328
              6550          31252754
         6561.2476          25164588
              6590          34164000
              6610          35544952
              6630          35573368
              6650          35366528
              6670          35076008
              6690          34813564
              6710          34513464
              6730          34141448
              6750          33859228
              6770          33564124
              6790          33245756
              6810          32939474
              6830          32616016
              6850          32319048
              6870          32032174
              6890          31741730
              6910          31444634
              6930          31148082
              6950          30868460
              6970          30586874
              6990          30324194
              7010          29975844
              7030          29759030
              7050          29479004
              7070          29233314
              7090          28980936
              7110          28552072
              7130          28425468
              7150          28169392
              7170          27943576
              7190          27693596
              7210          27457556
              7230          27191984
              7250          26938240
              7270          26741050
              7290          26488188
              7310          26250384
              7330          26042820
              7350          25821788
              7370          25600682
              7390          25367104
              7410          25072548
              7430          24844942
              7450          24668286
              7470          24393240
              7490          24246356
              7510          24056600
              7530          23881144
              7550          23687376
              7570          23483486
              7590          23285338
              7610          23094800
              7630          22893644
              7650          22689122
              7670          22493462
              7690          22314182
              7710          22103502
              7730          21951444
              7750          21768042
              7770          21165656
              7790          21410972
              7810          21236602
              7830          21048370
              7850          20848938
              7870          20615984
              7890          20423848
              7910          20341170
              7930          20200354
              7950          19939100
              7970          19886602
              7990          19505682
              8010          19560476
              8030          19397140
              8050          19248554
              8070          19086742
              8090          18936650
              8110          18784944
              8130          18643046
              8150          18496076
              8170          18350320
              8190          18114778
              8210          18060162
              8230          17899074
              8250          17827894
              8270          17791892
              8290          17631050
              8310          17493368
              8330          17231386
              8350          17043036
              8370          16817570
              8390          16504678
              8410          16208951
              8430          15956661
              8450          15761448
              8470          15309011
              8490          15869904
              8510          14839788
              8530          16061586
              8550          13979261
              8570          16458800
              8590          14769397
              8610          14391376
              8630          16735561
              8650          15578758
              8670          12770532
              8690          15987425
              8710          16877962
              8730          15810113
              8750          12305829
              8770          14889867
              8790          16550197
              8810          16683850
              8830          16100053
              8850          14019197
              8870          11831946
              8890          15162245
              8910          16005376
              8930          16107614
              8950          16099668
              8970          15765285
              8990          14790916
              9010          11552495
              9030          12647173
              9050          14815312
              9070          15070151
              9090          15028075
              9110          15180504
              9130          15127625
              9150          15026469
              9170          14786268
              9190          14312937
              9210          13057462
              9230          10075725
              9250          12499634
              9270          13546580
              9290          14128684
              9310          14158887
              9330          14086130
              9350          14016021
              9370          13924929
              9390          13735784
              9410          13518764
              9430          13584763
              9450          13475857
              9470          13324058
              9490          13111928
              9510          12678606
              9530          11362777
              9550           9093329
              9570          11488882
              9590          12406922
              9610          12543390
              9630          12423906
              9650          12534284
              9670          12387410
              9690          12373240
              9710          12329911
              9730          12236301
              9750          12143351
              9770          12067637
              9790          11977896
              9810          11886045
              9830          11777298
              9850          11691079
              9870          11610875
              9890          11467288
              9910          11434858
              9930          11329624
              9950          11248354
              9970          11143009
              9990          10978774
             10025           9817422
             10075           9306768
             10125          10446888
             10175          10416154
             10225          10278500
             10275          10105559
             10325           9927701
             10375           9761896
             10425           9600540
             10475           9411941
             10525           9254373
             10575           9114852
             10625           8972869
             10675           8734624
             10725           8640271
             10775           8513219
             10825           8349881
             10875           8100625
             10925           6757471
             10975         7389758.5
             11025         7799256.5
             11075         7730836.5
             11125         7627714.5
             11175           7509834
             11225         7392550.5
             11275         7195849.5
             11325         7093383.5
             11375         7043681.5
             11425           6930502
             11475         6835332.5
             11525           6732474
             11575           6627759
             11625         6500340.5
             11675           6383424
             11725         6330741.5
             11775         6174384.5
             11825           6119317
             11875           6015798
             11925         5961483.5
             11975         5852169.5
             12025         5782500.5
             12075         5688461.5
             12125           5608074
             12175           5531608
             12225           5449145
             12275         5364338.5
             12325           5289903
             12375         5215754.5
             12425         5146285.5
             12475           5056458
             12525         4998397.5
             12575           4909412
             12625           4848385
             12675           4775503
             12725         4684305.5
             12775         4464192.5
             12825         3824092.5
             12875           4388524
             12925           4435820
             12975           4394762
             13025         4343764.5
             13075         4284823.5
             13125           4225996
             13175         4157519.2
             13225           4112357
             13275         4056852.2
             13325           4002488
             13375         3948611.8
             13425           3895007
             13475         3841257.2
             13525         3786547.2
             13575         3738466.8
             13625           3690785
             13675         3639267.8
             13725         3586001.8
             13775         3548501.2
             13825         3502578.5
             13875         3458593.5
             13925         3410681.2
             13975         3368958.2
             14025         3326210.8
             14075         3283984.5
             14125         3241138.8
             14175         3200314.5
             14225         3159610.8
             14275           3119583
             14325           3080219
             14375         3042056.5
             14425         2983345.5
             14475         2965827.5
             14525         2918301.8
             14570           2896044
             14620           2863755
             14675         2828859.2
             14725           2794391
             14775           2754801
             14825         2726479.8
             14875           2687920
             14925           2662161
             14975         2623582.2
             15025         2586958.8
             15075         2547115.5
             15125           2512682
             15175         2474065.8
             15225           2440940
             15275         2403350.5
             15325         2366198.8
             15375         2354818.2
             15425         2290808.8
             15475         2302143.8
             15525         2271239.8
             15575         2184776.2
             15625         2275900.2
             15675         2165728.8
             15725         2100330.5
             15775           2214355
             15825         2175412.5
             15875         1965155.2
             15925         2081181.5
             15975           2149366
             16050         2056349.1
             16150         1924943.8
             16250         2026872.1
             16350         1911397.2
             16450         1793142.4
             16550         1898902.1
             16650         1859581.9
             16750         1744658.9
             16850         1634315.5
             16950         1738347.4
             17050         1707907.9
             17150         1670884.9
             17250         1619410.6
             17350         1432845.4
             17450         1529921.2
             17550         1529293.1
             17650         1500766.2
             17750         1471109.6
             17850         1440247.8
             17950         1410565.1
             18050           1368268
             18150           1224805
             18250         1280756.1
             18350         1295029.2
             18450         1273171.4
             18550         1243934.9
             18650         1209293.6
             18750         1078982.9
             18850         1156944.1
             18950         1148437.6
             19050         1129975.9
             19150         1108035.2
             19250         1083743.4
             19350           1049731
             19450         937308.69
             19550         1010029.2
             19650         1003970.6
             19750         986392.62
             19850         968352.31
             19950          950244.5
             20050         932626.94
             20150            915330
             20250         898374.31
             20350         881816.12
             20450         865808.19
             20550         850024.88
             20650         834408.56
             20750         819473.25
             20850         804819.94
             20950         790425.56
             21050         776250.81
             21150         761769.19
             21250         748350.88
             21350         735133.56
             21450         721310.88
             21550          701571.5
             21650         631200.19
             21750         672116.19
             21850         672140.94
             21950         662895.12
             22050         651487.75
             22150         640082.25
             22250            629791
             22350         619175.19
             22450         608842.69
             22550         598542.81
             22650         588738.56
             22750            579003
             22850         572156.75
             22950         571437.31
             23050         561639.81
             23150         550724.56
             23250         540254.75
             23350         529929.75
             23450         520076.06
             23550         510526.56
             23650         501449.62
             23750         492500.38
             23850         483630.44
             23950         475009.31
             24050         467068.19
             24150            458919
             24250         451541.59
             24350         444568.25
             24450         436389.12
             24550         431466.09
             24650         422820.22
             24750         417325.56
             24850         413857.62
             24950         399919.66
             25050         407641.72
             25150         397551.12
             25250         379340.66
             25350         383494.16
             25450         381800.88
             25550         371610.12
             25650         353681.59
             25750         362365.75
             25850         360525.97
             25950         354659.03
             26050         341870.78
             26150          324496.5
             26250            308295
             26350         328341.16
             26450         330025.69
             26550         325556.12
             26650         316587.78
             26750         295356.12
             26850         307724.12
             26950         308058.91
             27050         304771.12
             27150         300848.75
             27250         296539.25
             27350         291539.28
             27450         285084.25
             27550          264653.5
             27650         269858.19
             27750         274853.88
             27850         272504.78
             27950         269183.94
             28050         265520.38
             28150         261906.75
             28250         258361.12
             28350         254905.83
             28450         251059.75
             28550         246641.91
             28650          237382.3
             28750         222247.31
             28850         234957.94
             28950         234232.03
             29050         232108.83
             29150         228914.11
             29250         226074.58
             29350         223137.19
             29450         220247.44
             29550         217408.91
             29650          214599.3
             29750         211843.77
             29850         209132.97
             29950         206445.19
             30050         203780.16
             30150         200619.53
             30250         196611.02
             30350         183011.02
             30450         184561.64
             30550         189749.25
             30650         188513.11
             30750         186528.02
             30850         184109.42
             30950         181938.41
             31050            179686
             31150         177450.95
             31250         175260.08
             31350         173162.47
             31450         171007.98
             31550         168990.84
             31650         166954.38
             31750         164910.25
             31850         162955.31
             31950         160988.39
             32100         158108.98
             32300         154384.05
             32500         150752.81
             32700         146800.47
             32900         136062.34
             33100         138645.58
             33300         138096.11
             33500         134998.56
             33700         131676.05
             33900         128589.46
             34100         125585.46
             34300          122677.8
             34500         119876.39
             34700         117112.48
             34900         114428.61
             35100         111847.06
             35300         109337.65
             35500         106940.34
             35700         104527.63
             35900         102404.52
             36100         100021.28
             36300          98135.93
             36500         95714.555
             36700         94243.445
             36900         91428.953
             37100         90194.039
             37300         86161.492
             37500         83032.062
             37700         84880.914
             37900         83468.133
             38100         80691.797
             38300         79240.039
             38500         78660.352
             38700         77124.984
             38900         75074.227
             39100         72159.383
             39300         72465.891
             39500         71400.711
             39700         70047.305
             39900         68662.953
             40100         65939.133
             40300         64279.551
             40500         61629.676
             40700          63138.27
             40900         62346.625
             41100         61217.223
             41300         60036.035
             41500          58518.18
             41700         55494.887
             41900         56313.965
             42100         55710.051
             42300         54738.125
             42500         53742.355
             42700         52771.066
             42900         51819.605
             43100         50889.566
             43300         49976.473
             43500         48874.914
             43700         46294.074
             43900         46535.898
             44100         46457.629
             44300         45724.273
             44500         44929.898
             44700         44336.422
             44900         43568.582
             45100         42823.703
             45300         42084.746
             45500         41371.656
             45700         40667.602
             45900         39977.801
             46100          39254.09
             46300         38363.875
             46500          35915.93
             46700         35325.656
             46900         36253.031
             47100          36064.68
             47300         35558.273
             47500         34970.602
             47700         34404.766
             47900         33850.426
             48100         33302.465
             48300          32767.24
             48500         32242.902
             48700         31729.232
             48900         31224.443
             49100         30729.934
             49300         30245.508
             49500         29770.969
             49700         29304.596
             49900         28847.752
             50100         28400.258
             50300         27960.443
             50500         27531.125
             50700         27107.693
             50900         26650.797
             51100         25982.355
             51300         24510.402
             51500         25279.184
             51700         25089.613
             51900         24737.182
             52100         24367.199
             52300         24004.896
             52500         23648.762
             52700         23300.047
             52900         22957.266
             53100         22620.312
             53300         22289.088
             53500         21964.811
             53700         21646.041
             53900         21332.682
             54100         21025.934
             54300         20724.398
             54500         20427.979
             54700         20136.594
             54900         19850.152
             55100         19569.816
             55300          19294.24
             55500         19023.342
             55700         18755.832
             55900         18492.861
             56100          18236.75
             56300         17984.992
             56500         17736.334
             56700         17491.906
             56900         17252.795
             57100           17016.6
             57300         16784.422
             57500          16557.34
             57700         16332.994
             57900         16112.471
             58100         15896.825
             58300         15683.756
             58500         15508.446
             58700         15265.188
             58900         14898.901
             59100         14086.363
             59300         14566.809
             59500         14487.135
             59700         14319.411
             59900         14132.602
             60100         13949.001
             60300         13767.519
             60500         13590.188
             60700         13414.892
             60900         13242.615
             61100         13072.305
             61300         12905.938
             61500         12741.453
             61700         12580.805
             61900          12420.98
             62100         12264.905
             62300         12110.575
             62500         11958.931
             62700          11809.93
             62900         11662.578
             63100         11517.802
             63300          11375.56
             63500         11234.878
             63700         11097.592
             63900         10960.881
             64200          10760.88
             64600         10501.646
             65000         10249.742
             65400         10004.959
             65800         9767.9619
             66200         9536.8047
             66600         9313.8779
             67000         9097.2549
             67400         8886.7637
             67800         8681.4102
             68200         8482.6797
             68600         8289.5811
             69000         8101.9595
             69400         7918.8833
             69800         7741.7773
             70200         7569.9424
             70600         7402.0972
             71000         7239.4121
             71400         7080.3418
             71800         6926.3291
             72200         6775.8638
             72600         6630.0005
             73000         6488.4727
             73400         6350.1187
             73800         6215.4121
             74200         6064.9629
             74600         5757.7515
             75000         5626.1094
             75400         5688.5029
             75800         5593.8076
             76200         5479.3711
             76600         5367.5278
             77000         5258.4683
             77400          5152.126
             77800         5048.6201
             78200         4947.5737
             78600         4849.0488
             79000         4752.9243
             79400         4659.2036
             79800          4567.769
             80200         4478.5659
             80600          4391.543
             81000         4306.5898
             81400         4223.6592
             81800         4142.7603
             82200         4063.7898
             82600         3986.7024
             83000         3911.4016
             83400         3837.6831
             83800         3765.7808
             84200         3695.7593
             84600         3627.3643
             85000         3560.4546
             85400           3495.05
             85800         3431.1169
             86200         3368.6731
             86600          3307.636
             87000         3247.9749
             87400         3189.6592
             87800         3132.6111
             88200         3076.8518
             88600         3022.3057
             89000         2968.9937
             89400         2916.8428
             89800         2865.8281
             90200         2815.9258
             90600         2767.1125
             91000         2719.3196
             91400          2672.571
             91800          2626.801
             92200         2582.0325
             92600         2538.2019
             93000         2495.2896
             93400         2453.3193
             93800         2412.1873
             94200         2371.9187
             94600         2332.4961
             95000         2293.8604
             95400         2255.9966
             95800         2219.0122
             96200         2182.6855
             96600         2147.1658
             97000         2112.3169
             97400         2078.1655
             97800         2044.7371
             98200         2011.9396
             98600         1979.8385
             99000         1948.3434
             99400         1917.4803
             99800         1887.2377
            100200         1857.5663
            200000          118.6795
            400000         7.3707314
            600000         1.4425637
            800000        0.45265341
           1000000         0.1840705
           1200000       0.088212483
           1400000       0.047352709
           1600000       0.027621996
