 1.06687377E-03   3795.3 3.374E+01 1.979E+09 1.250E-04 3.176E-02 2.000E+05 0.000E+00 0.000E+00
 1.39289329E-03   3811.9 4.405E+01 2.549E+09 1.479E-04 3.451E-02 2.000E+05 0.000E+00 0.000E+00
 1.76257320E-03   3829.5 5.573E+01 3.187E+09 1.732E-04 3.613E-02 2.000E+05 0.000E+00 0.000E+00
 2.18501052E-03   3848.8 6.908E+01 3.909E+09 2.016E-04 3.705E-02 2.000E+05 0.000E+00 0.000E+00
 2.67017257E-03   3869.2 8.441E+01 4.732E+09 2.335E-04 3.744E-02 2.000E+05 0.000E+00 0.000E+00
 3.22957894E-03   3890.1 1.021E+02 5.675E+09 2.697E-04 3.754E-02 2.000E+05 0.000E+00 0.000E+00
 3.87648581E-03   3911.4 1.225E+02 6.757E+09 3.108E-04 3.746E-02 2.000E+05 0.000E+00 0.000E+00
 4.62547442E-03   3933.0 1.462E+02 8.001E+09 3.576E-04 3.728E-02 2.000E+05 0.000E+00 0.000E+00
 5.49408376E-03   3954.8 1.736E+02 9.436E+09 4.110E-04 3.701E-02 2.000E+05 0.000E+00 0.000E+00
 6.50145598E-03   3976.8 2.055E+02 1.109E+10 4.719E-04 3.673E-02 2.000E+05 0.000E+00 0.000E+00
 7.67226187E-03   3999.0 2.425E+02 1.300E+10 5.416E-04 3.643E-02 2.000E+05 0.000E+00 0.000E+00
 9.03269502E-03   4021.3 2.855E+02 1.521E+10 6.213E-04 3.615E-02 2.000E+05 0.000E+00 0.000E+00
 1.06149458E-02   4044.0 3.355E+02 1.776E+10 7.125E-04 3.588E-02 2.000E+05 0.000E+00 0.000E+00
 1.24545663E-02   4066.9 3.936E+02 2.071E+10 8.169E-04 3.563E-02 2.000E+05 0.000E+00 0.000E+00
 1.45945641E-02   4090.2 4.613E+02 2.413E+10 9.364E-04 3.534E-02 2.000E+05 0.000E+00 0.000E+00
 1.70838553E-02   4113.5 5.400E+02 2.809E+10 1.073E-03 3.512E-02 2.000E+05 0.000E+00 0.000E+00
 1.99791797E-02   4137.1 6.315E+02 3.266E+10 1.230E-03 3.495E-02 2.000E+05 0.000E+00 0.000E+00
 2.33497677E-02   4160.8 7.381E+02 3.796E+10 1.409E-03 3.486E-02 2.000E+05 0.000E+00 0.000E+00
 2.72721098E-02   4184.6 8.621E+02 4.409E+10 1.614E-03 3.485E-02 2.000E+05 0.000E+00 0.000E+00
 3.18380958E-02   4208.5 1.007E+03 5.119E+10 1.849E-03 3.495E-02 2.000E+05 0.000E+00 0.000E+00
 3.71547872E-02   4232.5 1.175E+03 5.941E+10 2.119E-03 3.516E-02 2.000E+05 0.000E+00 0.000E+00
 4.33400050E-02   4256.7 1.370E+03 6.893E+10 2.427E-03 3.551E-02 2.000E+05 0.000E+00 0.000E+00
 5.05447562E-02   4281.1 1.598E+03 7.996E+10 2.780E-03 3.597E-02 2.000E+05 0.000E+00 0.000E+00
 5.89292138E-02   4305.7 1.863E+03 9.274E+10 3.184E-03 3.659E-02 2.000E+05 0.000E+00 0.000E+00
 6.86960924E-02   4330.5 2.172E+03 1.075E+11 3.646E-03 3.734E-02 2.000E+05 0.000E+00 0.000E+00
 8.00646449E-02   4355.6 2.532E+03 1.247E+11 4.176E-03 3.826E-02 2.000E+05 0.000E+00 0.000E+00
 9.33091053E-02   4380.9 2.950E+03 1.446E+11 4.782E-03 3.935E-02 2.000E+05 0.000E+00 0.000E+00
 1.08724196E-01   4406.5 3.438E+03 1.677E+11 5.476E-03 4.062E-02 2.000E+05 0.000E+00 0.000E+00
 1.26682713E-01   4432.3 4.006E+03 1.944E+11 6.271E-03 4.210E-02 2.000E+05 0.000E+00 0.000E+00
 1.47587635E-01   4458.3 4.667E+03 2.254E+11 7.181E-03 4.381E-02 2.000E+05 0.000E+00 0.000E+00
 1.71941491E-01   4484.3 5.437E+03 2.613E+11 8.222E-03 4.579E-02 2.000E+05 0.000E+00 0.000E+00
 2.00297627E-01   4510.5 6.333E+03 3.030E+11 9.415E-03 4.806E-02 2.000E+05 0.000E+00 0.000E+00
 2.33327241E-01   4536.7 7.378E+03 3.513E+11 1.078E-02 5.067E-02 2.000E+05 0.000E+00 0.000E+00
 2.71800332E-01   4563.0 8.594E+03 4.072E+11 1.234E-02 5.368E-02 2.000E+05 0.000E+00 0.000E+00
 3.16610642E-01   4589.1 1.001E+04 4.720E+11 1.412E-02 5.712E-02 2.000E+05 0.000E+00 0.000E+00
 3.68828695E-01   4615.3 1.166E+04 5.470E+11 1.617E-02 6.109E-02 2.000E+05 0.000E+00 0.000E+00
 4.29635847E-01   4641.3 1.359E+04 6.338E+11 1.850E-02 6.569E-02 2.000E+05 0.000E+00 0.000E+00
 5.00532830E-01   4667.3 1.583E+04 7.345E+11 2.118E-02 7.101E-02 2.000E+05 0.000E+00 0.000E+00
 5.83103782E-01   4693.3 1.844E+04 8.509E+11 2.423E-02 7.719E-02 2.000E+05 0.000E+00 0.000E+00
 6.79362049E-01   4720.0 2.148E+04 9.862E+11 2.774E-02 8.439E-02 2.000E+05 0.000E+00 0.000E+00
 7.91443740E-01   4747.5 2.503E+04 1.144E+12 3.175E-02 9.274E-02 2.000E+05 0.000E+00 0.000E+00
 9.22028024E-01   4776.7 2.916E+04 1.328E+12 3.637E-02 1.024E-01 2.000E+05 0.000E+00 0.000E+00
 1.07391225E+00   4808.3 3.396E+04 1.544E+12 4.170E-02 1.137E-01 2.000E+05 0.000E+00 0.000E+00
 1.25057446E+00   4843.4 3.954E+04 1.800E+12 4.786E-02 1.267E-01 2.000E+05 0.000E+00 0.000E+00
 1.45549572E+00   4883.1 4.603E+04 2.107E+12 5.505E-02 1.418E-01 2.000E+05 0.000E+00 0.000E+00
 1.69290309E+00   4928.8 5.353E+04 2.480E+12 6.349E-02 1.594E-01 2.000E+05 0.000E+00 0.000E+00
 1.96673969E+00   4982.1 6.219E+04 2.940E+12 7.354E-02 1.802E-01 2.000E+05 0.000E+00 0.000E+00
 2.28117512E+00   5044.9 7.213E+04 3.522E+12 8.572E-02 2.053E-01 2.000E+05 0.000E+00 0.000E+00
 2.63915294E+00   5118.9 8.346E+04 4.282E+12 1.009E-01 2.363E-01 2.000E+05 0.000E+00 0.000E+00
 3.04200618E+00   5206.8 9.619E+04 5.316E+12 1.205E-01 2.763E-01 2.000E+05 0.000E+00 0.000E+00
 3.48699586E+00   5310.6 1.103E+05 6.793E+12 1.471E-01 3.307E-01 2.000E+05 0.000E+00 0.000E+00
 3.96594197E+00   5433.9 1.254E+05 9.035E+12 1.853E-01 4.091E-01 2.000E+05 0.000E+00 0.000E+00
 4.46286629E+00   5581.4 1.411E+05 1.266E+13 2.432E-01 5.285E-01 2.000E+05 0.000E+00 0.000E+00
 4.95687183E+00   5754.5 1.567E+05 1.876E+13 3.338E-01 7.165E-01 2.000E+05 8.035E+04 0.000E+00
 5.42307423E+00   5965.4 1.715E+05 2.991E+13 4.855E-01 1.031E+00 2.000E+05 5.858E+06 1.042E+04
 5.83967712E+00   6214.9 1.847E+05 5.071E+13 7.425E-01 1.552E+00 2.000E+05 5.261E+07 4.255E+04
 6.19384420E+00   6508.6 1.959E+05 9.075E+13 1.189E+00 2.401E+00 2.000E+05 2.016E+08 8.143E+04
 6.48596073E+00   6829.0 2.051E+05 1.630E+14 1.926E+00 3.576E+00 2.000E+05 5.631E+08 1.132E+05
 6.73062365E+00   7138.0 2.128E+05 2.743E+14 2.989E+00 4.687E+00 2.000E+05 1.221E+09 1.538E+05
 6.94919612E+00   7405.3 2.198E+05 4.170E+14 4.305E+00 5.283E+00 2.000E+05 1.977E+09 1.829E+05
 7.15579672E+00   7651.4 2.263E+05 5.984E+14 5.955E+00 5.513E+00 2.000E+05 2.656E+09 1.938E+05
 7.35814630E+00   7876.6 2.327E+05 8.186E+14 7.958E+00 5.376E+00 2.000E+05 3.282E+09 2.078E+05
 7.56388469E+00   8077.4 2.392E+05 1.070E+15 1.027E+01 5.106E+00 2.000E+05 3.736E+09 2.119E+05
 7.77851203E+00   8270.2 2.460E+05 1.370E+15 1.306E+01 4.935E+00 2.000E+05 4.024E+09 2.114E+05
 8.00542778E+00   8454.0 2.532E+05 1.717E+15 1.635E+01 4.749E+00 2.000E+05 4.248E+09 2.124E+05
 8.24831013E+00   8633.4 2.609E+05 2.125E+15 2.030E+01 4.593E+00 2.000E+05 4.396E+09 2.085E+05
 8.51055336E+00   8808.3 2.692E+05 2.597E+15 2.497E+01 4.405E+00 2.000E+05 4.522E+09 2.069E+05
 8.79598389E+00   8980.9 2.782E+05 3.146E+15 3.052E+01 4.254E+00 2.000E+05 4.610E+09 2.034E+05
 9.10779683E+00   9154.0 2.881E+05 3.790E+15 3.717E+01 4.036E+00 2.000E+05 4.679E+09 1.989E+05
 9.45149164E+00   9319.8 2.990E+05 4.510E+15 4.475E+01 3.855E+00 2.000E+05 4.745E+09 1.971E+05
 9.83069330E+00   9495.2 3.110E+05 5.387E+15 5.420E+01 3.676E+00 2.000E+05 4.764E+09 1.910E+05
 1.02523234E+01   9656.9 3.243E+05 6.331E+15 6.447E+01 3.703E+00 2.000E+05 4.821E+09 1.883E+05
