 7.53496562E-04   3764.1 2.384E+01 2.684E+09 1.769E-04 4.817E-02 2.000E+05 0.000E+00 0.000E+00
 9.84305381E-04   3791.0 3.114E+01 3.459E+09 2.084E-04 5.019E-02 2.000E+05 0.000E+00 0.000E+00
 1.24750023E-03   3809.4 3.946E+01 4.318E+09 2.424E-04 5.134E-02 2.000E+05 0.000E+00 0.000E+00
 1.54997291E-03   3829.5 4.902E+01 5.296E+09 2.807E-04 5.225E-02 2.000E+05 0.000E+00 0.000E+00
 1.89888094E-03   3850.4 6.005E+01 6.415E+09 3.239E-04 5.257E-02 2.000E+05 0.000E+00 0.000E+00
 2.30252518E-03   3871.7 7.281E+01 7.699E+09 3.730E-04 5.250E-02 2.000E+05 0.000E+00 0.000E+00
 2.77044558E-03   3893.2 8.760E+01 9.174E+09 4.289E-04 5.229E-02 2.000E+05 0.000E+00 0.000E+00
 3.31320432E-03   3915.0 1.048E+02 1.087E+10 4.926E-04 5.195E-02 2.000E+05 0.000E+00 0.000E+00
 3.94386677E-03   3936.9 1.247E+02 1.283E+10 5.653E-04 5.150E-02 2.000E+05 0.000E+00 0.000E+00
 4.67681121E-03   3959.1 1.479E+02 1.510E+10 6.484E-04 5.101E-02 2.000E+05 0.000E+00 0.000E+00
 5.52915377E-03   3981.4 1.748E+02 1.771E+10 7.434E-04 5.051E-02 2.000E+05 0.000E+00 0.000E+00
 6.52050572E-03   4003.9 2.062E+02 2.072E+10 8.521E-04 4.999E-02 2.000E+05 0.000E+00 0.000E+00
 7.67384754E-03   4026.4 2.426E+02 2.421E+10 9.764E-04 4.951E-02 2.000E+05 0.000E+00 0.000E+00
 9.01633503E-03   4049.2 2.851E+02 2.823E+10 1.119E-03 4.910E-02 2.000E+05 0.000E+00 0.000E+00
 1.05788957E-02   4072.0 3.345E+02 3.288E+10 1.281E-03 4.872E-02 2.000E+05 0.000E+00 0.000E+00
 1.23982741E-02   4095.0 3.920E+02 3.826E+10 1.468E-03 4.839E-02 2.000E+05 0.000E+00 0.000E+00
 1.45168536E-02   4118.0 4.590E+02 4.447E+10 1.681E-03 4.823E-02 2.000E+05 0.000E+00 0.000E+00
 1.69839737E-02   4141.1 5.370E+02 5.166E+10 1.924E-03 4.820E-02 2.000E+05 0.000E+00 0.000E+00
 1.98576643E-02   4164.3 6.279E+02 5.996E+10 2.203E-03 4.829E-02 2.000E+05 0.000E+00 0.000E+00
 2.32051861E-02   4187.7 7.338E+02 6.956E+10 2.522E-03 4.855E-02 2.000E+05 0.000E+00 0.000E+00
 2.71045440E-02   4211.3 8.571E+02 8.066E+10 2.886E-03 4.896E-02 2.000E+05 0.000E+00 0.000E+00
 3.16478642E-02   4235.2 1.001E+03 9.350E+10 3.304E-03 4.954E-02 2.000E+05 0.000E+00 0.000E+00
 3.69409269E-02   4259.4 1.168E+03 1.084E+11 3.781E-03 5.029E-02 2.000E+05 0.000E+00 0.000E+00
 4.31083263E-02   4284.0 1.363E+03 1.256E+11 4.328E-03 5.115E-02 2.000E+05 0.000E+00 0.000E+00
 5.02948454E-02   4308.9 1.590E+03 1.455E+11 4.952E-03 5.222E-02 2.000E+05 0.000E+00 0.000E+00
 5.86693961E-02   4334.1 1.855E+03 1.685E+11 5.667E-03 5.350E-02 2.000E+05 0.000E+00 0.000E+00
 6.84310012E-02   4359.7 2.164E+03 1.952E+11 6.484E-03 5.500E-02 2.000E+05 0.000E+00 0.000E+00
 7.98078988E-02   4385.6 2.524E+03 2.261E+11 7.417E-03 5.671E-02 2.000E+05 0.000E+00 0.000E+00
 9.30715387E-02   4411.9 2.943E+03 2.619E+11 8.485E-03 5.868E-02 2.000E+05 0.000E+00 0.000E+00
 1.08533196E-01   4438.5 3.432E+03 3.034E+11 9.705E-03 6.094E-02 2.000E+05 0.000E+00 0.000E+00
 1.26560226E-01   4465.3 4.002E+03 3.514E+11 1.110E-02 6.352E-02 2.000E+05 0.000E+00 0.000E+00
 1.47579189E-01   4492.3 4.667E+03 4.071E+11 1.269E-02 6.646E-02 2.000E+05 0.000E+00 0.000E+00
 1.72096245E-01   4519.4 5.442E+03 4.714E+11 1.451E-02 6.984E-02 2.000E+05 0.000E+00 0.000E+00
 2.00685707E-01   4546.7 6.346E+03 5.460E+11 1.659E-02 7.370E-02 2.000E+05 0.000E+00 0.000E+00
 2.34044143E-01   4573.9 7.401E+03 6.322E+11 1.896E-02 7.815E-02 2.000E+05 0.000E+00 0.000E+00
 2.72952776E-01   4601.1 8.631E+03 7.320E+11 2.168E-02 8.325E-02 2.000E+05 0.000E+00 0.000E+00
 3.18357580E-01   4628.1 1.007E+04 8.473E+11 2.477E-02 8.914E-02 2.000E+05 0.000E+00 0.000E+00
 3.71340934E-01   4655.3 1.174E+04 9.808E+11 2.831E-02 9.596E-02 2.000E+05 0.000E+00 0.000E+00
 4.33173078E-01   4682.4 1.370E+04 1.135E+12 3.234E-02 1.039E-01 2.000E+05 0.000E+00 0.000E+00
 5.05334062E-01   4710.0 1.598E+04 1.314E+12 3.696E-02 1.131E-01 2.000E+05 0.000E+00 0.000E+00
 5.89540115E-01   4738.3 1.864E+04 1.522E+12 4.224E-02 1.238E-01 2.000E+05 0.000E+00 0.000E+00
 6.87790264E-01   4768.2 2.175E+04 1.764E+12 4.828E-02 1.363E-01 2.000E+05 0.000E+00 0.000E+00
 8.02387046E-01   4800.5 2.537E+04 2.047E+12 5.521E-02 1.506E-01 2.000E+05 0.000E+00 0.000E+00
 9.35978737E-01   4835.9 2.960E+04 2.380E+12 6.318E-02 1.672E-01 2.000E+05 0.000E+00 0.000E+00
 1.09158302E+00   4876.1 3.452E+04 2.776E+12 7.237E-02 1.863E-01 2.000E+05 0.000E+00 0.000E+00
 1.27262614E+00   4922.2 4.024E+04 3.250E+12 8.300E-02 2.082E-01 2.000E+05 0.000E+00 0.000E+00
 1.48292644E+00   4975.8 4.689E+04 3.824E+12 9.537E-02 2.336E-01 2.000E+05 0.000E+00 0.000E+00
 1.72668932E+00   5039.0 5.460E+04 4.531E+12 1.099E-01 2.630E-01 2.000E+05 0.000E+00 0.000E+00
 2.00824561E+00   5113.6 6.351E+04 5.419E+12 1.271E-01 2.978E-01 2.000E+05 0.000E+00 0.000E+00
 2.33159806E+00   5202.1 7.373E+04 6.570E+12 1.482E-01 3.401E-01 2.000E+05 0.000E+00 0.000E+00
 2.69920698E+00   5307.1 8.536E+04 8.128E+12 1.751E-01 3.941E-01 2.000E+05 0.000E+00 0.000E+00
 3.10984807E+00   5431.5 9.834E+04 1.037E+13 2.115E-01 4.677E-01 2.000E+05 0.000E+00 0.000E+00
 3.55561808E+00   5578.5 1.124E+05 1.382E+13 2.647E-01 5.761E-01 2.000E+05 0.000E+00 0.000E+00
 4.01972356E+00   5752.1 1.271E+05 1.952E+13 3.476E-01 7.465E-01 2.000E+05 0.000E+00 0.000E+00
 4.47809622E+00   5956.8 1.416E+05 2.953E+13 4.832E-01 1.028E+00 2.000E+05 3.326E+05 0.000E+00
 4.90319664E+00   6203.9 1.550E+05 4.837E+13 7.184E-01 1.512E+00 2.000E+05 1.055E+07 1.744E+04
 5.27402595E+00   6491.6 1.668E+05 8.409E+13 1.126E+00 2.322E+00 2.000E+05 8.668E+07 5.325E+04
 5.58269576E+00   6819.4 1.765E+05 1.518E+14 1.834E+00 3.608E+00 2.000E+05 3.102E+08 9.924E+04
 5.83384126E+00   7166.8 1.845E+05 2.701E+14 2.995E+00 5.242E+00 2.000E+05 8.006E+08 1.329E+05
 6.04515859E+00   7481.7 1.912E+05 4.376E+14 4.584E+00 6.438E+00 2.000E+05 1.606E+09 1.744E+05
 6.23612599E+00   7752.2 1.972E+05 6.446E+14 6.537E+00 6.835E+00 2.000E+05 2.434E+09 1.998E+05
 6.41957526E+00   7992.2 2.030E+05 8.913E+14 8.885E+00 6.777E+00 2.000E+05 3.096E+09 2.067E+05
 6.60233759E+00   8211.7 2.088E+05 1.182E+15 1.170E+01 6.485E+00 2.000E+05 3.608E+09 2.179E+05
 6.79054308E+00   8410.4 2.147E+05 1.509E+15 1.495E+01 6.135E+00 2.000E+05 3.947E+09 2.142E+05
 6.98849945E+00   8600.5 2.210E+05 1.890E+15 1.882E+01 5.860E+00 2.000E+05 4.195E+09 2.176E+05
 7.20003723E+00   8780.8 2.277E+05 2.323E+15 2.333E+01 5.590E+00 2.000E+05 4.362E+09 2.126E+05
 7.42820502E+00   8957.7 2.349E+05 2.824E+15 2.871E+01 5.318E+00 2.000E+05 4.491E+09 2.114E+05
 7.67716668E+00   9128.1 2.428E+05 3.391E+15 3.492E+01 5.065E+00 2.000E+05 4.588E+09 2.079E+05
 7.95005591E+00   9300.7 2.514E+05 4.057E+15 4.242E+01 4.798E+00 2.000E+05 4.658E+09 2.033E+05
 8.25167512E+00   9465.1 2.609E+05 4.795E+15 5.089E+01 4.559E+00 2.000E+05 4.728E+09 2.015E+05
 8.58562435E+00   9639.8 2.715E+05 5.693E+15 6.144E+01 4.334E+00 2.000E+05 4.751E+09 1.955E+05
 8.95815703E+00   9800.4 2.833E+05 6.652E+15 7.283E+01 4.338E+00 2.000E+05 4.806E+09 1.927E+05
