 5.89765539E-04   3701.4 1.866E+01 3.172E+09 2.260E-04 8.585E-02 2.000E+05 0.000E+00 0.000E+00
 7.71048053E-04   3725.0 2.439E+01 4.077E+09 2.646E-04 9.081E-02 2.000E+05 0.000E+00 0.000E+00
 9.78747638E-04   3744.4 3.096E+01 5.088E+09 3.066E-04 9.298E-02 2.000E+05 0.000E+00 0.000E+00
 1.21820720E-03   3765.2 3.853E+01 6.243E+09 3.540E-04 9.437E-02 2.000E+05 0.000E+00 0.000E+00
 1.49504114E-03   3786.7 4.728E+01 7.569E+09 4.078E-04 9.474E-02 2.000E+05 0.000E+00 0.000E+00
 1.81577884E-03   3808.6 5.742E+01 9.093E+09 4.691E-04 9.451E-02 2.000E+05 0.000E+00 0.000E+00
 2.18789016E-03   3830.8 6.919E+01 1.085E+10 5.389E-04 9.379E-02 2.000E+05 0.000E+00 0.000E+00
 2.61999863E-03   3853.2 8.285E+01 1.287E+10 6.186E-04 9.279E-02 2.000E+05 0.000E+00 0.000E+00
 3.12212169E-03   3875.7 9.873E+01 1.521E+10 7.097E-04 9.166E-02 2.000E+05 0.000E+00 0.000E+00
 3.70587109E-03   3898.2 1.172E+02 1.790E+10 8.139E-04 9.058E-02 2.000E+05 0.000E+00 0.000E+00
 4.38479438E-03   3920.7 1.387E+02 2.101E+10 9.330E-04 8.950E-02 2.000E+05 0.000E+00 0.000E+00
 5.17461015E-03   3943.2 1.636E+02 2.460E+10 1.069E-03 8.862E-02 2.000E+05 0.000E+00 0.000E+00
 6.09360447E-03   3965.9 1.927E+02 2.875E+10 1.226E-03 8.781E-02 2.000E+05 0.000E+00 0.000E+00
 7.16299332E-03   3988.8 2.265E+02 3.354E+10 1.404E-03 8.713E-02 2.000E+05 0.000E+00 0.000E+00
 8.40757321E-03   4011.7 2.659E+02 3.907E+10 1.609E-03 8.656E-02 2.000E+05 0.000E+00 0.000E+00
 9.85613727E-03   4035.0 3.117E+02 4.547E+10 1.844E-03 8.617E-02 2.000E+05 0.000E+00 0.000E+00
 1.15421659E-02   4058.4 3.650E+02 5.286E+10 2.112E-03 8.593E-02 2.000E+05 0.000E+00 0.000E+00
 1.35048202E-02   4082.3 4.270E+02 6.142E+10 2.420E-03 8.590E-02 2.000E+05 0.000E+00 0.000E+00
 1.57892566E-02   4106.5 4.993E+02 7.132E+10 2.772E-03 8.598E-02 2.000E+05 0.000E+00 0.000E+00
 1.84484956E-02   4131.2 5.834E+02 8.277E+10 3.176E-03 8.623E-02 2.000E+05 0.000E+00 0.000E+00
 2.15438261E-02   4156.4 6.812E+02 9.603E+10 3.638E-03 8.663E-02 2.000E+05 0.000E+00 0.000E+00
 2.51470345E-02   4182.1 7.952E+02 1.114E+11 4.168E-03 8.712E-02 2.000E+05 0.000E+00 0.000E+00
 2.93406748E-02   4208.4 9.278E+02 1.292E+11 4.774E-03 8.776E-02 2.000E+05 0.000E+00 0.000E+00
 3.42232650E-02   4235.2 1.082E+03 1.498E+11 5.469E-03 8.856E-02 2.000E+05 0.000E+00 0.000E+00
 3.99077377E-02   4262.6 1.262E+03 1.737E+11 6.264E-03 8.949E-02 2.000E+05 0.000E+00 0.000E+00
 4.65255406E-02   4290.5 1.471E+03 2.014E+11 7.174E-03 9.059E-02 2.000E+05 0.000E+00 0.000E+00
 5.42342663E-02   4318.8 1.715E+03 2.334E+11 8.214E-03 9.189E-02 2.000E+05 0.000E+00 0.000E+00
 6.32084286E-02   4347.6 1.999E+03 2.706E+11 9.405E-03 9.347E-02 2.000E+05 0.000E+00 0.000E+00
 7.36685158E-02   4376.7 2.329E+03 3.137E+11 1.077E-02 9.531E-02 2.000E+05 0.000E+00 0.000E+00
 8.58471497E-02   4406.2 2.715E+03 3.636E+11 1.232E-02 9.744E-02 2.000E+05 0.000E+00 0.000E+00
 1.00048516E-01   4435.8 3.164E+03 4.214E+11 1.410E-02 1.000E-01 2.000E+05 0.000E+00 0.000E+00
 1.16588243E-01   4465.7 3.687E+03 4.884E+11 1.613E-02 1.030E-01 2.000E+05 0.000E+00 0.000E+00
 1.35886123E-01   4495.4 4.297E+03 5.658E+11 1.845E-02 1.067E-01 2.000E+05 0.000E+00 0.000E+00
 1.58367742E-01   4525.3 5.008E+03 6.556E+11 2.109E-02 1.109E-01 2.000E+05 0.000E+00 0.000E+00
 1.84606233E-01   4555.0 5.837E+03 7.593E+11 2.412E-02 1.161E-01 2.000E+05 0.000E+00 0.000E+00
 2.15190864E-01   4584.9 6.805E+03 8.796E+11 2.757E-02 1.221E-01 2.000E+05 0.000E+00 0.000E+00
 2.50894968E-01   4614.7 7.934E+03 1.019E+12 3.152E-02 1.291E-01 2.000E+05 0.000E+00 0.000E+00
 2.92521172E-01   4644.9 9.250E+03 1.180E+12 3.602E-02 1.373E-01 2.000E+05 0.000E+00 0.000E+00
 3.41111798E-01   4675.3 1.079E+04 1.367E+12 4.117E-02 1.470E-01 2.000E+05 0.000E+00 0.000E+00
 3.97774902E-01   4706.4 1.258E+04 1.583E+12 4.706E-02 1.581E-01 2.000E+05 0.000E+00 0.000E+00
 4.63921863E-01   4738.4 1.467E+04 1.835E+12 5.379E-02 1.711E-01 2.000E+05 0.000E+00 0.000E+00
 5.41034625E-01   4772.0 1.711E+04 2.129E+12 6.150E-02 1.861E-01 2.000E+05 0.000E+00 0.000E+00
 6.31027913E-01   4807.8 1.995E+04 2.473E+12 7.033E-02 2.036E-01 2.000E+05 0.000E+00 0.000E+00
 7.35871819E-01   4846.6 2.327E+04 2.876E+12 8.046E-02 2.237E-01 2.000E+05 0.000E+00 0.000E+00
 8.58130196E-01   4889.6 2.714E+04 3.353E+12 9.210E-02 2.469E-01 2.000E+05 0.000E+00 0.000E+00
 1.00043810E+00   4938.3 3.164E+04 3.920E+12 1.055E-01 2.736E-01 2.000E+05 0.000E+00 0.000E+00
 1.16608042E+00   4994.1 3.687E+04 4.602E+12 1.210E-01 3.043E-01 2.000E+05 0.000E+00 0.000E+00
 1.35851737E+00   5058.8 4.296E+04 5.431E+12 1.389E-01 3.396E-01 2.000E+05 0.000E+00 0.000E+00
 1.58190106E+00   5134.5 5.002E+04 6.453E+12 1.598E-01 3.805E-01 2.000E+05 0.000E+00 0.000E+00
 1.84021177E+00   5223.6 5.819E+04 7.744E+12 1.847E-01 4.288E-01 2.000E+05 0.000E+00 0.000E+00
 2.13726702E+00   5328.7 6.758E+04 9.433E+12 2.151E-01 4.882E-01 2.000E+05 0.000E+00 0.000E+00
 2.47485231E+00   5452.6 7.826E+04 1.176E+13 2.546E-01 5.660E-01 2.000E+05 0.000E+00 0.000E+00
 2.85021881E+00   5598.9 9.013E+04 1.522E+13 3.100E-01 6.770E-01 2.000E+05 0.000E+00 0.000E+00
 3.25269945E+00   5771.4 1.029E+05 2.079E+13 3.945E-01 8.483E-01 2.000E+05 0.000E+00 0.000E+00
 3.66346923E+00   5971.8 1.158E+05 3.023E+13 5.302E-01 1.128E+00 2.000E+05 1.381E+04 0.000E+00
 4.05640067E+00   6215.1 1.283E+05 4.787E+13 7.663E-01 1.616E+00 2.000E+05 1.906E+06 6.425E+03
 4.40964959E+00   6491.6 1.394E+05 8.011E+13 1.166E+00 2.432E+00 2.000E+05 3.208E+07 3.239E+04
 4.70907106E+00   6821.5 1.489E+05 1.434E+14 1.891E+00 3.851E+00 2.000E+05 1.428E+08 7.866E+04
 4.95081095E+00   7186.5 1.565E+05 2.604E+14 3.153E+00 5.947E+00 2.000E+05 4.891E+08 1.111E+05
 5.14604336E+00   7544.8 1.627E+05 4.456E+14 5.091E+00 7.976E+00 2.000E+05 1.214E+09 1.642E+05
 5.31527273E+00   7842.6 1.681E+05 6.746E+14 7.484E+00 8.716E+00 2.000E+05 2.140E+09 1.973E+05
 5.47403891E+00   8097.2 1.731E+05 9.419E+14 1.032E+01 8.578E+00 2.000E+05 2.926E+09 2.146E+05
 5.63117573E+00   8321.9 1.781E+05 1.246E+15 1.363E+01 8.168E+00 2.000E+05 3.487E+09 2.191E+05
 5.79190712E+00   8529.7 1.831E+05 1.597E+15 1.754E+01 7.686E+00 2.000E+05 3.881E+09 2.240E+05
 5.96084981E+00   8719.8 1.885E+05 1.986E+15 2.202E+01 7.216E+00 2.000E+05 4.145E+09 2.205E+05
 6.14140115E+00   8903.6 1.942E+05 2.434E+15 2.731E+01 6.876E+00 2.000E+05 4.331E+09 2.213E+05
 6.33675676E+00   9080.2 2.004E+05 2.942E+15 3.348E+01 6.479E+00 2.000E+05 4.468E+09 2.157E+05
 6.55039999E+00   9252.3 2.071E+05 3.520E+15 4.067E+01 6.180E+00 2.000E+05 4.571E+09 2.152E+05
 6.78502143E+00   9425.4 2.145E+05 4.193E+15 4.925E+01 5.819E+00 2.000E+05 4.645E+09 2.088E+05
 7.04511293E+00   9590.6 2.228E+05 4.936E+15 5.893E+01 5.530E+00 2.000E+05 4.713E+09 2.078E+05
 7.33385349E+00   9766.8 2.319E+05 5.841E+15 7.096E+01 5.236E+00 2.000E+05 4.748E+09 2.018E+05
 7.65704669E+00   9928.0 2.421E+05 6.799E+15 8.379E+01 5.198E+00 2.000E+05 4.792E+09 1.989E+05
