 2.39942984E-04   3561.7 7.591E+00 5.927E+09 5.555E-04 3.398E-01 2.000E+05 0.000E+00 0.000E+00
 3.13017482E-04   3617.4 9.901E+00 7.903E+09 6.619E-04 3.269E-01 2.000E+05 0.000E+00 0.000E+00
 3.96956795E-04   3640.6 1.256E+01 9.832E+09 7.511E-04 3.071E-01 2.000E+05 0.000E+00 0.000E+00
 4.95607143E-04   3663.4 1.568E+01 1.207E+10 8.522E-04 3.034E-01 2.000E+05 0.000E+00 0.000E+00
 6.11497639E-04   3686.0 1.934E+01 1.467E+10 9.674E-04 3.001E-01 2.000E+05 0.000E+00 0.000E+00
 7.47548368E-04   3708.3 2.364E+01 1.769E+10 1.099E-03 2.970E-01 2.000E+05 0.000E+00 0.000E+00
 9.07347460E-04   3730.6 2.870E+01 2.120E+10 1.249E-03 2.943E-01 2.000E+05 0.000E+00 0.000E+00
 1.09463956E-03   3752.9 3.462E+01 2.528E+10 1.421E-03 2.918E-01 2.000E+05 0.000E+00 0.000E+00
 1.31412724E-03   3775.4 4.156E+01 3.002E+10 1.618E-03 2.895E-01 2.000E+05 0.000E+00 0.000E+00
 1.57084852E-03   3797.9 4.968E+01 3.551E+10 1.845E-03 2.876E-01 2.000E+05 0.000E+00 0.000E+00
 1.87106193E-03   3820.8 5.917E+01 4.190E+10 2.106E-03 2.858E-01 2.000E+05 0.000E+00 0.000E+00
 2.22164807E-03   3843.9 7.026E+01 4.932E+10 2.405E-03 2.841E-01 2.000E+05 0.000E+00 0.000E+00
 2.63078932E-03   3867.4 8.320E+01 5.792E+10 2.749E-03 2.825E-01 2.000E+05 0.000E+00 0.000E+00
 3.10798871E-03   3891.1 9.828E+01 6.790E+10 3.145E-03 2.812E-01 2.000E+05 0.000E+00 0.000E+00
 3.66401106E-03   3915.3 1.159E+02 7.948E+10 3.600E-03 2.801E-01 2.000E+05 0.000E+00 0.000E+00
 4.31181788E-03   3939.8 1.364E+02 9.292E+10 4.122E-03 2.793E-01 2.000E+05 0.000E+00 0.000E+00
 5.06576162E-03   3964.9 1.602E+02 1.085E+11 4.723E-03 2.786E-01 2.000E+05 0.000E+00 0.000E+00
 5.94360215E-03   3990.3 1.879E+02 1.266E+11 5.412E-03 2.781E-01 2.000E+05 0.000E+00 0.000E+00
 6.96442645E-03   4016.2 2.202E+02 1.476E+11 6.204E-03 2.778E-01 2.000E+05 0.000E+00 0.000E+00
 8.15235462E-03   4042.7 2.578E+02 1.719E+11 7.114E-03 2.777E-01 2.000E+05 0.000E+00 0.000E+00
 9.53315555E-03   4069.7 3.015E+02 2.002E+11 8.157E-03 2.781E-01 2.000E+05 0.000E+00 0.000E+00
 1.11392934E-02   4097.3 3.522E+02 2.330E+11 9.357E-03 2.785E-01 2.000E+05 0.000E+00 0.000E+00
 1.30061291E-02   4125.5 4.113E+02 2.711E+11 1.073E-02 2.791E-01 2.000E+05 0.000E+00 0.000E+00
 1.51762187E-02   4154.4 4.799E+02 3.154E+11 1.231E-02 2.801E-01 2.000E+05 0.000E+00 0.000E+00
 1.76989730E-02   4183.9 5.597E+02 3.668E+11 1.413E-02 2.813E-01 2.000E+05 0.000E+00 0.000E+00
 2.06312339E-02   4214.0 6.524E+02 4.266E+11 1.620E-02 2.828E-01 2.000E+05 0.000E+00 0.000E+00
 2.40402698E-02   4244.7 7.602E+02 4.960E+11 1.859E-02 2.848E-01 2.000E+05 0.000E+00 0.000E+00
 2.80038009E-02   4276.0 8.855E+02 5.766E+11 2.132E-02 2.872E-01 2.000E+05 0.000E+00 0.000E+00
 3.26129984E-02   4307.7 1.031E+03 6.702E+11 2.444E-02 2.903E-01 2.000E+05 0.000E+00 0.000E+00
 3.79733620E-02   4340.0 1.201E+03 7.788E+11 2.802E-02 2.941E-01 2.000E+05 0.000E+00 0.000E+00
 4.42115317E-02   4372.7 1.398E+03 9.049E+11 3.211E-02 2.988E-01 2.000E+05 0.000E+00 0.000E+00
 5.14703055E-02   4405.8 1.628E+03 1.051E+12 3.678E-02 3.044E-01 2.000E+05 0.000E+00 0.000E+00
 5.99227108E-02   4439.1 1.895E+03 1.221E+12 4.212E-02 3.112E-01 2.000E+05 0.000E+00 0.000E+00
 6.97657200E-02   4472.8 2.206E+03 1.418E+12 4.823E-02 3.193E-01 2.000E+05 0.000E+00 0.000E+00
 8.12339559E-02   4506.7 2.569E+03 1.646E+12 5.519E-02 3.292E-01 2.000E+05 0.000E+00 0.000E+00
 9.45993922E-02   4540.8 2.991E+03 1.910E+12 6.314E-02 3.410E-01 2.000E+05 0.000E+00 0.000E+00
 1.10179638E-01   4575.2 3.484E+03 2.217E+12 7.222E-02 3.550E-01 2.000E+05 0.000E+00 0.000E+00
 1.28347044E-01   4610.0 4.059E+03 2.573E+12 8.259E-02 3.716E-01 2.000E+05 0.000E+00 0.000E+00
 1.49536157E-01   4645.4 4.728E+03 2.987E+12 9.443E-02 3.912E-01 2.000E+05 0.000E+00 0.000E+00
 1.74240801E-01   4681.5 5.510E+03 3.468E+12 1.080E-01 4.143E-01 2.000E+05 0.000E+00 0.000E+00
 2.03063763E-01   4718.7 6.421E+03 4.029E+12 1.235E-01 4.414E-01 2.000E+05 0.000E+00 0.000E+00
 2.36656858E-01   4757.5 7.483E+03 4.684E+12 1.412E-01 4.729E-01 2.000E+05 0.000E+00 0.000E+00
 2.75833080E-01   4798.5 8.722E+03 5.451E+12 1.616E-01 5.100E-01 2.000E+05 0.000E+00 0.000E+00
 3.21446046E-01   4842.4 1.016E+04 6.355E+12 1.850E-01 5.532E-01 2.000E+05 0.000E+00 0.000E+00
 3.74586623E-01   4890.2 1.184E+04 7.424E+12 2.120E-01 6.034E-01 2.000E+05 0.000E+00 0.000E+00
 4.36380459E-01   4943.2 1.380E+04 8.695E+12 2.431E-01 6.617E-01 2.000E+05 0.000E+00 0.000E+00
 5.08250808E-01   5002.7 1.607E+04 1.022E+13 2.789E-01 7.290E-01 2.000E+05 0.000E+00 0.000E+00
 5.91719789E-01   5070.6 1.871E+04 1.205E+13 3.201E-01 8.063E-01 2.000E+05 0.000E+00 0.000E+00
 6.88742314E-01   5148.8 2.178E+04 1.426E+13 3.675E-01 8.947E-01 2.000E+05 0.000E+00 0.000E+00
 8.01419404E-01   5239.7 2.534E+04 1.697E+13 4.215E-01 9.950E-01 2.000E+05 0.000E+00 0.000E+00
 9.32603184E-01   5345.8 2.949E+04 2.027E+13 4.827E-01 1.108E+00 2.000E+05 0.000E+00 0.000E+00
 1.08543766E+00   5470.1 3.432E+04 2.435E+13 5.515E-01 1.235E+00 2.000E+05 0.000E+00 0.000E+00
 1.26414773E+00   5616.0 3.998E+04 2.944E+13 6.290E-01 1.379E+00 2.000E+05 0.000E+00 0.000E+00
 1.47271282E+00   5787.2 4.657E+04 3.603E+13 7.196E-01 1.551E+00 2.000E+05 0.000E+00 0.000E+00
 1.71416901E+00   5987.7 5.421E+04 4.520E+13 8.375E-01 1.781E+00 2.000E+05 0.000E+00 0.000E+00
 1.98536124E+00   6223.3 6.278E+04 5.960E+13 1.019E+00 2.144E+00 2.000E+05 0.000E+00 0.000E+00
 2.27244101E+00   6493.9 7.186E+04 8.459E+13 1.335E+00 2.793E+00 2.000E+05 2.382E+04 0.000E+00
 2.55060141E+00   6814.4 8.065E+04 1.322E+14 1.931E+00 4.033E+00 2.000E+05 2.297E+06 8.780E+03
 2.79579781E+00   7179.1 8.841E+04 2.225E+14 3.047E+00 6.333E+00 2.000E+05 3.064E+07 3.850E+04
 2.99361907E+00   7603.0 9.466E+04 3.981E+14 5.222E+00 1.044E+01 2.000E+05 2.354E+08 8.359E+04
 3.14633847E+00   8033.6 9.949E+04 6.909E+14 8.967E+00 1.557E+01 2.000E+05 8.258E+08 1.521E+05
 3.26874574E+00   8418.0 1.034E+05 1.088E+15 1.436E+01 1.870E+01 2.000E+05 1.801E+09 1.953E+05
 3.37610978E+00   8722.7 1.068E+05 1.525E+15 2.069E+01 1.790E+01 2.000E+05 2.820E+09 2.247E+05
 3.48023528E+00   8961.9 1.101E+05 1.964E+15 2.741E+01 1.594E+01 2.000E+05 3.523E+09 2.318E+05
 3.58728202E+00   9175.4 1.134E+05 2.439E+15 3.504E+01 1.481E+01 2.000E+05 3.909E+09 2.340E+05
 3.70008565E+00   9374.9 1.170E+05 2.964E+15 4.385E+01 1.376E+01 2.000E+05 4.169E+09 2.314E+05
 3.82153189E+00   9560.6 1.208E+05 3.535E+15 5.380E+01 1.267E+01 2.000E+05 4.377E+09 2.325E+05
 3.95461878E+00   9738.8 1.250E+05 4.167E+15 6.516E+01 1.177E+01 2.000E+05 4.487E+09 2.280E+05
 4.10173432E+00   9912.9 1.297E+05 4.872E+15 7.816E+01 1.098E+01 2.000E+05 4.593E+09 2.252E+05
 4.26586782E+00  10085.3 1.349E+05 5.667E+15 9.313E+01 1.037E+01 2.000E+05 4.685E+09 2.249E+05
 4.45006394E+00  10260.9 1.407E+05 6.580E+15 1.107E+02 9.517E+00 2.000E+05 4.695E+09 2.178E+05
 4.65831901E+00  10425.1 1.473E+05 7.557E+15 1.295E+02 9.434E+00 2.000E+05 4.797E+09 2.172E+05
