 3.26644450E-04   3604.6 1.033E+01 4.700E+09 4.081E-04 2.233E-01 2.000E+05 0.000E+00 0.000E+00
 4.27407980E-04   3636.9 1.352E+01 6.078E+09 4.744E-04 2.301E-01 2.000E+05 0.000E+00 0.000E+00
 5.44063507E-04   3658.0 1.721E+01 7.579E+09 5.425E-04 2.277E-01 2.000E+05 0.000E+00 0.000E+00
 6.80175946E-04   3679.7 2.151E+01 9.314E+09 6.198E-04 2.282E-01 2.000E+05 0.000E+00 0.000E+00
 8.38994119E-04   3701.8 2.653E+01 1.132E+10 7.080E-04 2.277E-01 2.000E+05 0.000E+00 0.000E+00
 1.02438641E-03   3724.1 3.239E+01 1.365E+10 8.088E-04 2.265E-01 2.000E+05 0.000E+00 0.000E+00
 1.24082089E-03   3746.5 3.924E+01 1.634E+10 9.240E-04 2.248E-01 2.000E+05 0.000E+00 0.000E+00
 1.49335701E-03   3769.1 4.723E+01 1.946E+10 1.056E-03 2.229E-01 2.000E+05 0.000E+00 0.000E+00
 1.78799027E-03   3791.9 5.654E+01 2.308E+10 1.208E-03 2.208E-01 2.000E+05 0.000E+00 0.000E+00
 2.13143060E-03   3814.9 6.740E+01 2.726E+10 1.381E-03 2.190E-01 2.000E+05 0.000E+00 0.000E+00
 2.53182411E-03   3838.0 8.006E+01 3.212E+10 1.581E-03 2.169E-01 2.000E+05 0.000E+00 0.000E+00
 2.99821813E-03   3861.4 9.481E+01 3.773E+10 1.810E-03 2.150E-01 2.000E+05 0.000E+00 0.000E+00
 3.54155959E-03   3885.0 1.120E+02 4.424E+10 2.073E-03 2.133E-01 2.000E+05 0.000E+00 0.000E+00
 4.17394620E-03   3908.8 1.320E+02 5.177E+10 2.374E-03 2.119E-01 2.000E+05 0.000E+00 0.000E+00
 4.91023902E-03   3933.1 1.553E+02 6.050E+10 2.721E-03 2.107E-01 2.000E+05 0.000E+00 0.000E+00
 5.76670860E-03   3957.7 1.824E+02 7.062E+10 3.118E-03 2.097E-01 2.000E+05 0.000E+00 0.000E+00
 6.76341507E-03   3982.7 2.139E+02 8.234E+10 3.575E-03 2.089E-01 2.000E+05 0.000E+00 0.000E+00
 7.92231286E-03   4008.3 2.505E+02 9.593E+10 4.099E-03 2.081E-01 2.000E+05 0.000E+00 0.000E+00
 9.27030863E-03   4034.3 2.931E+02 1.117E+11 4.701E-03 2.074E-01 2.000E+05 0.000E+00 0.000E+00
 1.08373256E-02   4060.8 3.427E+02 1.299E+11 5.391E-03 2.071E-01 2.000E+05 0.000E+00 0.000E+00
 1.26601352E-02   4087.9 4.003E+02 1.511E+11 6.183E-03 2.069E-01 2.000E+05 0.000E+00 0.000E+00
 1.47778489E-02   4115.5 4.673E+02 1.757E+11 7.093E-03 2.067E-01 2.000E+05 0.000E+00 0.000E+00
 1.72417674E-02   4143.7 5.452E+02 2.042E+11 8.135E-03 2.067E-01 2.000E+05 0.000E+00 0.000E+00
 2.01044397E-02   4172.3 6.358E+02 2.373E+11 9.330E-03 2.069E-01 2.000E+05 0.000E+00 0.000E+00
 2.34359599E-02   4201.5 7.411E+02 2.756E+11 1.070E-02 2.074E-01 2.000E+05 0.000E+00 0.000E+00
 2.73075524E-02   4231.0 8.635E+02 3.200E+11 1.227E-02 2.082E-01 2.000E+05 0.000E+00 0.000E+00
 3.18133782E-02   4261.0 1.006E+03 3.715E+11 1.406E-02 2.095E-01 2.000E+05 0.000E+00 0.000E+00
 3.70537514E-02   4291.4 1.172E+03 4.312E+11 1.611E-02 2.113E-01 2.000E+05 0.000E+00 0.000E+00
 4.31536244E-02   4322.2 1.365E+03 5.004E+11 1.846E-02 2.138E-01 2.000E+05 0.000E+00 0.000E+00
 5.02518843E-02   4353.5 1.589E+03 5.807E+11 2.115E-02 2.170E-01 2.000E+05 0.000E+00 0.000E+00
 5.85195330E-02   4385.1 1.850E+03 6.738E+11 2.422E-02 2.210E-01 2.000E+05 0.000E+00 0.000E+00
 6.81427301E-02   4417.2 2.155E+03 7.818E+11 2.774E-02 2.257E-01 2.000E+05 0.000E+00 0.000E+00
 7.93544333E-02   4449.7 2.509E+03 9.071E+11 3.175E-02 2.314E-01 2.000E+05 0.000E+00 0.000E+00
 9.24122797E-02   4482.7 2.922E+03 1.052E+12 3.635E-02 2.381E-01 2.000E+05 0.000E+00 0.000E+00
 1.07631855E-01   4516.0 3.403E+03 1.221E+12 4.159E-02 2.460E-01 2.000E+05 0.000E+00 0.000E+00
 1.25362379E-01   4549.7 3.964E+03 1.416E+12 4.759E-02 2.552E-01 2.000E+05 0.000E+00 0.000E+00
 1.46038381E-01   4583.8 4.618E+03 1.643E+12 5.443E-02 2.660E-01 2.000E+05 0.000E+00 0.000E+00
 1.70134256E-01   4618.4 5.380E+03 1.906E+12 6.225E-02 2.787E-01 2.000E+05 0.000E+00 0.000E+00
 1.98246751E-01   4653.4 6.269E+03 2.212E+12 7.119E-02 2.936E-01 2.000E+05 0.000E+00 0.000E+00
 2.31012952E-01   4689.2 7.305E+03 2.567E+12 8.140E-02 3.112E-01 2.000E+05 0.000E+00 0.000E+00
 2.69245981E-01   4726.1 8.514E+03 2.980E+12 9.308E-02 3.318E-01 2.000E+05 0.000E+00 0.000E+00
 3.13807781E-01   4764.7 9.923E+03 3.463E+12 1.065E-01 3.559E-01 2.000E+05 0.000E+00 0.000E+00
 3.65775062E-01   4805.2 1.157E+04 4.027E+12 1.218E-01 3.839E-01 2.000E+05 0.000E+00 0.000E+00
 4.26335624E-01   4848.8 1.348E+04 4.690E+12 1.394E-01 4.166E-01 2.000E+05 0.000E+00 0.000E+00
 4.96884077E-01   4896.4 1.571E+04 5.473E+12 1.596E-01 4.543E-01 2.000E+05 0.000E+00 0.000E+00
 5.79052033E-01   4949.0 1.831E+04 6.402E+12 1.828E-01 4.980E-01 2.000E+05 0.000E+00 0.000E+00
 6.74679527E-01   5008.4 2.133E+04 7.511E+12 2.094E-01 5.480E-01 2.000E+05 0.000E+00 0.000E+00
 7.85990423E-01   5076.1 2.485E+04 8.842E+12 2.399E-01 6.052E-01 2.000E+05 0.000E+00 0.000E+00
 9.15541927E-01   5154.2 2.895E+04 1.045E+13 2.749E-01 6.703E-01 2.000E+05 0.000E+00 0.000E+00
 1.06637510E+00   5244.8 3.372E+04 1.241E+13 3.147E-01 7.443E-01 2.000E+05 0.000E+00 0.000E+00
 1.24206808E+00   5350.9 3.928E+04 1.483E+13 3.603E-01 8.287E-01 2.000E+05 0.000E+00 0.000E+00
 1.44658611E+00   5475.0 4.574E+04 1.788E+13 4.131E-01 9.269E-01 2.000E+05 0.000E+00 0.000E+00
 1.68377146E+00   5621.1 5.324E+04 2.188E+13 4.769E-01 1.047E+00 2.000E+05 0.000E+00 0.000E+00
 1.95544179E+00   5791.5 6.183E+04 2.751E+13 5.613E-01 1.212E+00 2.000E+05 0.000E+00 0.000E+00
 2.25752384E+00   5993.4 7.139E+04 3.634E+13 6.882E-01 1.464E+00 2.000E+05 0.000E+00 0.000E+00
 2.57654482E+00   6225.5 8.148E+04 5.132E+13 8.976E-01 1.893E+00 2.000E+05 3.302E+03 0.000E+00
 2.88938231E+00   6502.5 9.137E+04 7.923E+13 1.273E+00 2.667E+00 2.000E+05 6.571E+05 4.436E+03
 3.17321903E+00   6816.3 1.003E+05 1.307E+14 1.937E+00 4.034E+00 2.000E+05 1.901E+07 2.507E+04
 3.41213797E+00   7187.1 1.079E+05 2.314E+14 3.185E+00 6.545E+00 2.000E+05 1.012E+08 7.321E+04
 3.60023056E+00   7603.1 1.138E+05 4.201E+14 5.494E+00 1.049E+01 2.000E+05 4.427E+08 1.092E+05
 3.74737477E+00   8002.7 1.185E+05 7.109E+14 9.127E+00 1.409E+01 2.000E+05 1.253E+09 1.737E+05
 3.87200140E+00   8326.1 1.224E+05 1.055E+15 1.362E+01 1.475E+01 2.000E+05 2.305E+09 2.122E+05
 3.98886537E+00   8583.2 1.261E+05 1.421E+15 1.860E+01 1.373E+01 2.000E+05 3.138E+09 2.278E+05
 4.10566417E+00   8809.1 1.298E+05 1.823E+15 2.432E+01 1.270E+01 2.000E+05 3.664E+09 2.303E+05
 4.22683154E+00   9011.8 1.337E+05 2.261E+15 3.080E+01 1.167E+01 2.000E+05 4.030E+09 2.334E+05
 4.35589285E+00   9200.3 1.377E+05 2.743E+15 3.821E+01 1.090E+01 2.000E+05 4.247E+09 2.310E+05
 4.49553258E+00   9382.3 1.421E+05 3.286E+15 4.683E+01 1.028E+01 2.000E+05 4.406E+09 2.275E+05
 4.64826834E+00   9558.8 1.470E+05 3.896E+15 5.680E+01 9.615E+00 2.000E+05 4.535E+09 2.274E+05
 4.81702475E+00   9731.1 1.523E+05 4.579E+15 6.825E+01 8.904E+00 2.000E+05 4.612E+09 2.204E+05
 5.00525966E+00   9898.5 1.583E+05 5.339E+15 8.123E+01 8.440E+00 2.000E+05 4.695E+09 2.211E+05
 5.21572644E+00  10074.8 1.649E+05 6.244E+15 9.700E+01 7.868E+00 2.000E+05 4.726E+09 2.143E+05
 5.45311710E+00  10236.7 1.724E+05 7.201E+15 1.137E+02 7.744E+00 2.000E+05 4.783E+09 2.123E+05
