 1.87729329E-03   3481.7 1.876E-02 4.258E+06 7.109E-05 6.110E-03 2.000E+05 0.000E+00 0.000E+00
 2.50129547E-03   3504.8 2.500E-02 5.618E+06 7.141E-05 6.264E-03 2.000E+05 0.000E+00 0.000E+00
 3.32957352E-03   3521.8 3.328E-02 7.412E+06 7.185E-05 6.319E-03 2.000E+05 0.000E+00 0.000E+00
 4.42534928E-03   3541.4 4.424E-02 9.769E+06 7.248E-05 6.330E-03 2.000E+05 0.000E+00 3.232E+05
 5.87179820E-03   3563.4 5.870E-02 1.286E+07 7.331E-05 6.287E-03 2.000E+05 0.000E+00 2.405E+05
 7.77664029E-03   3587.0 7.774E-02 1.692E+07 7.430E-05 6.203E-03 2.000E+05 0.000E+00 1.678E+05
 1.02803465E-02   3611.7 1.028E-01 2.221E+07 7.544E-05 6.103E-03 2.000E+05 0.000E+00 1.059E+05
 1.35649761E-02   3637.3 1.356E-01 2.911E+07 7.675E-05 6.004E-03 2.000E+05 0.000E+00 5.409E+04
 1.78653439E-02   3663.6 1.786E-01 3.809E+07 7.826E-05 5.907E-03 2.000E+05 0.000E+00 6.969E+03
 2.34825163E-02   3690.8 2.348E-01 4.976E+07 7.999E-05 5.815E-03 2.000E+05 0.000E+00 0.000E+00
 3.08002670E-02   3718.9 3.080E-01 6.490E+07 8.199E-05 5.720E-03 2.000E+05 0.000E+00 0.000E+00
 4.03051913E-02   3747.8 4.030E-01 8.446E+07 8.430E-05 5.624E-03 2.000E+05 0.000E+00 0.000E+00
 5.26095292E-02   3777.5 5.260E-01 1.097E+08 8.699E-05 5.529E-03 2.000E+05 0.000E+00 0.000E+00
 6.84772388E-02   3808.1 6.847E-01 1.421E+08 9.013E-05 5.437E-03 2.000E+05 0.000E+00 0.000E+00
 8.88497022E-02   3839.8 8.884E-01 1.836E+08 9.383E-05 5.354E-03 2.000E+05 0.000E+00 0.000E+00
 1.14870203E-01   3872.7 1.149E+00 2.365E+08 9.823E-05 5.269E-03 2.000E+05 0.000E+00 0.000E+00
 1.47911223E-01   3906.8 1.479E+00 3.040E+08 1.035E-04 5.179E-03 2.000E+05 0.000E+00 0.000E+00
 1.89611668E-01   3941.7 1.896E+00 3.893E+08 1.097E-04 5.078E-03 2.000E+05 0.000E+00 0.000E+00
 2.41920059E-01   3976.9 2.419E+00 4.968E+08 1.169E-04 4.973E-03 2.000E+05 0.000E+00 0.000E+00
 3.07134970E-01   4012.3 3.071E+00 6.314E+08 1.255E-04 4.870E-03 2.000E+05 0.000E+00 0.000E+00
 3.87936391E-01   4047.7 3.879E+00 7.993E+08 1.355E-04 4.776E-03 2.000E+05 0.000E+00 0.000E+00
 4.87416509E-01   4083.1 4.873E+00 1.008E+09 1.472E-04 4.693E-03 2.000E+05 0.000E+00 0.000E+00
 6.09141583E-01   4118.2 6.088E+00 1.265E+09 1.610E-04 4.611E-03 2.000E+05 0.000E+00 0.000E+00
 7.57230872E-01   4152.9 7.567E+00 1.580E+09 1.770E-04 4.541E-03 2.000E+05 0.000E+00 0.000E+00
 9.36424982E-01   4187.2 9.357E+00 1.964E+09 1.956E-04 4.483E-03 2.000E+05 0.000E+00 0.000E+00
 1.15212081E+00   4221.5 1.151E+01 2.432E+09 2.172E-04 4.446E-03 2.000E+05 0.000E+00 0.000E+00
 1.41037376E+00   4255.9 1.409E+01 3.000E+09 2.426E-04 4.427E-03 2.000E+05 0.000E+00 0.000E+00
 1.71797489E+00   4290.6 1.716E+01 3.687E+09 2.723E-04 4.415E-03 2.000E+05 0.000E+00 0.000E+00
 2.08261593E+00   4325.5 2.080E+01 4.517E+09 3.070E-04 4.410E-03 2.000E+05 0.000E+00 0.000E+00
 2.51311439E+00   4360.5 2.509E+01 5.512E+09 3.473E-04 4.414E-03 2.000E+05 0.000E+00 0.000E+00
 3.01955769E+00   4395.7 3.015E+01 6.705E+09 3.942E-04 4.431E-03 2.000E+05 0.000E+00 0.000E+00
 3.61328129E+00   4431.2 3.607E+01 8.137E+09 4.491E-04 4.474E-03 2.000E+05 0.000E+00 0.000E+00
 4.30682109E+00   4467.1 4.300E+01 9.860E+09 5.135E-04 4.541E-03 2.000E+05 0.000E+00 0.000E+00
 5.11423132E+00   4503.5 5.106E+01 1.193E+10 5.890E-04 4.630E-03 2.000E+05 0.000E+00 0.000E+00
 6.05140752E+00   4540.1 6.042E+01 1.442E+10 6.776E-04 4.739E-03 2.000E+05 0.000E+00 0.000E+00
 7.13695317E+00   4576.7 7.126E+01 1.738E+10 7.806E-04 4.870E-03 2.000E+05 0.000E+00 0.000E+00
 8.39248746E+00   4613.5 8.379E+01 2.092E+10 9.005E-04 5.036E-03 2.000E+05 0.000E+00 0.000E+00
 9.84216080E+00   4650.6 9.829E+01 2.516E+10 1.041E-03 5.245E-03 2.000E+05 0.000E+00 0.000E+00
 1.15127612E+01   4688.0 1.150E+02 3.024E+10 1.206E-03 5.500E-03 2.000E+05 0.000E+00 0.000E+00
 1.34347175E+01   4726.0 1.342E+02 3.633E+10 1.399E-03 5.810E-03 2.000E+05 0.000E+00 0.000E+00
 1.56422861E+01   4764.6 1.562E+02 4.365E+10 1.625E-03 6.183E-03 2.000E+05 0.000E+00 0.000E+00
 1.81734653E+01   4804.2 1.815E+02 5.248E+10 1.893E-03 6.638E-03 2.000E+05 0.000E+00 0.000E+00
 2.10687803E+01   4845.2 2.104E+02 6.321E+10 2.210E-03 7.199E-03 2.000E+05 0.000E+00 0.000E+00
 2.43689506E+01   4888.5 2.433E+02 7.645E+10 2.592E-03 7.895E-03 2.000E+05 0.000E+00 0.000E+00
 2.81125634E+01   4934.7 2.807E+02 9.293E+10 3.056E-03 8.760E-03 2.000E+05 0.000E+00 0.000E+00
 3.23335361E+01   4985.1 3.228E+02 1.138E+11 3.629E-03 9.856E-03 2.000E+05 0.000E+00 0.000E+00
 3.70508036E+01   5041.4 3.698E+02 1.410E+11 4.356E-03 1.127E-02 2.000E+05 0.000E+00 0.000E+00
 4.22605704E+01   5105.4 4.217E+02 1.776E+11 5.303E-03 1.314E-02 2.000E+05 0.000E+00 0.000E+00
 4.79245597E+01   5178.9 4.780E+02 2.281E+11 6.570E-03 1.564E-02 2.000E+05 0.000E+00 0.000E+00
 5.39637919E+01   5264.3 5.379E+02 3.002E+11 8.314E-03 1.910E-02 2.000E+05 0.000E+00 0.000E+00
 6.02568797E+01   5364.1 6.004E+02 4.061E+11 1.079E-02 2.402E-02 2.000E+05 0.000E+00 0.000E+00
 6.66282257E+01   5482.6 6.635E+02 5.691E+11 1.444E-02 3.133E-02 2.000E+05 0.000E+00 0.000E+00
 7.28583485E+01   5621.7 7.253E+02 8.289E+11 2.006E-02 4.256E-02 2.000E+05 5.286E-07 0.000E+00
 7.87257985E+01   5785.0 7.833E+02 1.257E+12 2.900E-02 6.052E-02 2.000E+05 1.938E-05 8.157E+00
 8.40095803E+01   5977.8 8.354E+02 1.989E+12 4.392E-02 9.072E-02 2.000E+05 4.863E-04 2.571E+01
 8.85404069E+01   6205.2 8.799E+02 3.286E+12 7.018E-02 1.443E-01 2.000E+05 1.823E-02 7.177E+01
 9.22007412E+01   6473.8 9.157E+02 5.659E+12 1.194E-01 2.463E-01 2.000E+05 1.309E+00 2.307E+02
 9.49598289E+01   6791.3 9.423E+02 1.013E+13 2.190E-01 4.575E-01 2.000E+05 2.247E+02 9.088E+02
 9.68555233E+01   7171.4 9.600E+02 1.886E+13 4.447E-01 9.528E-01 2.000E+05 7.233E+04 4.723E+03
 9.79990966E+01   7638.4 9.697E+02 3.643E+13 1.028E+00 2.196E+00 2.000E+05 7.761E+05 3.019E+04
 9.86068728E+01   8157.2 9.742E+02 6.534E+13 2.346E+00 4.036E+00 2.000E+05 9.882E+06 5.970E+04
 9.89760436E+01   8578.8 9.769E+02 9.167E+13 3.931E+00 4.174E+00 2.000E+05 2.404E+07 1.410E+05
 9.92785786E+01   8821.1 9.793E+02 1.132E+14 5.486E+00 3.444E+00 2.000E+05 2.914E+07 1.279E+05
 9.96162979E+01   8974.1 9.821E+02 1.305E+14 6.906E+00 2.965E+00 2.000E+05 3.226E+07 1.390E+05
 9.99752088E+01   9133.3 9.852E+02 1.496E+14 8.627E+00 2.637E+00 2.000E+05 4.597E+07 1.517E+05
 1.00388142E+02   9275.0 9.887E+02 1.654E+14 1.017E+01 2.376E+00 2.000E+05 7.197E+07 1.862E+05
 1.00855403E+02   9443.6 9.928E+02 1.843E+14 1.216E+01 2.295E+00 2.000E+05 9.798E+07 2.140E+05
 1.01408552E+02   9598.4 9.975E+02 2.006E+14 1.397E+01 2.142E+00 2.000E+05 1.213E+08 2.226E+05
 1.02051888E+02   9796.2 1.003E+03 2.200E+14 1.620E+01 2.217E+00 2.000E+05 1.490E+08 2.547E+05
 1.02805924E+02   9996.9 1.009E+03 2.381E+14 1.832E+01 2.175E+00 2.000E+05 1.795E+08 2.680E+05
 1.03721172E+02  10262.7 1.017E+03 2.572E+14 2.048E+01 2.490E+00 2.000E+05 2.063E+08 3.019E+05
 1.04870954E+02  10627.3 1.025E+03 2.772E+14 2.242E+01 2.868E+00 2.000E+05 2.136E+08 3.135E+05
