 1.86904161E-03   3486.6 1.867E-02 4.247E+06 7.135E-05 7.626E-03 2.000E+05 0.000E+00 0.000E+00
 2.47688778E-03   3551.3 2.475E-02 5.717E+06 7.498E-05 7.037E-03 2.000E+05 0.000E+00 0.000E+00
 3.26807307E-03   3563.2 3.265E-02 7.436E+06 7.494E-05 6.562E-03 2.000E+05 0.000E+00 0.000E+00
 4.31938180E-03   3582.7 4.316E-02 9.736E+06 7.552E-05 6.523E-03 2.000E+05 0.000E+00 7.564E+05
 5.70952251E-03   3603.0 5.705E-02 1.275E+07 7.621E-05 6.406E-03 2.000E+05 0.000E+00 5.236E+05
 7.54439541E-03   3624.7 7.539E-02 1.671E+07 7.707E-05 6.275E-03 2.000E+05 0.000E+00 3.417E+05
 9.96173853E-03   3647.4 9.955E-02 2.190E+07 7.808E-05 6.127E-03 2.000E+05 0.000E+00 1.897E+05
 1.31408373E-02   3670.6 1.313E-01 2.866E+07 7.924E-05 5.980E-03 2.000E+05 0.000E+00 5.160E+04
 1.73146744E-02   3694.3 1.730E-01 3.749E+07 8.055E-05 5.852E-03 2.000E+05 0.000E+00 0.000E+00
 2.27833760E-02   3718.6 2.277E-01 4.897E+07 8.208E-05 5.739E-03 2.000E+05 0.000E+00 0.000E+00
 2.99294565E-02   3743.8 2.991E-01 6.388E+07 8.388E-05 5.634E-03 2.000E+05 0.000E+00 0.000E+00
 3.92382294E-02   3770.0 3.921E-01 8.322E+07 8.601E-05 5.528E-03 2.000E+05 0.000E+00 0.000E+00
 5.13204766E-02   3797.2 5.129E-01 1.082E+08 8.853E-05 5.425E-03 2.000E+05 0.000E+00 0.000E+00
 6.69395417E-02   3825.4 6.690E-01 1.404E+08 9.152E-05 5.325E-03 2.000E+05 0.000E+00 0.000E+00
 8.70378221E-02   3854.7 8.699E-01 1.816E+08 9.507E-05 5.225E-03 2.000E+05 0.000E+00 0.000E+00
 1.12765456E-01   3885.2 1.127E+00 2.343E+08 9.930E-05 5.120E-03 2.000E+05 0.000E+00 0.000E+00
 1.45517328E-01   3916.5 1.454E+00 3.014E+08 1.043E-04 5.010E-03 2.000E+05 0.000E+00 0.000E+00
 1.86961239E-01   3948.5 1.869E+00 3.863E+08 1.102E-04 4.896E-03 2.000E+05 0.000E+00 0.000E+00
 2.39089591E-01   3981.0 2.390E+00 4.931E+08 1.172E-04 4.787E-03 2.000E+05 0.000E+00 0.000E+00
 3.04247543E-01   4013.6 3.041E+00 6.267E+08 1.254E-04 4.685E-03 2.000E+05 0.000E+00 0.000E+00
 3.85187526E-01   4046.4 3.850E+00 7.930E+08 1.351E-04 4.597E-03 2.000E+05 0.000E+00 0.000E+00
 4.85092020E-01   4079.2 4.848E+00 9.990E+08 1.464E-04 4.524E-03 2.000E+05 0.000E+00 0.000E+00
 6.07617748E-01   4112.2 6.073E+00 1.253E+09 1.597E-04 4.465E-03 2.000E+05 0.000E+00 0.000E+00
 7.56976184E-01   4145.3 7.566E+00 1.564E+09 1.752E-04 4.423E-03 2.000E+05 0.000E+00 0.000E+00
 9.37925536E-01   4178.7 9.375E+00 1.944E+09 1.934E-04 4.394E-03 2.000E+05 0.000E+00 0.000E+00
 1.15582741E+00   4212.6 1.155E+01 2.406E+09 2.147E-04 4.381E-03 2.000E+05 0.000E+00 0.000E+00
 1.41680378E+00   4247.0 1.416E+01 2.968E+09 2.398E-04 4.380E-03 2.000E+05 0.000E+00 0.000E+00
 1.72760337E+00   4282.0 1.727E+01 3.649E+09 2.691E-04 4.387E-03 2.000E+05 0.000E+00 0.000E+00
 2.09594004E+00   4317.7 2.095E+01 4.473E+09 3.036E-04 4.403E-03 2.000E+05 0.000E+00 0.000E+00
 2.53023543E+00   4353.9 2.529E+01 5.467E+09 3.440E-04 4.426E-03 2.000E+05 0.000E+00 0.000E+00
 3.04033228E+00   4390.6 3.039E+01 6.665E+09 3.914E-04 4.457E-03 2.000E+05 0.000E+00 0.000E+00
 3.63703827E+00   4427.4 3.635E+01 8.104E+09 4.468E-04 4.502E-03 2.000E+05 0.000E+00 0.000E+00
 4.33330875E+00   4464.2 4.331E+01 9.830E+09 5.115E-04 4.565E-03 2.000E+05 0.000E+00 0.000E+00
 5.14291013E+00   4501.1 5.141E+01 1.190E+10 5.870E-04 4.650E-03 2.000E+05 0.000E+00 0.000E+00
 6.08300415E+00   4538.0 6.080E+01 1.437E+10 6.752E-04 4.760E-03 2.000E+05 0.000E+00 0.000E+00
 7.17115350E+00   4575.0 7.168E+01 1.733E+10 7.781E-04 4.898E-03 2.000E+05 0.000E+00 0.000E+00
 8.42988852E+00   4612.1 8.426E+01 2.087E+10 8.983E-04 5.069E-03 2.000E+05 0.000E+00 0.000E+00
 9.88196132E+00   4649.3 9.877E+01 2.510E+10 1.039E-03 5.276E-03 2.000E+05 0.000E+00 0.000E+00
 1.15565427E+01   4686.8 1.155E+02 3.015E+10 1.202E-03 5.529E-03 2.000E+05 0.000E+00 0.000E+00
 1.34827231E+01   4724.6 1.348E+02 3.620E+10 1.394E-03 5.837E-03 2.000E+05 0.000E+00 0.000E+00
 1.56980334E+01   4762.9 1.569E+02 4.345E+10 1.619E-03 6.210E-03 2.000E+05 0.000E+00 0.000E+00
 1.82373600E+01   4802.2 1.823E+02 5.220E+10 1.884E-03 6.667E-03 2.000E+05 0.000E+00 0.000E+00
 2.11463064E+01   4842.8 2.113E+02 6.281E+10 2.198E-03 7.226E-03 2.000E+05 0.000E+00 0.000E+00
 2.44623866E+01   4885.7 2.445E+02 7.583E+10 2.574E-03 7.920E-03 2.000E+05 0.000E+00 0.000E+00
 2.82309559E+01   4931.5 2.821E+02 9.203E+10 3.031E-03 8.786E-03 2.000E+05 0.000E+00 0.000E+00
 3.24813006E+01   4981.7 3.246E+02 1.126E+11 3.596E-03 9.886E-03 2.000E+05 0.000E+00 0.000E+00
 3.72352675E+01   5037.8 3.721E+02 1.393E+11 4.312E-03 1.130E-02 2.000E+05 0.000E+00 0.000E+00
 4.24868445E+01   5101.5 4.245E+02 1.751E+11 5.239E-03 1.316E-02 2.000E+05 0.000E+00 0.000E+00
 4.82037075E+01   5175.1 4.816E+02 2.245E+11 6.481E-03 1.567E-02 2.000E+05 0.000E+00 0.000E+00
 5.42992855E+01   5260.6 5.424E+02 2.951E+11 8.194E-03 1.914E-02 2.000E+05 0.000E+00 0.000E+00
 6.06442848E+01   5360.9 6.058E+02 3.999E+11 1.064E-02 2.412E-02 2.000E+05 0.000E+00 0.000E+00
 6.70594623E+01   5479.0 6.697E+02 5.610E+11 1.426E-02 3.148E-02 2.000E+05 0.000E+00 0.000E+00
 7.33300676E+01   5618.1 7.322E+02 8.181E+11 1.983E-02 4.281E-02 2.000E+05 1.275E-04 0.000E+00
 7.92225747E+01   5782.5 7.908E+02 1.245E+12 2.874E-02 6.101E-02 2.000E+05 1.119E-02 6.864E+01
 8.45210230E+01   5975.8 8.434E+02 1.974E+12 4.361E-02 9.148E-02 2.000E+05 5.304E-01 2.927E+02
 8.90559099E+01   6204.1 8.882E+02 3.272E+12 6.985E-02 1.458E-01 2.000E+05 2.746E+01 1.012E+03
 9.27157526E+01   6473.3 9.241E+02 5.650E+12 1.190E-01 2.493E-01 2.000E+05 2.273E+03 3.594E+03
 9.54714989E+01   6790.8 9.508E+02 1.013E+13 2.188E-01 4.647E-01 2.000E+05 2.645E+05 1.480E+04
 9.73553373E+01   7177.0 9.683E+02 1.908E+13 4.499E-01 9.801E-01 2.000E+05 3.363E+06 6.729E+04
 9.84930264E+01   7636.8 9.780E+02 3.681E+13 1.037E+00 2.219E+00 2.000E+05 2.230E+08 1.391E+05
 9.91474928E+01   8106.6 9.825E+02 6.533E+13 2.334E+00 3.950E+00 2.000E+05 1.067E+09 5.661E+05
 9.96033402E+01   8424.1 9.852E+02 9.125E+13 3.880E+00 4.055E+00 2.000E+05 2.356E+09 8.004E+05
 1.00007636E+02   8647.0 9.877E+02 1.125E+14 5.401E+00 3.267E+00 2.000E+05 3.379E+09 8.962E+05
 1.00420395E+02   8804.3 9.906E+02 1.288E+14 6.716E+00 2.785E+00 2.000E+05 3.891E+09 9.385E+05
 1.00861529E+02   8979.8 9.939E+02 1.480E+14 8.415E+00 2.598E+00 2.000E+05 4.165E+09 9.594E+05
 1.01344935E+02   9124.2 9.975E+02 1.642E+14 9.983E+00 2.299E+00 2.000E+05 4.390E+09 9.958E+05
 1.01887525E+02   9285.4 1.002E+03 1.826E+14 1.188E+01 2.170E+00 2.000E+05 4.496E+09 1.015E+06
 1.02506114E+02   9432.4 1.007E+03 1.991E+14 1.369E+01 2.072E+00 2.000E+05 4.563E+09 1.026E+06
 1.03218495E+02   9612.5 1.012E+03 2.187E+14 1.592E+01 2.149E+00 2.000E+05 4.628E+09 1.071E+06
 1.04043811E+02   9797.5 1.019E+03 2.374E+14 1.810E+01 2.101E+00 2.000E+05 4.636E+09 1.074E+06
 1.05019342E+02  10009.9 1.026E+03 2.566E+14 2.028E+01 2.352E+00 2.000E+05 4.677E+09 1.132E+06
 1.06192510E+02  10298.2 1.035E+03 2.772E+14 2.236E+01 2.714E+00 2.000E+05 4.624E+09 1.170E+06
