 1.68038111E-03   3434.4 1.670E-03 4.667E+05 7.943E-05 5.142E-03 2.000E+05 0.000E+00 0.000E+00
 2.21705380E-03   3493.8 2.204E-03 6.594E+05 8.630E-05 4.993E-03 2.000E+05 0.000E+00 0.000E+00
 2.90587088E-03   3508.8 2.889E-03 8.472E+05 8.585E-05 4.506E-03 2.000E+05 0.000E+00 0.000E+00
 3.82757521E-03   3527.0 3.807E-03 1.099E+06 8.578E-05 4.359E-03 2.000E+05 0.000E+00 1.007E+07
 5.05754671E-03   3545.0 5.032E-03 1.428E+06 8.566E-05 4.217E-03 2.000E+05 0.000E+00 7.321E+06
 6.70051908E-03   3563.2 6.668E-03 1.860E+06 8.555E-05 4.096E-03 2.000E+05 0.000E+00 5.280E+06
 8.89350497E-03   3581.7 8.853E-03 2.427E+06 8.549E-05 3.994E-03 2.000E+05 0.000E+00 3.770E+06
 1.18186140E-02   3600.9 1.177E-02 3.175E+06 8.553E-05 3.906E-03 2.000E+05 0.000E+00 2.660E+06
 1.57134646E-02   3621.0 1.565E-02 4.160E+06 8.573E-05 3.826E-03 2.000E+05 0.000E+00 1.841E+06
 2.08892913E-02   3642.3 2.080E-02 5.461E+06 8.613E-05 3.744E-03 2.000E+05 0.000E+00 1.236E+06
 2.77513331E-02   3664.8 2.764E-02 7.176E+06 8.672E-05 3.657E-03 2.000E+05 0.000E+00 7.873E+05
 3.68304005E-02   3688.2 3.669E-02 9.433E+06 8.749E-05 3.573E-03 2.000E+05 0.000E+00 4.733E+05
 4.88203352E-02   3712.5 4.863E-02 1.240E+07 8.842E-05 3.493E-03 2.000E+05 0.000E+00 2.731E+05
 6.46240271E-02   3737.7 6.438E-02 1.630E+07 8.955E-05 3.419E-03 2.000E+05 0.000E+00 1.462E+05
 8.54052226E-02   3764.2 8.510E-02 2.142E+07 9.093E-05 3.350E-03 2.000E+05 0.000E+00 7.156E+04
 1.12649950E-01   3792.2 1.123E-01 2.817E+07 9.264E-05 3.277E-03 2.000E+05 0.000E+00 3.067E+04
 1.48252850E-01   3821.4 1.477E-01 3.703E+07 9.468E-05 3.202E-03 2.000E+05 0.000E+00 9.453E+03
 1.94624604E-01   3852.0 1.940E-01 4.865E+07 9.710E-05 3.125E-03 2.000E+05 0.000E+00 0.000E+00
 2.54815612E-01   3883.6 2.540E-01 6.387E+07 9.992E-05 3.048E-03 2.000E+05 0.000E+00 0.000E+00
 3.32661070E-01   3916.3 3.316E-01 8.377E+07 1.032E-04 2.972E-03 2.000E+05 0.000E+00 0.000E+00
 4.32948857E-01   3949.8 4.316E-01 1.097E+08 1.070E-04 2.896E-03 2.000E+05 0.000E+00 0.000E+00
 5.61632012E-01   3984.0 5.599E-01 1.435E+08 1.115E-04 2.822E-03 2.000E+05 0.000E+00 0.000E+00
 7.26064144E-01   4018.7 7.239E-01 1.872E+08 1.166E-04 2.754E-03 2.000E+05 0.000E+00 0.000E+00
 9.35275821E-01   4053.7 9.325E-01 2.437E+08 1.224E-04 2.695E-03 2.000E+05 0.000E+00 0.000E+00
 1.20019957E+00   4089.1 1.197E+00 3.165E+08 1.293E-04 2.646E-03 2.000E+05 0.000E+00 0.000E+00
 1.53381079E+00   4125.1 1.530E+00 4.100E+08 1.373E-04 2.609E-03 2.000E+05 0.000E+00 0.000E+00
 1.95125812E+00   4161.8 1.946E+00 5.300E+08 1.468E-04 2.583E-03 2.000E+05 0.000E+00 0.000E+00
 2.46980394E+00   4199.6 2.463E+00 6.840E+08 1.582E-04 2.565E-03 2.000E+05 0.000E+00 0.000E+00
 3.10875886E+00   4238.5 3.100E+00 8.812E+08 1.719E-04 2.554E-03 2.000E+05 0.000E+00 0.000E+00
 3.88949864E+00   4278.5 3.879E+00 1.133E+09 1.884E-04 2.550E-03 2.000E+05 0.000E+00 0.000E+00
 4.83550648E+00   4319.6 4.823E+00 1.454E+09 2.081E-04 2.551E-03 2.000E+05 0.000E+00 0.000E+00
 5.97284222E+00   4361.2 5.957E+00 1.859E+09 2.317E-04 2.562E-03 2.000E+05 0.000E+00 0.000E+00
 7.33002184E+00   4403.5 7.311E+00 2.372E+09 2.598E-04 2.582E-03 2.000E+05 0.000E+00 0.000E+00
 8.93834354E+00   4446.4 8.915E+00 3.016E+09 2.933E-04 2.614E-03 2.000E+05 0.000E+00 0.000E+00
 1.08315619E+01   4489.8 1.080E+01 3.826E+09 3.333E-04 2.658E-03 2.000E+05 0.000E+00 0.000E+00
 1.30465047E+01   4533.7 1.301E+01 4.839E+09 3.810E-04 2.714E-03 2.000E+05 0.000E+00 0.000E+00
 1.56241238E+01   4577.9 1.558E+01 6.101E+09 4.375E-04 2.784E-03 2.000E+05 0.000E+00 0.000E+00
 1.86104582E+01   4622.3 1.856E+01 7.666E+09 5.046E-04 2.871E-03 2.000E+05 0.000E+00 0.000E+00
 2.20578566E+01   4666.6 2.200E+01 9.599E+09 5.838E-04 2.980E-03 2.000E+05 0.000E+00 0.000E+00
 2.60261026E+01   4710.9 2.596E+01 1.198E+10 6.772E-04 3.114E-03 2.000E+05 0.000E+00 0.000E+00
 3.05818142E+01   4755.4 3.050E+01 1.491E+10 7.876E-04 3.282E-03 2.000E+05 0.000E+00 0.000E+00
 3.57979884E+01   4800.2 3.570E+01 1.851E+10 9.185E-04 3.491E-03 2.000E+05 0.000E+00 0.000E+00
 4.17520021E+01   4845.9 4.163E+01 2.297E+10 1.075E-03 3.753E-03 2.000E+05 0.000E+00 0.000E+00
 4.85209140E+01   4893.1 4.837E+01 2.853E+10 1.264E-03 4.082E-03 2.000E+05 0.000E+00 0.000E+00
 5.61759975E+01   4942.6 5.599E+01 3.554E+10 1.495E-03 4.500E-03 2.000E+05 0.000E+00 0.000E+00
 6.47719007E+01   4995.7 6.455E+01 4.454E+10 1.783E-03 5.039E-03 2.000E+05 0.000E+00 0.000E+00
 7.43327332E+01   5053.6 7.406E+01 5.633E+10 2.150E-03 5.742E-03 2.000E+05 0.000E+00 0.000E+00
 8.48360645E+01   5118.1 8.450E+01 7.218E+10 2.628E-03 6.680E-03 2.000E+05 0.000E+00 0.000E+00
 9.61919130E+01   5191.4 9.577E+01 9.410E+10 3.272E-03 7.958E-03 2.000E+05 0.000E+00 0.000E+00
 1.08225587E+02   5275.8 1.077E+02 1.254E+11 4.164E-03 9.747E-03 2.000E+05 0.000E+00 0.000E+00
 1.20667555E+02   5373.9 1.200E+02 1.716E+11 5.446E-03 1.233E-02 2.000E+05 0.000E+00 0.000E+00
 1.33154415E+02   5489.1 1.323E+02 2.423E+11 7.356E-03 1.620E-02 2.000E+05 3.739E-09 0.000E+00
 1.45256539E+02   5624.8 1.442E+02 3.543E+11 1.032E-02 2.223E-02 2.000E+05 2.705E-06 3.581E+00
 1.56506297E+02   5785.0 1.551E+02 5.383E+11 1.515E-02 3.211E-02 2.000E+05 1.767E-04 3.079E+01
 1.66465925E+02   5975.0 1.647E+02 8.522E+11 2.345E-02 4.928E-02 2.000E+05 1.098E-02 1.172E+02
 1.74772650E+02   6200.9 1.725E+02 1.408E+12 3.874E-02 8.131E-02 2.000E+05 1.022E+00 4.395E+02
 1.81218956E+02   6470.0 1.782E+02 2.427E+12 6.923E-02 1.465E-01 2.000E+05 1.947E+02 1.876E+03
 1.85770642E+02   6794.7 1.818E+02 4.375E+12 1.373E-01 2.959E-01 2.000E+05 7.717E+04 1.011E+04
 1.88632900E+02   7184.9 1.834E+02 8.148E+12 3.061E-01 6.774E-01 2.000E+05 1.239E+06 6.991E+04
 1.90234881E+02   7647.2 1.832E+02 1.521E+13 7.549E-01 1.674E+00 2.000E+05 1.057E+08 1.632E+05
 1.91104562E+02   8142.4 1.819E+02 2.600E+13 1.790E+00 3.319E+00 2.000E+05 7.482E+08 7.532E+05
 1.91689273E+02   8503.1 1.804E+02 3.504E+13 3.015E+00 3.722E+00 2.000E+05 1.910E+09 1.357E+06
 1.92215556E+02   8771.9 1.791E+02 4.153E+13 4.116E+00 3.443E+00 2.000E+05 2.840E+09 1.560E+06
 1.92757262E+02   9012.6 1.778E+02 4.656E+13 5.092E+00 3.401E+00 2.000E+05 3.262E+09 1.718E+06
 1.93357230E+02   9282.1 1.762E+02 5.085E+13 5.986E+00 3.888E+00 2.000E+05 3.368E+09 1.817E+06
 1.94059569E+02   9626.8 1.733E+02 5.379E+13 6.568E+00 6.458E+00 2.000E+05 2.567E+09 1.983E+06
 1.95018285E+02  10495.9 1.665E+02 5.311E+13 5.720E+00 9.649E+00 2.000E+05 9.394E+08 1.003E+06
 1.96741937E+02  11651.5 1.539E+02 4.556E+13 3.454E+00 6.969E+00 2.000E+05 5.208E+07 2.768E+05
 2.00783388E+02  12862.5 1.365E+02 3.690E+13 1.979E+00 4.035E+00 2.000E+05 8.548E+05 1.786E+05
 2.09643482E+02  14052.4 1.167E+02 2.938E+13 1.299E+00 2.635E+00 2.000E+05 2.497E+05 1.421E+05
 2.26753317E+02  15295.0 9.589E+01 2.256E+13 9.445E-01 1.902E+00 2.000E+05 2.335E+05 1.209E+05
 2.56407847E+02  16567.0 7.516E+01 1.640E+13 7.424E-01 1.496E+00 2.000E+05 5.522E+05 2.511E+05
