 8.52350167E-04   3692.2 8.524E+00 1.558E+09 1.565E-04 5.311E-02 2.000E+05 0.000E+00 0.000E+00
 1.11865106E-03   3712.6 1.119E+01 2.014E+09 1.775E-04 5.765E-02 2.000E+05 0.000E+00 0.000E+00
 1.43192669E-03   3731.7 1.432E+01 2.541E+09 2.011E-04 5.960E-02 2.000E+05 0.000E+00 0.000E+00
 1.80055080E-03   3752.8 1.801E+01 3.156E+09 2.280E-04 6.070E-02 2.000E+05 0.000E+00 0.000E+00
 2.23385232E-03   3775.0 2.234E+01 3.872E+09 2.587E-04 6.100E-02 2.000E+05 0.000E+00 0.000E+00
 2.74282837E-03   3797.8 2.743E+01 4.707E+09 2.938E-04 6.084E-02 2.000E+05 0.000E+00 0.000E+00
 3.34011367E-03   3821.1 3.340E+01 5.679E+09 3.341E-04 6.036E-02 2.000E+05 0.000E+00 0.000E+00
 4.04030127E-03   3844.5 4.040E+01 6.810E+09 3.802E-04 5.961E-02 2.000E+05 0.000E+00 0.000E+00
 4.86035384E-03   3868.0 4.860E+01 8.124E+09 4.331E-04 5.877E-02 2.000E+05 0.000E+00 0.000E+00
 5.81992823E-03   3891.4 5.820E+01 9.651E+09 4.937E-04 5.796E-02 2.000E+05 0.000E+00 0.000E+00
 6.94191364E-03   3914.8 6.942E+01 1.142E+10 5.633E-04 5.718E-02 2.000E+05 0.000E+00 0.000E+00
 8.25287766E-03   3938.0 8.253E+01 1.348E+10 6.431E-04 5.647E-02 2.000E+05 0.000E+00 0.000E+00
 9.78378150E-03   3961.3 9.784E+01 1.585E+10 7.345E-04 5.590E-02 2.000E+05 0.000E+00 0.000E+00
 1.15705017E-02   3984.5 1.157E+02 1.861E+10 8.395E-04 5.543E-02 2.000E+05 0.000E+00 0.000E+00
 1.36548965E-02   4007.9 1.365E+02 2.181E+10 9.598E-04 5.505E-02 2.000E+05 0.000E+00 0.000E+00
 1.60855519E-02   4031.4 1.609E+02 2.550E+10 1.098E-03 5.477E-02 2.000E+05 0.000E+00 0.000E+00
 1.89192189E-02   4055.1 1.892E+02 2.979E+10 1.256E-03 5.463E-02 2.000E+05 0.000E+00 0.000E+00
 2.22216965E-02   4079.2 2.222E+02 3.475E+10 1.437E-03 5.459E-02 2.000E+05 0.000E+00 0.000E+00
 2.60698230E-02   4103.6 2.607E+02 4.049E+10 1.645E-03 5.462E-02 2.000E+05 0.000E+00 0.000E+00
 3.05527758E-02   4128.5 3.055E+02 4.715E+10 1.883E-03 5.475E-02 2.000E+05 0.000E+00 0.000E+00
 3.57748931E-02   4153.9 3.577E+02 5.486E+10 2.156E-03 5.496E-02 2.000E+05 0.000E+00 0.000E+00
 4.18571748E-02   4179.9 4.186E+02 6.379E+10 2.468E-03 5.520E-02 2.000E+05 0.000E+00 0.000E+00
 4.89413149E-02   4206.3 4.894E+02 7.414E+10 2.826E-03 5.553E-02 2.000E+05 0.000E+00 0.000E+00
 5.71915440E-02   4233.4 5.719E+02 8.614E+10 3.236E-03 5.593E-02 2.000E+05 0.000E+00 0.000E+00
 6.68003619E-02   4260.9 6.680E+02 1.001E+11 3.705E-03 5.643E-02 2.000E+05 0.000E+00 0.000E+00
 7.79915932E-02   4289.1 7.799E+02 1.162E+11 4.242E-03 5.700E-02 2.000E+05 0.000E+00 0.000E+00
 9.10273523E-02   4317.6 9.103E+02 1.349E+11 4.856E-03 5.769E-02 2.000E+05 0.000E+00 0.000E+00
 1.06212521E-01   4346.7 1.062E+03 1.566E+11 5.559E-03 5.853E-02 2.000E+05 0.000E+00 0.000E+00
 1.23904391E-01   4376.0 1.239E+03 1.817E+11 6.362E-03 5.951E-02 2.000E+05 0.000E+00 0.000E+00
 1.44518980E-01   4405.7 1.445E+03 2.108E+11 7.280E-03 6.066E-02 2.000E+05 0.000E+00 0.000E+00
 1.68543483E-01   4435.6 1.685E+03 2.446E+11 8.330E-03 6.207E-02 2.000E+05 0.000E+00 0.000E+00
 1.96543988E-01   4465.7 1.965E+03 2.838E+11 9.530E-03 6.375E-02 2.000E+05 0.000E+00 0.000E+00
 2.29184425E-01   4495.7 2.292E+03 3.292E+11 1.090E-02 6.577E-02 2.000E+05 0.000E+00 0.000E+00
 2.67238617E-01   4525.9 2.672E+03 3.818E+11 1.247E-02 6.818E-02 2.000E+05 0.000E+00 0.000E+00
 3.11610617E-01   4556.0 3.116E+03 4.428E+11 1.426E-02 7.106E-02 2.000E+05 0.000E+00 0.000E+00
 3.63353936E-01   4586.2 3.634E+03 5.135E+11 1.630E-02 7.446E-02 2.000E+05 0.000E+00 0.000E+00
 4.23699188E-01   4616.5 4.237E+03 5.954E+11 1.864E-02 7.847E-02 2.000E+05 0.000E+00 0.000E+00
 4.94080466E-01   4646.9 4.941E+03 6.904E+11 2.131E-02 8.316E-02 2.000E+05 0.000E+00 0.000E+00
 5.76172456E-01   4677.6 5.762E+03 8.006E+11 2.437E-02 8.868E-02 2.000E+05 0.000E+00 0.000E+00
 6.71923281E-01   4708.9 6.719E+03 9.287E+11 2.786E-02 9.514E-02 2.000E+05 0.000E+00 0.000E+00
 7.83595142E-01   4741.1 7.836E+03 1.078E+12 3.185E-02 1.027E-01 2.000E+05 0.000E+00 0.000E+00
 9.13841526E-01   4774.7 9.138E+03 1.251E+12 3.642E-02 1.114E-01 2.000E+05 0.000E+00 0.000E+00
 1.06572170E+00   4810.5 1.066E+04 1.454E+12 4.166E-02 1.216E-01 2.000E+05 0.000E+00 0.000E+00
 1.24279289E+00   4849.3 1.243E+04 1.693E+12 4.766E-02 1.334E-01 2.000E+05 0.000E+00 0.000E+00
 1.44914456E+00   4892.3 1.449E+04 1.975E+12 5.455E-02 1.470E-01 2.000E+05 0.000E+00 0.000E+00
 1.68945451E+00   4940.7 1.689E+04 2.311E+12 6.249E-02 1.626E-01 2.000E+05 0.000E+00 0.000E+00
 1.96901893E+00   4996.2 1.969E+04 2.716E+12 7.168E-02 1.806E-01 2.000E+05 0.000E+00 0.000E+00
 2.29371489E+00   5060.5 2.294E+04 3.210E+12 8.239E-02 2.016E-01 2.000E+05 0.000E+00 0.000E+00
 2.66977227E+00   5135.8 2.670E+04 3.826E+12 9.506E-02 2.263E-01 2.000E+05 0.000E+00 0.000E+00
 3.10291828E+00   5224.3 3.103E+04 4.620E+12 1.105E-01 2.564E-01 2.000E+05 0.000E+00 0.000E+00
 3.59683746E+00   5328.7 3.597E+04 5.688E+12 1.301E-01 2.950E-01 2.000E+05 0.000E+00 0.000E+00
 4.15016523E+00   5451.8 4.150E+04 7.215E+12 1.568E-01 3.480E-01 2.000E+05 0.000E+00 0.000E+00
 4.75249006E+00   5596.9 4.752E+04 9.557E+12 1.956E-01 4.263E-01 2.000E+05 0.000E+00 0.000E+00
 5.38136175E+00   5767.8 5.381E+04 1.339E+13 2.561E-01 5.496E-01 2.000E+05 0.000E+00 0.000E+00
 6.00441583E+00   5968.4 6.004E+04 2.003E+13 3.545E-01 7.510E-01 2.000E+05 1.071E+01 0.000E+00
 6.58796875E+00   6201.9 6.588E+04 3.190E+13 5.190E-01 1.089E+00 2.000E+05 4.413E+02 5.407E+02
 7.10470129E+00   6474.6 7.105E+04 5.386E+13 8.028E-01 1.671E+00 2.000E+05 1.107E+04 1.802E+03
 7.54017923E+00   6787.1 7.540E+04 9.471E+13 1.298E+00 2.690E+00 2.000E+05 2.811E+05 5.122E+03
 7.89050977E+00   7148.5 7.890E+04 1.725E+14 2.202E+00 4.559E+00 2.000E+05 6.044E+06 1.472E+04
 8.15938793E+00   7563.0 8.159E+04 3.210E+14 3.914E+00 8.080E+00 2.000E+05 4.353E+07 3.947E+04
 8.35549136E+00   8033.0 8.355E+04 6.003E+14 7.284E+00 1.439E+01 2.000E+05 2.808E+08 6.806E+04
 8.49652260E+00   8508.1 8.496E+04 1.050E+15 1.326E+01 2.185E+01 2.000E+05 9.846E+08 1.212E+05
 8.60560495E+00   8901.9 8.606E+04 1.591E+15 2.132E+01 2.427E+01 2.000E+05 2.098E+09 1.584E+05
 8.70268252E+00   9196.4 8.703E+04 2.121E+15 3.003E+01 2.202E+01 2.000E+05 3.084E+09 1.785E+05
 8.79830493E+00   9435.9 8.799E+04 2.645E+15 3.933E+01 2.018E+01 2.000E+05 3.674E+09 1.801E+05
 8.89729044E+00   9656.6 8.899E+04 3.210E+15 5.000E+01 1.840E+01 2.000E+05 4.044E+09 1.859E+05
 9.00357771E+00   9848.2 9.005E+04 3.769E+15 6.110E+01 1.670E+01 2.000E+05 4.276E+09 1.842E+05
 9.12021271E+00  10042.0 9.122E+04 4.400E+15 7.419E+01 1.585E+01 2.000E+05 4.423E+09 1.860E+05
 9.24954433E+00  10226.6 9.251E+04 5.068E+15 8.852E+01 1.465E+01 2.000E+05 4.536E+09 1.844E+05
 9.39478371E+00  10412.9 9.397E+04 5.809E+15 1.049E+02 1.406E+01 2.000E+05 4.622E+09 1.853E+05
 9.55830683E+00  10606.8 9.560E+04 6.652E+15 1.241E+02 1.314E+01 2.000E+05 4.680E+09 1.842E+05
 9.74456972E+00  10790.9 9.746E+04 7.527E+15 1.443E+02 1.317E+01 2.000E+05 4.732E+09 1.843E+05
