 1.80722640E-03   3553.1 1.807E-01 3.818E+07 7.378E-05 1.368E-02 2.000E+05 0.000E+00 0.000E+00
 2.39799383E-03   3614.6 2.398E-01 5.028E+07 7.677E-05 1.233E-02 2.000E+05 0.000E+00 0.000E+00
 3.16347808E-03   3629.5 3.163E-01 6.583E+07 7.819E-05 1.188E-02 2.000E+05 0.000E+00 0.000E+00
 4.16224239E-03   3651.8 4.162E-01 8.597E+07 8.019E-05 1.184E-02 2.000E+05 0.000E+00 0.000E+00
 5.45820191E-03   3674.5 5.458E-01 1.119E+08 8.254E-05 1.171E-02 2.000E+05 0.000E+00 0.000E+00
 7.13316680E-03   3698.4 7.133E-01 1.452E+08 8.535E-05 1.157E-02 2.000E+05 0.000E+00 0.000E+00
 9.28763658E-03   3723.2 9.287E-01 1.876E+08 8.871E-05 1.140E-02 2.000E+05 0.000E+00 0.000E+00
 1.20444426E-02   3748.8 1.204E+00 2.415E+08 9.269E-05 1.122E-02 2.000E+05 0.000E+00 0.000E+00
 1.55525544E-02   3775.0 1.555E+00 3.097E+08 9.740E-05 1.102E-02 2.000E+05 0.000E+00 0.000E+00
 1.99904574E-02   3801.5 1.999E+00 3.952E+08 1.030E-04 1.085E-02 2.000E+05 0.000E+00 0.000E+00
 2.55705893E-02   3828.7 2.557E+00 5.020E+08 1.095E-04 1.068E-02 2.000E+05 0.000E+00 0.000E+00
 3.25425110E-02   3856.4 3.254E+00 6.346E+08 1.173E-04 1.051E-02 2.000E+05 0.000E+00 0.000E+00
 4.11980775E-02   3884.5 4.119E+00 7.981E+08 1.263E-04 1.033E-02 2.000E+05 0.000E+00 0.000E+00
 5.18777990E-02   3912.9 5.187E+00 9.986E+08 1.370E-04 1.015E-02 2.000E+05 0.000E+00 0.000E+00
 6.49759367E-02   3941.5 6.497E+00 1.243E+09 1.493E-04 9.969E-03 2.000E+05 0.000E+00 0.000E+00
 8.09500258E-02   3970.1 8.094E+00 1.540E+09 1.637E-04 9.810E-03 2.000E+05 0.000E+00 0.000E+00
 1.00325582E-01   3998.7 1.003E+01 1.897E+09 1.804E-04 9.671E-03 2.000E+05 0.000E+00 0.000E+00
 1.23708401E-01   4027.4 1.237E+01 2.327E+09 1.998E-04 9.552E-03 2.000E+05 0.000E+00 0.000E+00
 1.51796312E-01   4056.2 1.518E+01 2.841E+09 2.223E-04 9.455E-03 2.000E+05 0.000E+00 0.000E+00
 1.85395925E-01   4085.1 1.854E+01 3.454E+09 2.484E-04 9.374E-03 2.000E+05 0.000E+00 0.000E+00
 2.25424405E-01   4114.2 2.254E+01 4.181E+09 2.785E-04 9.313E-03 2.000E+05 0.000E+00 0.000E+00
 2.72949880E-01   4143.6 2.729E+01 5.043E+09 3.133E-04 9.268E-03 2.000E+05 0.000E+00 0.000E+00
 3.29191577E-01   4173.2 3.291E+01 6.061E+09 3.535E-04 9.240E-03 2.000E+05 0.000E+00 0.000E+00
 3.95565082E-01   4203.1 3.955E+01 7.262E+09 4.000E-04 9.226E-03 2.000E+05 0.000E+00 0.000E+00
 4.73705919E-01   4233.4 4.736E+01 8.675E+09 4.536E-04 9.231E-03 2.000E+05 0.000E+00 0.000E+00
 5.65455490E-01   4264.0 5.654E+01 1.034E+10 5.155E-04 9.252E-03 2.000E+05 0.000E+00 0.000E+00
 6.73057043E-01   4295.1 6.730E+01 1.229E+10 5.869E-04 9.291E-03 2.000E+05 0.000E+00 0.000E+00
 7.98939943E-01   4326.6 7.989E+01 1.458E+10 6.692E-04 9.349E-03 2.000E+05 0.000E+00 0.000E+00
 9.46129327E-01   4358.5 9.460E+01 1.727E+10 7.642E-04 9.428E-03 2.000E+05 0.000E+00 0.000E+00
 1.11778950E+00   4390.9 1.118E+02 2.043E+10 8.737E-04 9.520E-03 2.000E+05 0.000E+00 0.000E+00
 1.31803411E+00   4423.6 1.318E+02 2.414E+10 1.000E-03 9.638E-03 2.000E+05 0.000E+00 0.000E+00
 1.55108347E+00   4456.5 1.551E+02 2.849E+10 1.146E-03 9.783E-03 2.000E+05 0.000E+00 0.000E+00
 1.82243663E+00   4489.5 1.822E+02 3.359E+10 1.313E-03 9.966E-03 2.000E+05 0.000E+00 0.000E+00
 2.13774895E+00   4522.4 2.138E+02 3.957E+10 1.507E-03 1.020E-02 2.000E+05 0.000E+00 0.000E+00
 2.50446237E+00   4555.2 2.504E+02 4.657E+10 1.729E-03 1.049E-02 2.000E+05 0.000E+00 0.000E+00
 2.93012954E+00   4588.1 2.930E+02 5.479E+10 1.985E-03 1.086E-02 2.000E+05 0.000E+00 0.000E+00
 3.42468829E+00   4621.0 3.424E+02 6.441E+10 2.281E-03 1.131E-02 2.000E+05 0.000E+00 0.000E+00
 3.99823592E+00   4654.1 3.998E+02 7.572E+10 2.622E-03 1.185E-02 2.000E+05 0.000E+00 0.000E+00
 4.66399556E+00   4687.6 4.663E+02 8.900E+10 3.015E-03 1.250E-02 2.000E+05 0.000E+00 0.000E+00
 5.43521626E+00   4721.7 5.435E+02 1.046E+11 3.469E-03 1.327E-02 2.000E+05 0.000E+00 0.000E+00
 6.32905058E+00   4756.6 6.328E+02 1.231E+11 3.996E-03 1.419E-02 2.000E+05 0.000E+00 0.000E+00
 7.36264960E+00   4792.9 7.362E+02 1.450E+11 4.608E-03 1.528E-02 2.000E+05 0.000E+00 0.000E+00
 8.55750913E+00   4830.9 8.556E+02 1.712E+11 5.324E-03 1.659E-02 2.000E+05 0.000E+00 0.000E+00
 9.93443486E+00   4871.5 9.933E+02 2.026E+11 6.166E-03 1.817E-02 2.000E+05 0.000E+00 0.000E+00
 1.15175728E+01   4915.7 1.152E+03 2.411E+11 7.168E-03 2.009E-02 2.000E+05 0.000E+00 0.000E+00
 1.33278450E+01   4964.6 1.333E+03 2.887E+11 8.379E-03 2.246E-02 2.000E+05 0.000E+00 0.000E+00
 1.53860116E+01   5020.1 1.538E+03 3.494E+11 9.874E-03 2.542E-02 2.000E+05 0.000E+00 0.000E+00
 1.77016413E+01   5083.7 1.770E+03 4.287E+11 1.177E-02 2.920E-02 2.000E+05 0.000E+00 0.000E+00
 2.02745032E+01   5157.6 2.027E+03 5.362E+11 1.424E-02 3.419E-02 2.000E+05 0.000E+00 0.000E+00
 2.30792077E+01   5244.3 2.307E+03 6.879E+11 1.760E-02 4.101E-02 2.000E+05 0.000E+00 0.000E+00
 2.60669031E+01   5346.3 2.606E+03 9.111E+11 2.235E-02 5.066E-02 2.000E+05 0.000E+00 0.000E+00
 2.91541379E+01   5466.6 2.915E+03 1.254E+12 2.933E-02 6.488E-02 2.000E+05 0.000E+00 0.000E+00
 3.22339888E+01   5608.5 3.222E+03 1.803E+12 3.998E-02 8.660E-02 2.000E+05 2.983E-06 0.000E+00
 3.51844764E+01   5775.5 3.517E+03 2.717E+12 5.685E-02 1.210E-01 2.000E+05 1.010E-03 9.059E+00
 3.78906214E+01   5971.7 3.787E+03 4.290E+12 8.456E-02 1.776E-01 2.000E+05 2.607E-02 6.139E+01
 4.02589840E+01   6201.3 4.023E+03 7.085E+12 1.319E-01 2.747E-01 2.000E+05 6.741E-01 1.722E+02
 4.22304783E+01   6470.1 4.220E+03 1.220E+13 2.170E-01 4.502E-01 2.000E+05 2.439E+01 4.937E+02
 4.37831784E+01   6783.4 4.374E+03 2.176E+13 3.777E-01 7.844E-01 2.000E+05 1.479E+03 1.576E+03
 4.49353877E+01   7144.7 4.488E+03 3.973E+13 6.993E-01 1.465E+00 2.000E+05 1.927E+05 5.900E+03
 4.57268281E+01   7570.6 4.566E+03 7.469E+13 1.415E+00 3.003E+00 2.000E+05 8.938E+06 2.812E+04
 4.62264022E+01   8056.8 4.613E+03 1.400E+14 3.079E+00 6.438E+00 2.000E+05 1.125E+08 9.356E+04
 4.65294138E+01   8567.7 4.641E+03 2.470E+14 6.678E+00 1.217E+01 2.000E+05 7.383E+08 1.994E+05
 4.67287492E+01   9002.4 4.658E+03 3.731E+14 1.219E+01 1.445E+01 2.000E+05 2.027E+09 3.499E+05
 4.69003312E+01   9264.9 4.673E+03 4.643E+14 1.695E+01 1.210E+01 2.000E+05 3.175E+09 4.077E+05
 4.70710068E+01   9497.6 4.688E+03 5.533E+14 2.215E+01 1.082E+01 2.000E+05 3.741E+09 4.224E+05
 4.72511606E+01   9694.4 4.704E+03 6.329E+14 2.719E+01 9.480E+00 2.000E+05 4.065E+09 4.406E+05
 4.74495374E+01   9884.8 4.722E+03 7.123E+14 3.254E+01 8.939E+00 2.000E+05 4.298E+09 4.533E+05
 4.76726096E+01  10078.4 4.743E+03 7.938E+14 3.831E+01 8.579E+00 2.000E+05 4.409E+09 4.647E+05
 4.79276471E+01  10279.5 4.766E+03 8.766E+14 4.433E+01 8.284E+00 2.000E+05 4.450E+09 4.724E+05
 4.82237532E+01  10493.8 4.793E+03 9.608E+14 5.047E+01 8.395E+00 2.000E+05 4.542E+09 4.857E+05
 4.85728580E+01  10743.1 4.825E+03 1.050E+15 5.676E+01 9.057E+00 2.000E+05 4.610E+09 5.083E+05
 4.89930708E+01  11048.2 4.863E+03 1.142E+15 6.233E+01 9.940E+00 2.000E+05 4.470E+09 5.183E+05
