 1.80814349E-03   3552.0 1.808E-01 3.820E+07 7.374E-05 1.374E-02 2.000E+05 0.000E+00 0.000E+00
 2.39907362E-03   3614.6 2.399E-01 5.030E+07 7.676E-05 1.235E-02 2.000E+05 0.000E+00 0.000E+00
 3.16458399E-03   3629.4 3.164E-01 6.585E+07 7.819E-05 1.188E-02 2.000E+05 0.000E+00 0.000E+00
 4.16336328E-03   3651.8 4.163E-01 8.599E+07 8.019E-05 1.185E-02 2.000E+05 0.000E+00 0.000E+00
 5.45932952E-03   3674.6 5.459E-01 1.119E+08 8.254E-05 1.171E-02 2.000E+05 0.000E+00 0.000E+00
 7.13426325E-03   3698.4 7.134E-01 1.452E+08 8.535E-05 1.157E-02 2.000E+05 0.000E+00 0.000E+00
 9.28869906E-03   3723.3 9.288E-01 1.876E+08 8.871E-05 1.140E-02 2.000E+05 0.000E+00 0.000E+00
 1.20454367E-02   3748.9 1.204E+00 2.416E+08 9.269E-05 1.121E-02 2.000E+05 0.000E+00 0.000E+00
 1.55534749E-02   3775.0 1.555E+00 3.097E+08 9.740E-05 1.102E-02 2.000E+05 0.000E+00 0.000E+00
 1.99912683E-02   3801.6 1.999E+00 3.952E+08 1.030E-04 1.085E-02 2.000E+05 0.000E+00 0.000E+00
 2.55712171E-02   3828.7 2.557E+00 5.020E+08 1.095E-04 1.068E-02 2.000E+05 0.000E+00 0.000E+00
 3.25430874E-02   3856.4 3.254E+00 6.346E+08 1.173E-04 1.051E-02 2.000E+05 0.000E+00 0.000E+00
 4.11987345E-02   3884.6 4.119E+00 7.981E+08 1.263E-04 1.033E-02 2.000E+05 0.000E+00 0.000E+00
 5.18784235E-02   3913.0 5.187E+00 9.986E+08 1.370E-04 1.015E-02 2.000E+05 0.000E+00 0.000E+00
 6.49760983E-02   3941.6 6.497E+00 1.243E+09 1.493E-04 9.970E-03 2.000E+05 0.000E+00 0.000E+00
 8.09490128E-02   3970.2 8.094E+00 1.540E+09 1.637E-04 9.811E-03 2.000E+05 0.000E+00 0.000E+00
 1.00323694E-01   3998.9 1.003E+01 1.897E+09 1.805E-04 9.672E-03 2.000E+05 0.000E+00 0.000E+00
 1.23705850E-01   4027.5 1.237E+01 2.327E+09 1.999E-04 9.551E-03 2.000E+05 0.000E+00 0.000E+00
 1.51793028E-01   4056.3 1.518E+01 2.841E+09 2.223E-04 9.455E-03 2.000E+05 0.000E+00 0.000E+00
 1.85388784E-01   4085.3 1.854E+01 3.454E+09 2.484E-04 9.374E-03 2.000E+05 0.000E+00 0.000E+00
 2.25416430E-01   4114.4 2.254E+01 4.181E+09 2.785E-04 9.312E-03 2.000E+05 0.000E+00 0.000E+00
 2.72938492E-01   4143.8 2.729E+01 5.043E+09 3.133E-04 9.268E-03 2.000E+05 0.000E+00 0.000E+00
 3.29177558E-01   4173.4 3.291E+01 6.061E+09 3.535E-04 9.240E-03 2.000E+05 0.000E+00 0.000E+00
 3.95545166E-01   4203.3 3.955E+01 7.262E+09 4.000E-04 9.226E-03 2.000E+05 0.000E+00 0.000E+00
 4.73683064E-01   4233.6 4.736E+01 8.676E+09 4.536E-04 9.231E-03 2.000E+05 0.000E+00 0.000E+00
 5.65445588E-01   4264.2 5.654E+01 1.034E+10 5.155E-04 9.252E-03 2.000E+05 0.000E+00 0.000E+00
 6.73061229E-01   4295.3 6.729E+01 1.229E+10 5.869E-04 9.292E-03 2.000E+05 0.000E+00 0.000E+00
 7.98925819E-01   4326.8 7.988E+01 1.458E+10 6.693E-04 9.350E-03 2.000E+05 0.000E+00 0.000E+00
 9.46098535E-01   4358.8 9.460E+01 1.727E+10 7.642E-04 9.428E-03 2.000E+05 0.000E+00 0.000E+00
 1.11775766E+00   4391.2 1.118E+02 2.043E+10 8.738E-04 9.521E-03 2.000E+05 0.000E+00 0.000E+00
 1.31796753E+00   4423.8 1.318E+02 2.414E+10 1.000E-03 9.639E-03 2.000E+05 0.000E+00 0.000E+00
 1.55099432E+00   4456.8 1.551E+02 2.849E+10 1.146E-03 9.784E-03 2.000E+05 0.000E+00 0.000E+00
 1.82228020E+00   4489.8 1.822E+02 3.359E+10 1.313E-03 9.967E-03 2.000E+05 0.000E+00 0.000E+00
 2.13760576E+00   4522.8 2.137E+02 3.958E+10 1.507E-03 1.020E-02 2.000E+05 0.000E+00 0.000E+00
 2.50418839E+00   4555.6 2.504E+02 4.658E+10 1.729E-03 1.050E-02 2.000E+05 0.000E+00 0.000E+00
 2.92990231E+00   4588.5 2.930E+02 5.480E+10 1.986E-03 1.086E-02 2.000E+05 0.000E+00 0.000E+00
 3.42427535E+00   4621.4 3.424E+02 6.443E+10 2.281E-03 1.131E-02 2.000E+05 0.000E+00 0.000E+00
 3.99788434E+00   4654.6 3.997E+02 7.574E+10 2.622E-03 1.185E-02 2.000E+05 0.000E+00 0.000E+00
 4.66326627E+00   4688.0 4.663E+02 8.903E+10 3.015E-03 1.250E-02 2.000E+05 0.000E+00 0.000E+00
 5.43449530E+00   4722.2 5.434E+02 1.047E+11 3.470E-03 1.327E-02 2.000E+05 0.000E+00 0.000E+00
 6.32783419E+00   4757.1 6.327E+02 1.232E+11 3.997E-03 1.419E-02 2.000E+05 0.000E+00 0.000E+00
 7.36141509E+00   4793.4 7.360E+02 1.451E+11 4.610E-03 1.529E-02 2.000E+05 0.000E+00 0.000E+00
 8.55557335E+00   4831.4 8.554E+02 1.712E+11 5.326E-03 1.660E-02 2.000E+05 0.000E+00 0.000E+00
 9.93229349E+00   4872.0 9.931E+02 2.028E+11 6.168E-03 1.818E-02 2.000E+05 0.000E+00 0.000E+00
 1.15144817E+01   4916.2 1.151E+03 2.412E+11 7.171E-03 2.010E-02 2.000E+05 0.000E+00 0.000E+00
 1.33244171E+01   4965.2 1.332E+03 2.889E+11 8.383E-03 2.247E-02 2.000E+05 0.000E+00 0.000E+00
 1.53810107E+01   5020.7 1.538E+03 3.496E+11 9.880E-03 2.543E-02 2.000E+05 0.000E+00 0.000E+00
 1.76956990E+01   5084.4 1.769E+03 4.291E+11 1.177E-02 2.922E-02 2.000E+05 0.000E+00 0.000E+00
 2.02664941E+01   5158.3 2.026E+03 5.367E+11 1.425E-02 3.422E-02 2.000E+05 0.000E+00 0.000E+00
 2.30691228E+01   5245.1 2.306E+03 6.888E+11 1.762E-02 4.105E-02 2.000E+05 0.000E+00 0.000E+00
 2.60534297E+01   5347.2 2.605E+03 9.125E+11 2.238E-02 5.074E-02 2.000E+05 0.000E+00 0.000E+00
 2.91356061E+01   5467.8 2.913E+03 1.257E+12 2.938E-02 6.502E-02 2.000E+05 0.000E+00 0.000E+00
 3.22096831E+01   5609.8 3.220E+03 1.808E+12 4.006E-02 8.682E-02 2.000E+05 4.759E-04 0.000E+00
 3.51527252E+01   5777.4 3.514E+03 2.727E+12 5.702E-02 1.215E-01 2.000E+05 4.083E-01 6.670E+01
 3.78495326E+01   5974.0 3.783E+03 4.308E+12 8.487E-02 1.784E-01 2.000E+05 2.155E+01 6.171E+02
 4.02073448E+01   6204.5 4.018E+03 7.125E+12 1.326E-01 2.766E-01 2.000E+05 8.409E+02 2.225E+03
 4.21674125E+01   6474.3 4.214E+03 1.229E+13 2.184E-01 4.548E-01 2.000E+05 3.894E+04 7.273E+03
 4.37089058E+01   6789.4 4.367E+03 2.197E+13 3.814E-01 7.998E-01 2.000E+05 1.406E+06 2.509E+04
 4.48349156E+01   7167.7 4.478E+03 4.112E+13 7.261E-01 1.548E+00 2.000E+05 1.574E+07 7.793E+04
 4.55767715E+01   7619.8 4.551E+03 7.969E+13 1.530E+00 3.140E+00 2.000E+05 2.990E+08 1.553E+05
 4.60503307E+01   8058.2 4.596E+03 1.399E+14 3.082E+00 4.931E+00 2.000E+05 1.221E+09 4.023E+05
 4.64024347E+01   8368.0 4.630E+03 1.999E+14 4.964E+00 4.980E+00 2.000E+05 2.469E+09 5.250E+05
 4.67199550E+01   8586.3 4.660E+03 2.521E+14 6.859E+00 4.117E+00 2.000E+05 3.409E+09 5.640E+05
 4.70407924E+01   8754.2 4.691E+03 2.984E+14 8.718E+00 3.572E+00 2.000E+05 3.924E+09 5.874E+05
 4.73791522E+01   8922.7 4.724E+03 3.501E+14 1.099E+01 3.241E+00 2.000E+05 4.202E+09 5.889E+05
 4.77457428E+01   9066.3 4.759E+03 3.987E+14 1.328E+01 2.891E+00 2.000E+05 4.412E+09 6.012E+05
 4.81496550E+01   9217.0 4.798E+03 4.537E+14 1.607E+01 2.652E+00 2.000E+05 4.542E+09 6.042E+05
 4.86020289E+01   9350.5 4.842E+03 5.062E+14 1.888E+01 2.443E+00 2.000E+05 4.614E+09 6.051E+05
 4.91124483E+01   9503.0 4.892E+03 5.696E+14 2.246E+01 2.354E+00 2.000E+05 4.691E+09 6.128E+05
 4.96914074E+01   9642.9 4.949E+03 6.314E+14 2.611E+01 2.182E+00 2.000E+05 4.734E+09 6.141E+05
 5.03522964E+01   9803.0 5.014E+03 7.048E+14 3.065E+01 2.126E+00 2.000E+05 4.762E+09 6.193E+05
 5.11101317E+01   9957.1 5.088E+03 7.786E+14 3.535E+01 2.115E+00 2.000E+05 4.801E+09 6.249E+05
