 8.51243864E-04   3696.4 8.513E+00 1.558E+09 1.567E-04 5.188E-02 2.000E+05 0.000E+00 0.000E+00
 1.11741903E-03   3713.5 1.117E+01 2.012E+09 1.775E-04 5.702E-02 2.000E+05 0.000E+00 0.000E+00
 1.43071700E-03   3732.4 1.431E+01 2.540E+09 2.011E-04 5.944E-02 2.000E+05 0.000E+00 0.000E+00
 1.79937031E-03   3753.3 1.799E+01 3.154E+09 2.280E-04 6.064E-02 2.000E+05 0.000E+00 0.000E+00
 2.23270154E-03   3775.5 2.233E+01 3.871E+09 2.587E-04 6.100E-02 2.000E+05 0.000E+00 0.000E+00
 2.74170579E-03   3798.3 2.742E+01 4.706E+09 2.938E-04 6.088E-02 2.000E+05 0.000E+00 0.000E+00
 3.33900094E-03   3821.5 3.339E+01 5.678E+09 3.341E-04 6.040E-02 2.000E+05 0.000E+00 0.000E+00
 4.03917856E-03   3845.0 4.039E+01 6.809E+09 3.802E-04 5.966E-02 2.000E+05 0.000E+00 0.000E+00
 4.85919652E-03   3868.5 4.859E+01 8.124E+09 4.331E-04 5.881E-02 2.000E+05 0.000E+00 0.000E+00
 5.81871852E-03   3891.9 5.819E+01 9.651E+09 4.938E-04 5.800E-02 2.000E+05 0.000E+00 0.000E+00
 6.94062462E-03   3915.3 6.941E+01 1.142E+10 5.633E-04 5.721E-02 2.000E+05 0.000E+00 0.000E+00
 8.25148717E-03   3938.6 8.251E+01 1.348E+10 6.431E-04 5.650E-02 2.000E+05 0.000E+00 0.000E+00
 9.78224330E-03   3961.8 9.782E+01 1.586E+10 7.346E-04 5.593E-02 2.000E+05 0.000E+00 0.000E+00
 1.15687988E-02   3985.1 1.157E+02 1.861E+10 8.395E-04 5.545E-02 2.000E+05 0.000E+00 0.000E+00
 1.36529980E-02   4008.4 1.365E+02 2.181E+10 9.599E-04 5.507E-02 2.000E+05 0.000E+00 0.000E+00
 1.60834471E-02   4032.0 1.608E+02 2.551E+10 1.098E-03 5.480E-02 2.000E+05 0.000E+00 0.000E+00
 1.89168526E-02   4055.7 1.892E+02 2.979E+10 1.256E-03 5.466E-02 2.000E+05 0.000E+00 0.000E+00
 2.22190625E-02   4079.8 2.222E+02 3.475E+10 1.437E-03 5.462E-02 2.000E+05 0.000E+00 0.000E+00
 2.60668304E-02   4104.2 2.607E+02 4.050E+10 1.645E-03 5.464E-02 2.000E+05 0.000E+00 0.000E+00
 3.05494392E-02   4129.1 3.055E+02 4.715E+10 1.883E-03 5.477E-02 2.000E+05 0.000E+00 0.000E+00
 3.57710902E-02   4154.5 3.577E+02 5.487E+10 2.156E-03 5.497E-02 2.000E+05 0.000E+00 0.000E+00
 4.18529645E-02   4180.5 4.185E+02 6.380E+10 2.468E-03 5.521E-02 2.000E+05 0.000E+00 0.000E+00
 4.89365475E-02   4207.0 4.894E+02 7.416E+10 2.826E-03 5.555E-02 2.000E+05 0.000E+00 0.000E+00
 5.71863061E-02   4234.0 5.719E+02 8.616E+10 3.236E-03 5.595E-02 2.000E+05 0.000E+00 0.000E+00
 6.67944443E-02   4261.6 6.679E+02 1.001E+11 3.705E-03 5.645E-02 2.000E+05 0.000E+00 0.000E+00
 7.79850959E-02   4289.7 7.798E+02 1.162E+11 4.242E-03 5.702E-02 2.000E+05 0.000E+00 0.000E+00
 9.10200710E-02   4318.3 9.102E+02 1.349E+11 4.856E-03 5.771E-02 2.000E+05 0.000E+00 0.000E+00
 1.06204522E-01   4347.3 1.062E+03 1.566E+11 5.559E-03 5.855E-02 2.000E+05 0.000E+00 0.000E+00
 1.23895508E-01   4376.7 1.239E+03 1.817E+11 6.362E-03 5.953E-02 2.000E+05 0.000E+00 0.000E+00
 1.44509147E-01   4406.4 1.445E+03 2.109E+11 7.281E-03 6.068E-02 2.000E+05 0.000E+00 0.000E+00
 1.68532515E-01   4436.2 1.685E+03 2.447E+11 8.330E-03 6.209E-02 2.000E+05 0.000E+00 0.000E+00
 1.96531935E-01   4466.3 1.965E+03 2.839E+11 9.531E-03 6.377E-02 2.000E+05 0.000E+00 0.000E+00
 2.29171226E-01   4496.4 2.292E+03 3.293E+11 1.090E-02 6.579E-02 2.000E+05 0.000E+00 0.000E+00
 2.67223825E-01   4526.6 2.672E+03 3.819E+11 1.247E-02 6.820E-02 2.000E+05 0.000E+00 0.000E+00
 3.11594122E-01   4556.7 3.116E+03 4.429E+11 1.426E-02 7.108E-02 2.000E+05 0.000E+00 0.000E+00
 3.63335370E-01   4587.0 3.633E+03 5.136E+11 1.631E-02 7.447E-02 2.000E+05 0.000E+00 0.000E+00
 4.23678461E-01   4617.2 4.237E+03 5.956E+11 1.864E-02 7.848E-02 2.000E+05 0.000E+00 0.000E+00
 4.94056776E-01   4647.7 4.941E+03 6.906E+11 2.132E-02 8.318E-02 2.000E+05 0.000E+00 0.000E+00
 5.76145371E-01   4678.3 5.761E+03 8.009E+11 2.437E-02 8.869E-02 2.000E+05 0.000E+00 0.000E+00
 6.71891787E-01   4709.7 6.719E+03 9.290E+11 2.786E-02 9.515E-02 2.000E+05 0.000E+00 0.000E+00
 7.83567112E-01   4741.9 7.836E+03 1.078E+12 3.186E-02 1.027E-01 2.000E+05 0.000E+00 0.000E+00
 9.13810380E-01   4775.5 9.138E+03 1.252E+12 3.643E-02 1.115E-01 2.000E+05 0.000E+00 0.000E+00
 1.06568716E+00   4811.3 1.066E+04 1.455E+12 4.166E-02 1.216E-01 2.000E+05 0.000E+00 0.000E+00
 1.24274419E+00   4850.2 1.243E+04 1.694E+12 4.766E-02 1.334E-01 2.000E+05 0.000E+00 0.000E+00
 1.44907578E+00   4893.2 1.449E+04 1.976E+12 5.456E-02 1.470E-01 2.000E+05 0.000E+00 0.000E+00
 1.68936373E+00   4941.6 1.689E+04 2.312E+12 6.250E-02 1.626E-01 2.000E+05 0.000E+00 0.000E+00
 1.96890783E+00   4997.2 1.969E+04 2.717E+12 7.169E-02 1.807E-01 2.000E+05 0.000E+00 0.000E+00
 2.29356518E+00   5061.5 2.294E+04 3.212E+12 8.240E-02 2.016E-01 2.000E+05 0.000E+00 0.000E+00
 2.66955123E+00   5136.9 2.670E+04 3.829E+12 9.509E-02 2.264E-01 2.000E+05 0.000E+00 0.000E+00
 3.10257256E+00   5225.5 3.103E+04 4.624E+12 1.105E-01 2.566E-01 2.000E+05 0.000E+00 0.000E+00
 3.59626517E+00   5330.0 3.596E+04 5.694E+12 1.302E-01 2.953E-01 2.000E+05 0.000E+00 0.000E+00
 4.14918130E+00   5453.3 4.149E+04 7.227E+12 1.569E-01 3.485E-01 2.000E+05 0.000E+00 0.000E+00
 4.75075590E+00   5598.8 4.751E+04 9.580E+12 1.959E-01 4.273E-01 2.000E+05 0.000E+00 0.000E+00
 5.37835798E+00   5770.2 5.378E+04 1.344E+13 2.568E-01 5.515E-01 2.000E+05 0.000E+00 0.000E+00
 5.99949670E+00   5971.7 5.999E+04 2.014E+13 3.559E-01 7.553E-01 2.000E+05 6.059E+03 0.000E+00
 6.57972990E+00   6207.8 6.580E+04 3.221E+13 5.231E-01 1.101E+00 2.000E+05 4.662E+05 6.075E+03
 7.09085614E+00   6485.4 7.091E+04 5.484E+13 8.148E-01 1.702E+00 2.000E+05 1.001E+07 2.512E+04
 7.51698748E+00   6808.4 7.517E+04 9.798E+13 1.336E+00 2.757E+00 2.000E+05 6.946E+07 6.690E+04
 7.85387126E+00   7182.5 7.853E+04 1.813E+14 2.304E+00 4.548E+00 2.000E+05 2.954E+08 1.160E+05
 8.11308010E+00   7573.0 8.112E+04 3.247E+14 3.959E+00 6.776E+00 2.000E+05 9.037E+08 1.729E+05
 8.32289959E+00   7908.9 8.322E+04 5.133E+14 6.206E+00 7.900E+00 2.000E+05 1.889E+09 2.305E+05
 8.51196313E+00   8171.7 8.511E+04 7.175E+14 8.752E+00 7.684E+00 2.000E+05 2.807E+09 2.576E+05
 8.69566644E+00   8399.8 8.695E+04 9.446E+14 1.172E+01 7.195E+00 2.000E+05 3.439E+09 2.626E+05
 8.88236820E+00   8601.5 8.882E+04 1.192E+15 1.511E+01 6.604E+00 2.000E+05 3.881E+09 2.710E+05
 9.07814211E+00   8785.7 9.077E+04 1.462E+15 1.898E+01 6.070E+00 2.000E+05 4.156E+09 2.664E+05
 9.28816702E+00   8958.2 9.287E+04 1.758E+15 2.340E+01 5.700E+00 2.000E+05 4.353E+09 2.676E+05
 9.51618839E+00   9127.8 9.515E+04 2.096E+15 2.864E+01 5.353E+00 2.000E+05 4.487E+09 2.631E+05
 9.76641354E+00   9289.5 9.766E+04 2.466E+15 3.459E+01 5.075E+00 2.000E+05 4.580E+09 2.599E+05
 1.00422617E+01   9457.4 1.004E+05 2.904E+15 4.186E+01 4.771E+00 2.000E+05 4.663E+09 2.572E+05
 1.03493921E+01   9612.1 1.035E+05 3.365E+15 4.972E+01 4.453E+00 2.000E+05 4.715E+09 2.524E+05
 1.06922315E+01   9781.5 1.069E+05 3.931E+15 5.967E+01 4.234E+00 2.000E+05 4.764E+09 2.497E+05
 1.10777326E+01   9934.9 1.108E+05 4.517E+15 7.009E+01 4.151E+00 2.000E+05 4.790E+09 2.455E+05
