 1.67838710E-03   3434.3 1.669E-03 4.663E+05 7.942E-05 5.184E-03 2.000E+05 0.000E+00 0.000E+00
 2.21362615E-03   3494.7 2.202E-03 6.606E+05 8.651E-05 5.031E-03 2.000E+05 0.000E+00 0.000E+00
 2.90025151E-03   3510.1 2.886E-03 8.487E+05 8.609E-05 4.531E-03 2.000E+05 0.000E+00 0.000E+00
 3.81908112E-03   3528.3 3.800E-03 1.100E+06 8.604E-05 4.384E-03 2.000E+05 0.000E+00 4.041E+06
 5.04494788E-03   3546.4 5.022E-03 1.429E+06 8.592E-05 4.240E-03 2.000E+05 0.000E+00 2.937E+06
 6.68291049E-03   3564.6 6.653E-03 1.861E+06 8.582E-05 4.119E-03 2.000E+05 0.000E+00 2.120E+06
 8.86903099E-03   3583.2 8.831E-03 2.429E+06 8.575E-05 4.015E-03 2.000E+05 0.000E+00 1.513E+06
 1.17851220E-02   3602.3 1.174E-02 3.176E+06 8.579E-05 3.926E-03 2.000E+05 0.000E+00 1.067E+06
 1.56683108E-02   3622.5 1.560E-02 4.162E+06 8.599E-05 3.845E-03 2.000E+05 0.000E+00 7.384E+05
 2.08289575E-02   3643.8 2.074E-02 5.462E+06 8.638E-05 3.762E-03 2.000E+05 0.000E+00 4.957E+05
 2.76713463E-02   3666.3 2.756E-02 7.177E+06 8.697E-05 3.676E-03 2.000E+05 0.000E+00 3.181E+05
 3.67249228E-02   3689.7 3.658E-02 9.434E+06 8.773E-05 3.591E-03 2.000E+05 0.000E+00 1.935E+05
 4.86815503E-02   3714.0 4.850E-02 1.240E+07 8.866E-05 3.510E-03 2.000E+05 0.000E+00 1.103E+05
 6.44417316E-02   3739.2 6.420E-02 1.630E+07 8.980E-05 3.436E-03 2.000E+05 0.000E+00 5.854E+04
 8.51660160E-02   3765.7 8.486E-02 2.143E+07 9.118E-05 3.366E-03 2.000E+05 0.000E+00 2.838E+04
 1.12336646E-01   3793.7 1.119E-01 2.817E+07 9.289E-05 3.293E-03 2.000E+05 0.000E+00 1.230E+04
 1.47842737E-01   3822.9 1.473E-01 3.703E+07 9.494E-05 3.218E-03 2.000E+05 0.000E+00 3.825E+03
 1.94088027E-01   3853.5 1.934E-01 4.866E+07 9.737E-05 3.140E-03 2.000E+05 0.000E+00 0.000E+00
 2.54113053E-01   3885.1 2.533E-01 6.389E+07 1.002E-04 3.063E-03 2.000E+05 0.000E+00 0.000E+00
 3.31743713E-01   3917.8 3.307E-01 8.380E+07 1.035E-04 2.986E-03 2.000E+05 0.000E+00 0.000E+00
 4.31755915E-01   3951.3 4.304E-01 1.098E+08 1.073E-04 2.910E-03 2.000E+05 0.000E+00 0.000E+00
 5.60083826E-01   3985.5 5.583E-01 1.436E+08 1.118E-04 2.836E-03 2.000E+05 0.000E+00 0.000E+00
 7.24061368E-01   4020.2 7.219E-01 1.874E+08 1.169E-04 2.767E-03 2.000E+05 0.000E+00 0.000E+00
 9.32694295E-01   4055.2 9.299E-01 2.439E+08 1.228E-04 2.707E-03 2.000E+05 0.000E+00 0.000E+00
 1.19688415E+00   4090.5 1.193E+00 3.167E+08 1.296E-04 2.659E-03 2.000E+05 0.000E+00 0.000E+00
 1.52957973E+00   4126.5 1.525E+00 4.104E+08 1.377E-04 2.621E-03 2.000E+05 0.000E+00 0.000E+00
 1.94588903E+00   4163.2 1.940E+00 5.305E+08 1.472E-04 2.594E-03 2.000E+05 0.000E+00 0.000E+00
 2.46303602E+00   4201.0 2.456E+00 6.847E+08 1.586E-04 2.576E-03 2.000E+05 0.000E+00 0.000E+00
 3.10029900E+00   4239.9 3.092E+00 8.822E+08 1.723E-04 2.566E-03 2.000E+05 0.000E+00 0.000E+00
 3.87900376E+00   4279.9 3.869E+00 1.134E+09 1.889E-04 2.561E-03 2.000E+05 0.000E+00 0.000E+00
 4.82260834E+00   4320.9 4.810E+00 1.455E+09 2.086E-04 2.562E-03 2.000E+05 0.000E+00 0.000E+00
 5.95714056E+00   4362.5 5.941E+00 1.862E+09 2.322E-04 2.572E-03 2.000E+05 0.000E+00 0.000E+00
 7.31113187E+00   4404.7 7.292E+00 2.375E+09 2.604E-04 2.592E-03 2.000E+05 0.000E+00 0.000E+00
 8.91580292E+00   4447.6 8.892E+00 3.020E+09 2.940E-04 2.624E-03 2.000E+05 0.000E+00 0.000E+00
 1.08048981E+01   4491.0 1.078E+01 3.831E+09 3.340E-04 2.668E-03 2.000E+05 0.000E+00 0.000E+00
 1.30152302E+01   4534.8 1.298E+01 4.845E+09 3.818E-04 2.724E-03 2.000E+05 0.000E+00 0.000E+00
 1.55877903E+01   4579.0 1.555E+01 6.109E+09 4.384E-04 2.794E-03 2.000E+05 0.000E+00 0.000E+00
 1.85686376E+01   4623.3 1.852E+01 7.676E+09 5.055E-04 2.881E-03 2.000E+05 0.000E+00 0.000E+00
 2.20101929E+01   4667.5 2.195E+01 9.611E+09 5.847E-04 2.989E-03 2.000E+05 0.000E+00 0.000E+00
 2.59722412E+01   4711.8 2.590E+01 1.199E+10 6.782E-04 3.123E-03 2.000E+05 0.000E+00 0.000E+00
 3.05215758E+01   4756.2 3.043E+01 1.492E+10 7.886E-04 3.291E-03 2.000E+05 0.000E+00 0.000E+00
 3.57312976E+01   4800.9 3.563E+01 1.853E+10 9.196E-04 3.500E-03 2.000E+05 0.000E+00 0.000E+00
 4.16789133E+01   4846.6 4.155E+01 2.298E+10 1.076E-03 3.762E-03 2.000E+05 0.000E+00 0.000E+00
 4.84417977E+01   4893.7 4.829E+01 2.855E+10 1.265E-03 4.091E-03 2.000E+05 0.000E+00 0.000E+00
 5.60913839E+01   4943.1 5.591E+01 3.556E+10 1.496E-03 4.509E-03 2.000E+05 0.000E+00 0.000E+00
 6.46828547E+01   4996.1 6.446E+01 4.455E+10 1.784E-03 5.047E-03 2.000E+05 0.000E+00 0.000E+00
 7.42404896E+01   5053.9 7.396E+01 5.634E+10 2.150E-03 5.749E-03 2.000E+05 0.000E+00 0.000E+00
 8.47430792E+01   5118.3 8.440E+01 7.217E+10 2.628E-03 6.685E-03 2.000E+05 0.000E+00 0.000E+00
 9.61005558E+01   5191.5 9.567E+01 9.406E+10 3.271E-03 7.961E-03 2.000E+05 0.000E+00 0.000E+00
 1.08140351E+02   5275.6 1.076E+02 1.253E+11 4.162E-03 9.747E-03 2.000E+05 0.000E+00 0.000E+00
 1.20592084E+02   5373.6 1.199E+02 1.714E+11 5.441E-03 1.233E-02 2.000E+05 0.000E+00 0.000E+00
 1.33096559E+02   5488.4 1.323E+02 2.419E+11 7.344E-03 1.617E-02 2.000E+05 4.675E-11 0.000E+00
 1.45222393E+02   5623.7 1.441E+02 3.534E+11 1.030E-02 2.217E-02 2.000E+05 1.254E-08 6.124E-01
 1.56506276E+02   5783.4 1.551E+02 5.363E+11 1.510E-02 3.196E-02 2.000E+05 3.149E-07 3.778E+00
 1.66511030E+02   5972.5 1.647E+02 8.476E+11 2.333E-02 4.892E-02 2.000E+05 1.011E-05 1.030E+01
 1.74872995E+02   6197.2 1.726E+02 1.398E+12 3.844E-02 8.038E-02 2.000E+05 6.680E-04 3.122E+01
 1.81386772E+02   6463.6 1.784E+02 2.399E+12 6.832E-02 1.436E-01 2.000E+05 1.053E-01 1.198E+02
 1.86020264E+02   6783.7 1.821E+02 4.298E+12 1.343E-01 2.859E-01 2.000E+05 3.683E+01 6.076E+02
 1.88978594E+02   7163.7 1.838E+02 7.904E+12 2.934E-01 6.309E-01 2.000E+05 1.806E+04 4.034E+03
 1.90713645E+02   7593.2 1.838E+02 1.425E+13 6.824E-01 1.475E+00 2.000E+05 2.674E+05 3.070E+04
 1.91690687E+02   8080.2 1.825E+02 2.453E+13 1.620E+00 3.457E+00 2.000E+05 9.771E+06 7.231E+04
 1.92276377E+02   8591.6 1.802E+02 3.726E+13 3.368E+00 6.956E+00 2.000E+05 8.738E+07 2.613E+05
 1.92696955E+02   9140.9 1.768E+02 4.873E+13 5.552E+00 1.113E+01 2.000E+05 1.618E+08 5.627E+05
 1.93101872E+02   9726.4 1.721E+02 5.409E+13 6.605E+00 1.335E+01 2.000E+05 9.969E+07 3.957E+05
 1.93635593E+02  10407.1 1.659E+02 5.308E+13 5.853E+00 1.206E+01 2.000E+05 1.621E+07 1.459E+05
 1.94506357E+02  11126.6 1.576E+02 4.850E+13 4.362E+00 8.979E+00 2.000E+05 4.599E+05 6.383E+04
 1.96161014E+02  11935.7 1.470E+02 4.259E+13 2.961E+00 6.079E+00 2.000E+05 2.248E+04 2.454E+04
 1.99433946E+02  12792.5 1.341E+02 3.644E+13 1.998E+00 4.087E+00 2.000E+05 1.193E+03 1.342E+04
 2.05779881E+02  13737.2 1.189E+02 3.045E+13 1.407E+00 2.869E+00 2.000E+05 2.499E+02 1.020E+04
 2.17390215E+02  14736.6 1.019E+02 2.476E+13 1.061E+00 2.147E+00 2.000E+05 1.105E+02 8.348E+03
 2.37516891E+02  15830.1 8.425E+01 1.921E+13 8.323E-01 1.672E+00 2.000E+05 2.381E+02 9.072E+03
 2.70330550E+02  16993.0 6.696E+01 1.425E+13 6.921E-01 1.382E+00 2.000E+05 7.169E+02 2.115E+04
