 1.32765988E-03   3868.6 4.200E+01 1.625E+09 1.004E-04 1.711E-02 2.000E+05 0.000E+00 0.000E+00
 1.73450368E-03   3871.3 5.486E+01 2.086E+09 1.183E-04 1.929E-02 2.000E+05 0.000E+00 0.000E+00
 2.19622865E-03   3890.0 6.945E+01 2.614E+09 1.388E-04 2.039E-02 2.000E+05 0.000E+00 0.000E+00
 2.72295686E-03   3909.0 8.609E+01 3.211E+09 1.618E-04 2.080E-02 2.000E+05 0.000E+00 0.000E+00
 3.32701874E-03   3928.8 1.052E+02 3.891E+09 1.876E-04 2.102E-02 2.000E+05 0.000E+00 0.000E+00
 4.02217506E-03   3949.1 1.272E+02 4.670E+09 2.169E-04 2.109E-02 2.000E+05 0.000E+00 0.000E+00
 4.82568372E-03   3969.5 1.526E+02 5.565E+09 2.501E-04 2.110E-02 2.000E+05 0.000E+00 0.000E+00
 5.75573056E-03   3990.2 1.820E+02 6.595E+09 2.879E-04 2.109E-02 2.000E+05 0.000E+00 0.000E+00
 6.83392815E-03   4011.0 2.160E+02 7.783E+09 3.310E-04 2.105E-02 2.000E+05 0.000E+00 0.000E+00
 8.08468449E-03   4032.0 2.556E+02 9.155E+09 3.801E-04 2.104E-02 2.000E+05 0.000E+00 0.000E+00
 9.53744402E-03   4053.4 3.015E+02 1.074E+10 4.364E-04 2.101E-02 2.000E+05 0.000E+00 0.000E+00
 1.12250212E-02   4075.1 3.549E+02 1.258E+10 5.007E-04 2.097E-02 2.000E+05 0.000E+00 0.000E+00
 1.31866782E-02   4097.2 4.169E+02 1.471E+10 5.744E-04 2.091E-02 2.000E+05 0.000E+00 0.000E+00
 1.54674533E-02   4119.7 4.890E+02 1.717E+10 6.588E-04 2.086E-02 2.000E+05 0.000E+00 0.000E+00
 1.81197904E-02   4142.3 5.729E+02 2.003E+10 7.554E-04 2.083E-02 2.000E+05 0.000E+00 0.000E+00
 2.12049515E-02   4165.3 6.704E+02 2.334E+10 8.661E-04 2.082E-02 2.000E+05 0.000E+00 0.000E+00
 2.47930239E-02   4188.5 7.839E+02 2.719E+10 9.929E-04 2.083E-02 2.000E+05 0.000E+00 0.000E+00
 2.89670067E-02   4211.9 9.159E+02 3.165E+10 1.138E-03 2.090E-02 2.000E+05 0.000E+00 0.000E+00
 3.38220049E-02   4235.4 1.069E+03 3.682E+10 1.305E-03 2.101E-02 2.000E+05 0.000E+00 0.000E+00
 3.94706685E-02   4259.1 1.248E+03 4.283E+10 1.496E-03 2.118E-02 2.000E+05 0.000E+00 0.000E+00
 4.60415759E-02   4283.0 1.456E+03 4.980E+10 1.714E-03 2.139E-02 2.000E+05 0.000E+00 0.000E+00
 5.36875534E-02   4306.8 1.697E+03 5.788E+10 1.965E-03 2.170E-02 2.000E+05 0.000E+00 0.000E+00
 6.25837428E-02   4330.6 1.979E+03 6.726E+10 2.252E-03 2.210E-02 2.000E+05 0.000E+00 0.000E+00
 7.29359100E-02   4354.3 2.306E+03 7.813E+10 2.580E-03 2.261E-02 2.000E+05 0.000E+00 0.000E+00
 8.49840417E-02   4378.0 2.687E+03 9.073E+10 2.956E-03 2.324E-02 2.000E+05 0.000E+00 0.000E+00
 9.90063138E-02   4401.5 3.130E+03 1.053E+11 3.387E-03 2.401E-02 2.000E+05 0.000E+00 0.000E+00
 1.15326509E-01   4424.9 3.646E+03 1.223E+11 3.880E-03 2.494E-02 2.000E+05 0.000E+00 0.000E+00
 1.34329046E-01   4448.2 4.247E+03 1.419E+11 4.444E-03 2.604E-02 2.000E+05 0.000E+00 0.000E+00
 1.56452239E-01   4471.2 4.947E+03 1.645E+11 5.089E-03 2.733E-02 2.000E+05 0.000E+00 0.000E+00
 1.82216587E-01   4494.2 5.762E+03 1.908E+11 5.827E-03 2.884E-02 2.000E+05 0.000E+00 0.000E+00
 2.12226556E-01   4516.9 6.711E+03 2.212E+11 6.671E-03 3.059E-02 2.000E+05 0.000E+00 0.000E+00
 2.47172736E-01   4539.6 7.816E+03 2.564E+11 7.636E-03 3.259E-02 2.000E+05 0.000E+00 0.000E+00
 2.87904120E-01   4562.0 9.104E+03 2.971E+11 8.740E-03 3.491E-02 2.000E+05 0.000E+00 0.000E+00
 3.35345267E-01   4584.5 1.060E+04 3.442E+11 1.000E-02 3.755E-02 2.000E+05 0.000E+00 0.000E+00
 3.90650491E-01   4606.6 1.235E+04 3.985E+11 1.144E-02 4.058E-02 2.000E+05 0.000E+00 0.000E+00
 4.55105923E-01   4628.8 1.439E+04 4.614E+11 1.309E-02 4.405E-02 2.000E+05 0.000E+00 0.000E+00
 5.30250310E-01   4650.7 1.677E+04 5.340E+11 1.497E-02 4.804E-02 2.000E+05 0.000E+00 0.000E+00
 6.17852620E-01   4673.0 1.954E+04 6.181E+11 1.713E-02 5.262E-02 2.000E+05 0.000E+00 0.000E+00
 7.19986408E-01   4695.4 2.277E+04 7.153E+11 1.959E-02 5.790E-02 2.000E+05 0.000E+00 0.000E+00
 8.39030010E-01   4718.6 2.653E+04 8.284E+11 2.242E-02 6.399E-02 2.000E+05 0.000E+00 0.000E+00
 9.77720829E-01   4743.2 3.092E+04 9.603E+11 2.567E-02 7.102E-02 2.000E+05 0.000E+00 0.000E+00
 1.13917766E+00   4769.5 3.602E+04 1.115E+12 2.942E-02 7.913E-02 2.000E+05 0.000E+00 0.000E+00
 1.32689990E+00   4798.8 4.196E+04 1.298E+12 3.377E-02 8.854E-02 2.000E+05 0.000E+00 0.000E+00
 1.54477215E+00   4831.5 4.885E+04 1.516E+12 3.884E-02 9.948E-02 2.000E+05 0.000E+00 0.000E+00
 1.79701407E+00   4869.2 5.683E+04 1.780E+12 4.481E-02 1.123E-01 2.000E+05 0.000E+00 0.000E+00
 2.08793582E+00   4913.2 6.603E+04 2.105E+12 5.193E-02 1.275E-01 2.000E+05 0.000E+00 0.000E+00
 2.42172553E+00   4965.1 7.658E+04 2.514E+12 6.055E-02 1.457E-01 2.000E+05 0.000E+00 0.000E+00
 2.80175588E+00   5026.7 8.860E+04 3.042E+12 7.126E-02 1.682E-01 2.000E+05 0.000E+00 0.000E+00
 3.22966777E+00   5100.1 1.021E+05 3.750E+12 8.497E-02 1.967E-01 2.000E+05 0.000E+00 0.000E+00
 3.70396612E+00   5187.3 1.171E+05 4.739E+12 1.032E-01 2.345E-01 2.000E+05 0.000E+00 0.000E+00
 4.21814059E+00   5291.5 1.334E+05 6.194E+12 1.287E-01 2.872E-01 2.000E+05 0.000E+00 0.000E+00
 4.75948721E+00   5414.9 1.505E+05 8.443E+12 1.658E-01 3.639E-01 2.000E+05 0.000E+00 0.000E+00
 5.30832137E+00   5563.4 1.679E+05 1.215E+13 2.229E-01 4.823E-01 2.000E+05 1.189E+02 0.000E+00
 5.84049684E+00   5741.0 1.847E+05 1.857E+13 3.139E-01 6.721E-01 2.000E+05 1.262E+06 1.143E+03
 6.32959527E+00   5959.3 2.002E+05 3.061E+13 4.690E-01 9.919E-01 2.000E+05 2.514E+07 2.477E+04
 6.75513313E+00   6219.1 2.136E+05 5.362E+13 7.353E-01 1.519E+00 2.000E+05 1.142E+08 6.424E+04
 7.11160881E+00   6512.4 2.249E+05 9.649E+13 1.182E+00 2.313E+00 2.000E+05 3.551E+08 9.198E+04
 7.40796596E+00   6817.1 2.343E+05 1.693E+14 1.874E+00 3.266E+00 2.000E+05 8.454E+08 1.304E+05
 7.66594791E+00   7089.7 2.424E+05 2.699E+14 2.775E+00 3.970E+00 2.000E+05 1.561E+09 1.612E+05
 7.90474265E+00   7335.3 2.500E+05 4.001E+14 3.900E+00 4.322E+00 2.000E+05 2.302E+09 1.847E+05
 8.13588207E+00   7560.5 2.573E+05 5.623E+14 5.279E+00 4.414E+00 2.000E+05 2.940E+09 1.941E+05
 8.36645279E+00   7773.4 2.646E+05 7.632E+14 6.979E+00 4.350E+00 2.000E+05 3.445E+09 2.051E+05
 8.60216585E+00   7970.2 2.720E+05 9.992E+14 8.988E+00 4.217E+00 2.000E+05 3.804E+09 2.043E+05
 8.84763039E+00   8161.5 2.798E+05 1.284E+15 1.144E+01 4.095E+00 2.000E+05 4.082E+09 2.084E+05
 9.10707630E+00   8342.2 2.880E+05 1.614E+15 1.432E+01 3.942E+00 2.000E+05 4.274E+09 2.052E+05
 9.38467733E+00   8520.7 2.967E+05 2.005E+15 1.779E+01 3.847E+00 2.000E+05 4.414E+09 2.043E+05
 9.68394018E+00   8694.7 3.062E+05 2.460E+15 2.192E+01 3.687E+00 2.000E+05 4.535E+09 2.013E+05
 1.00089728E+01   8865.6 3.165E+05 2.990E+15 2.682E+01 3.579E+00 2.000E+05 4.610E+09 1.983E+05
 1.03632664E+01   9039.5 3.277E+05 3.621E+15 3.279E+01 3.429E+00 2.000E+05 4.681E+09 1.943E+05
 1.07523941E+01   9204.8 3.400E+05 4.326E+15 3.958E+01 3.278E+00 2.000E+05 4.742E+09 1.918E+05
 1.11804033E+01   9380.1 3.535E+05 5.189E+15 4.809E+01 3.145E+00 2.000E+05 4.766E+09 1.866E+05
 1.16544921E+01   9542.0 3.685E+05 6.122E+15 5.741E+01 3.184E+00 2.000E+05 4.814E+09 1.835E+05

