 1.93091609E-03   3977.1 6.107E+01 1.071E+09 6.908E-05 7.332E-03 2.000E+05 0.000E+00 0.000E+00
 2.53400225E-03   3978.1 8.014E+01 1.320E+09 7.840E-05 7.857E-03 2.000E+05 0.000E+00 0.000E+00
 3.23749915E-03   3987.8 1.024E+02 1.629E+09 9.035E-05 8.378E-03 2.000E+05 0.000E+00 0.000E+00
 4.05129261E-03   3999.4 1.281E+02 1.986E+09 1.041E-04 8.733E-03 2.000E+05 0.000E+00 0.000E+00
 4.99245326E-03   4012.9 1.578E+02 2.403E+09 1.201E-04 9.039E-03 2.000E+05 0.000E+00 0.000E+00
 6.08033329E-03   4028.1 1.922E+02 2.889E+09 1.386E-04 9.296E-03 2.000E+05 0.000E+00 0.000E+00
 7.33714083E-03   4045.0 2.319E+02 3.457E+09 1.600E-04 9.501E-03 2.000E+05 0.000E+00 0.000E+00
 8.78915150E-03   4063.1 2.778E+02 4.120E+09 1.847E-04 9.658E-03 2.000E+05 0.000E+00 0.000E+00
 1.04664282E-02   4082.2 3.309E+02 4.895E+09 2.131E-04 9.769E-03 2.000E+05 0.000E+00 0.000E+00
 1.24044271E-02   4102.1 3.921E+02 5.800E+09 2.460E-04 9.847E-03 2.000E+05 0.000E+00 0.000E+00
 1.46442284E-02   4122.5 4.629E+02 6.856E+09 2.837E-04 9.905E-03 2.000E+05 0.000E+00 0.000E+00
 1.72341440E-02   4143.3 5.448E+02 8.086E+09 3.272E-04 9.959E-03 2.000E+05 0.000E+00 0.000E+00
 2.02298872E-02   4164.3 6.395E+02 9.520E+09 3.771E-04 1.002E-02 2.000E+05 0.000E+00 0.000E+00
 2.36967692E-02   4185.5 7.491E+02 1.119E+10 4.344E-04 1.008E-02 2.000E+05 0.000E+00 0.000E+00
 2.77099404E-02   4206.8 8.760E+02 1.314E+10 5.003E-04 1.018E-02 2.000E+05 0.000E+00 0.000E+00
 3.23578008E-02   4228.2 1.023E+03 1.541E+10 5.761E-04 1.029E-02 2.000E+05 0.000E+00 0.000E+00
 3.77400152E-02   4249.9 1.193E+03 1.806E+10 6.633E-04 1.044E-02 2.000E+05 0.000E+00 0.000E+00
 4.39739285E-02   4271.8 1.390E+03 2.116E+10 7.638E-04 1.061E-02 2.000E+05 0.000E+00 0.000E+00
 5.11935767E-02   4294.1 1.618E+03 2.478E+10 8.795E-04 1.082E-02 2.000E+05 0.000E+00 0.000E+00
 5.95518115E-02   4316.6 1.883E+03 2.902E+10 1.013E-03 1.106E-02 2.000E+05 0.000E+00 0.000E+00
 6.92311554E-02   4339.3 2.189E+03 3.397E+10 1.167E-03 1.133E-02 2.000E+05 0.000E+00 0.000E+00
 8.04364007E-02   4362.2 2.543E+03 3.976E+10 1.344E-03 1.166E-02 2.000E+05 0.000E+00 0.000E+00
 9.34145127E-02   4385.1 2.953E+03 4.650E+10 1.547E-03 1.203E-02 2.000E+05 0.000E+00 0.000E+00
 1.08444034E-01   4408.1 3.429E+03 5.438E+10 1.781E-03 1.246E-02 2.000E+05 0.000E+00 0.000E+00
 1.25862936E-01   4430.9 3.979E+03 6.352E+10 2.049E-03 1.297E-02 2.000E+05 0.000E+00 0.000E+00
 1.46053136E-01   4453.5 4.618E+03 7.414E+10 2.356E-03 1.355E-02 2.000E+05 0.000E+00 0.000E+00
 1.69483841E-01   4475.8 5.359E+03 8.645E+10 2.707E-03 1.423E-02 2.000E+05 0.000E+00 0.000E+00
 1.96682421E-01   4497.8 6.219E+03 1.007E+11 3.107E-03 1.502E-02 2.000E+05 0.000E+00 0.000E+00
 2.28290946E-01   4519.3 7.218E+03 1.172E+11 3.565E-03 1.593E-02 2.000E+05 0.000E+00 0.000E+00
 2.65050724E-01   4540.4 8.381E+03 1.362E+11 4.085E-03 1.697E-02 2.000E+05 0.000E+00 0.000E+00
 3.07852687E-01   4560.8 9.734E+03 1.580E+11 4.676E-03 1.816E-02 2.000E+05 0.000E+00 0.000E+00
 3.57731308E-01   4580.7 1.131E+04 1.831E+11 5.348E-03 1.953E-02 2.000E+05 0.000E+00 0.000E+00
 4.15943064E-01   4599.5 1.315E+04 2.117E+11 6.107E-03 2.109E-02 2.000E+05 0.000E+00 0.000E+00
 4.83950803E-01   4617.9 1.530E+04 2.445E+11 6.968E-03 2.290E-02 2.000E+05 0.000E+00 0.000E+00
 5.63520628E-01   4635.2 1.782E+04 2.818E+11 7.937E-03 2.497E-02 2.000E+05 0.000E+00 0.000E+00
 6.56649252E-01   4652.3 2.076E+04 3.247E+11 9.043E-03 2.737E-02 2.000E+05 0.000E+00 0.000E+00
 7.65743636E-01   4668.9 2.421E+04 3.738E+11 1.029E-02 3.013E-02 2.000E+05 0.000E+00 0.000E+00
 8.93434042E-01   4685.9 2.825E+04 4.307E+11 1.173E-02 3.333E-02 2.000E+05 0.000E+00 0.000E+00
 1.04283661E+00   4703.4 3.297E+04 4.968E+11 1.338E-02 3.702E-02 2.000E+05 0.000E+00 0.000E+00
 1.21728389E+00   4722.2 3.849E+04 5.743E+11 1.529E-02 4.131E-02 2.000E+05 0.000E+00 0.000E+00
 1.42056868E+00   4742.9 4.492E+04 6.661E+11 1.753E-02 4.630E-02 2.000E+05 0.000E+00 0.000E+00
 1.65678377E+00   4765.9 5.239E+04 7.755E+11 2.014E-02 5.213E-02 2.000E+05 0.000E+00 0.000E+00
 1.93024654E+00   4792.3 6.103E+04 9.081E+11 2.326E-02 5.904E-02 2.000E+05 0.000E+00 0.000E+00
 2.24527985E+00   4822.6 7.099E+04 1.070E+12 2.699E-02 6.726E-02 2.000E+05 0.000E+00 0.000E+00
 2.60598562E+00   4858.2 8.240E+04 1.274E+12 3.155E-02 7.723E-02 2.000E+05 0.000E+00 0.000E+00
 3.01563174E+00   4900.4 9.535E+04 1.534E+12 3.723E-02 8.954E-02 2.000E+05 0.000E+00 0.000E+00
 3.47592582E+00   4950.8 1.099E+05 1.877E+12 4.445E-02 1.051E-01 2.000E+05 0.000E+00 0.000E+00
 3.98616406E+00   5011.2 1.260E+05 2.343E+12 5.390E-02 1.252E-01 2.000E+05 0.000E+00 0.000E+00
 4.54183709E+00   5083.5 1.436E+05 2.999E+12 6.663E-02 1.521E-01 2.000E+05 0.000E+00 0.000E+00
 5.13417977E+00   5170.7 1.623E+05 3.966E+12 8.448E-02 1.896E-01 2.000E+05 0.000E+00 0.000E+00
 5.74791032E+00   5275.5 1.817E+05 5.452E+12 1.103E-01 2.436E-01 2.000E+05 0.000E+00 0.000E+00
 6.36573110E+00   5399.4 2.013E+05 7.803E+12 1.485E-01 3.237E-01 2.000E+05 8.486E+02 0.000E+00
 6.96205270E+00   5556.9 2.201E+05 1.198E+13 2.110E-01 4.546E-01 2.000E+05 2.131E+06 2.045E+03
 7.50404217E+00   5757.0 2.373E+05 1.995E+13 3.186E-01 6.761E-01 2.000E+05 2.778E+07 2.751E+04
 7.97556713E+00   5985.7 2.522E+05 3.436E+13 4.927E-01 1.017E+00 2.000E+05 1.178E+08 6.089E+04
 8.38080469E+00   6235.4 2.651E+05 5.952E+13 7.650E-01 1.506E+00 2.000E+05 3.073E+08 8.667E+04
 8.72544091E+00   6510.1 2.760E+05 1.039E+14 1.198E+00 2.161E+00 2.000E+05 7.033E+08 1.113E+05
 9.02544176E+00   6769.6 2.855E+05 1.695E+14 1.788E+00 2.757E+00 2.000E+05 1.333E+09 1.469E+05
 9.30187170E+00   7003.6 2.943E+05 2.563E+14 2.525E+00 3.115E+00 2.000E+05 2.033E+09 1.660E+05
 9.56871422E+00   7217.9 3.028E+05 3.660E+14 3.423E+00 3.224E+00 2.000E+05 2.703E+09 1.823E+05
 9.83565254E+00   7417.1 3.112E+05 5.012E+14 4.504E+00 3.192E+00 2.000E+05 3.252E+09 1.926E+05
 1.01087481E+01   7609.0 3.198E+05 6.686E+14 5.829E+00 3.158E+00 2.000E+05 3.641E+09 1.955E+05
 1.03917451E+01   7797.2 3.288E+05 8.760E+14 7.463E+00 3.080E+00 2.000E+05 3.957E+09 1.993E+05
 1.06894432E+01   7974.3 3.382E+05 1.119E+15 9.380E+00 2.988E+00 2.000E+05 4.179E+09 1.996E+05
 1.10060455E+01   8152.0 3.482E+05 1.415E+15 1.174E+01 2.956E+00 2.000E+05 4.333E+09 1.976E+05
 1.13448252E+01   8326.0 3.589E+05 1.768E+15 1.458E+01 2.905E+00 2.000E+05 4.470E+09 1.973E+05
 1.17092499E+01   8500.4 3.704E+05 2.191E+15 1.804E+01 2.835E+00 2.000E+05 4.567E+09 1.936E+05
 1.21039572E+01   8670.4 3.829E+05 2.684E+15 2.213E+01 2.762E+00 2.000E+05 4.641E+09 1.916E+05
 1.25323830E+01   8845.0 3.965E+05 3.281E+15 2.718E+01 2.674E+00 2.000E+05 4.708E+09 1.876E+05
 1.30011025E+01   9010.8 4.113E+05 3.951E+15 3.294E+01 2.571E+00 2.000E+05 4.758E+09 1.851E+05
 1.35139989E+01   9187.2 4.275E+05 4.781E+15 4.023E+01 2.490E+00 2.000E+05 4.784E+09 1.803E+05
 1.40796322E+01   9350.5 4.454E+05 5.685E+15 4.826E+01 2.540E+00 2.000E+05 4.826E+09 1.771E+05
