 1.54320931E-03   4159.5 4.883E+01 1.305E+09 8.640E-05 3.276E-03 2.000E+05 0.000E+00 0.000E+00
 2.03883913E-03   4161.3 6.450E+01 1.511E+09 9.303E-05 3.263E-03 2.000E+05 0.000E+00 0.000E+00
 2.62766320E-03   4183.9 8.311E+01 1.903E+09 1.086E-04 3.276E-03 2.000E+05 0.000E+00 0.000E+00
 3.30386683E-03   4204.2 1.045E+02 2.339E+09 1.255E-04 3.293E-03 2.000E+05 0.000E+00 0.000E+00
 4.08303362E-03   4225.2 1.291E+02 2.859E+09 1.454E-04 3.312E-03 2.000E+05 0.000E+00 0.000E+00
 4.98121015E-03   4245.8 1.575E+02 3.460E+09 1.680E-04 3.340E-03 2.000E+05 0.000E+00 0.000E+00
 6.01753956E-03   4266.5 1.902E+02 4.166E+09 1.941E-04 3.374E-03 2.000E+05 0.000E+00 0.000E+00
 7.21517273E-03   4286.8 2.281E+02 4.985E+09 2.237E-04 3.415E-03 2.000E+05 0.000E+00 0.000E+00
 8.60271673E-03   4306.3 2.720E+02 5.923E+09 2.570E-04 3.467E-03 2.000E+05 0.000E+00 0.000E+00
 1.02146833E-02   4325.5 3.229E+02 7.008E+09 2.947E-04 3.525E-03 2.000E+05 0.000E+00 0.000E+00
 1.20937216E-02   4343.3 3.824E+02 8.226E+09 3.363E-04 3.595E-03 2.000E+05 0.000E+00 0.000E+00
 1.42917486E-02   4360.7 4.519E+02 9.622E+09 3.831E-04 3.676E-03 2.000E+05 0.000E+00 0.000E+00
 1.68675809E-02   4377.4 5.333E+02 1.121E+10 4.355E-04 3.773E-03 2.000E+05 0.000E+00 0.000E+00
 1.98918015E-02   4393.6 6.289E+02 1.302E+10 4.942E-04 3.887E-03 2.000E+05 0.000E+00 0.000E+00
 2.34478567E-02   4409.4 7.414E+02 1.509E+10 5.602E-04 4.018E-03 2.000E+05 0.000E+00 0.000E+00
 2.76327876E-02   4424.9 8.737E+02 1.746E+10 6.345E-04 4.169E-03 2.000E+05 0.000E+00 0.000E+00
 3.25633465E-02   4440.0 1.030E+03 2.015E+10 7.177E-04 4.341E-03 2.000E+05 0.000E+00 0.000E+00
 3.83752906E-02   4455.0 1.213E+03 2.325E+10 8.121E-04 4.539E-03 2.000E+05 0.000E+00 0.000E+00
 4.52260940E-02   4469.9 1.430E+03 2.679E+10 9.185E-04 4.762E-03 2.000E+05 0.000E+00 0.000E+00
 5.33058859E-02   4484.6 1.686E+03 3.084E+10 1.038E-03 5.016E-03 2.000E+05 0.000E+00 0.000E+00
 6.28361440E-02   4499.3 1.987E+03 3.550E+10 1.174E-03 5.304E-03 2.000E+05 0.000E+00 0.000E+00
 7.40802010E-02   4513.5 2.343E+03 4.078E+10 1.326E-03 5.624E-03 2.000E+05 0.000E+00 0.000E+00
 8.73561692E-02   4527.8 2.762E+03 4.683E+10 1.498E-03 5.986E-03 2.000E+05 0.000E+00 0.000E+00
 1.03029791E-01   4542.0 3.258E+03 5.374E+10 1.692E-03 6.391E-03 2.000E+05 0.000E+00 0.000E+00
 1.21553394E-01   4555.6 3.844E+03 6.152E+10 1.907E-03 6.840E-03 2.000E+05 0.000E+00 0.000E+00
 1.43460295E-01   4569.1 4.537E+03 7.040E+10 2.150E-03 7.343E-03 2.000E+05 0.000E+00 0.000E+00
 1.69410344E-01   4581.7 5.357E+03 8.029E+10 2.418E-03 7.893E-03 2.000E+05 0.000E+00 0.000E+00
 2.00193063E-01   4594.0 6.330E+03 9.145E+10 2.717E-03 8.507E-03 2.000E+05 0.000E+00 0.000E+00
 2.36801952E-01   4604.8 7.488E+03 1.036E+11 3.041E-03 9.170E-03 2.000E+05 0.000E+00 0.000E+00
 2.80446523E-01   4615.1 8.868E+03 1.172E+11 3.399E-03 9.909E-03 2.000E+05 0.000E+00 0.000E+00
 3.32661903E-01   4623.4 1.052E+04 1.317E+11 3.779E-03 1.070E-02 2.000E+05 0.000E+00 0.000E+00
 3.95296309E-01   4631.3 1.250E+04 1.479E+11 4.200E-03 1.159E-02 2.000E+05 0.000E+00 0.000E+00
 4.70668537E-01   4637.2 1.488E+04 1.650E+11 4.644E-03 1.255E-02 2.000E+05 0.000E+00 0.000E+00
 5.61523701E-01   4643.2 1.776E+04 1.842E+11 5.140E-03 1.363E-02 2.000E+05 0.000E+00 0.000E+00
 6.71059418E-01   4648.4 2.122E+04 2.053E+11 5.683E-03 1.483E-02 2.000E+05 0.000E+00 0.000E+00
 8.03018100E-01   4654.2 2.539E+04 2.295E+11 6.299E-03 1.621E-02 2.000E+05 0.000E+00 0.000E+00
 9.61546998E-01   4660.8 3.041E+04 2.573E+11 7.001E-03 1.778E-02 2.000E+05 0.000E+00 0.000E+00
 1.15140538E+00   4668.5 3.641E+04 2.897E+11 7.813E-03 1.960E-02 2.000E+05 0.000E+00 0.000E+00
 1.37767156E+00   4678.1 4.356E+04 3.282E+11 8.764E-03 2.172E-02 2.000E+05 0.000E+00 0.000E+00
 1.64590759E+00   4689.6 5.205E+04 3.742E+11 9.885E-03 2.422E-02 2.000E+05 0.000E+00 0.000E+00
 1.96187678E+00   4704.0 6.204E+04 4.303E+11 1.123E-02 2.721E-02 2.000E+05 0.000E+00 0.000E+00
 2.33126932E+00   4721.5 7.372E+04 4.995E+11 1.286E-02 3.081E-02 2.000E+05 0.000E+00 0.000E+00
 2.75909061E+00   4743.2 8.725E+04 5.873E+11 1.489E-02 3.527E-02 2.000E+05 0.000E+00 0.000E+00
 3.24908553E+00   4769.9 1.027E+05 7.003E+11 1.744E-02 4.084E-02 2.000E+05 0.000E+00 0.000E+00
 3.80282611E+00   4803.0 1.203E+05 8.504E+11 2.074E-02 4.801E-02 2.000E+05 0.000E+00 0.000E+00
 4.41888889E+00   4843.4 1.397E+05 1.053E+12 2.506E-02 5.735E-02 2.000E+05 0.000E+00 0.000E+00
 5.09193937E+00   4893.2 1.610E+05 1.338E+12 3.090E-02 6.990E-02 2.000E+05 0.000E+00 0.000E+00
 5.81184333E+00   4953.8 1.838E+05 1.746E+12 3.896E-02 8.710E-02 2.000E+05 0.000E+00 0.000E+00
 6.56388540E+00   5027.9 2.076E+05 2.355E+12 5.040E-02 1.115E-01 2.000E+05 0.000E+00 0.000E+00
 7.32626876E+00   5120.6 2.317E+05 3.322E+12 6.754E-02 1.478E-01 2.000E+05 0.000E+00 0.000E+00
 8.06876638E+00   5238.8 2.551E+05 4.966E+12 9.465E-02 2.053E-01 2.000E+05 3.278E+05 0.000E+00
 8.75579647E+00   5391.8 2.769E+05 7.989E+12 1.403E-01 3.015E-01 2.000E+05 1.175E+07 1.350E+04
 9.35709183E+00   5582.3 2.959E+05 1.372E+13 2.183E-01 4.624E-01 2.000E+05 6.685E+07 4.357E+04
 9.87153921E+00   5790.7 3.121E+05 2.366E+13 3.392E-01 6.988E-01 2.000E+05 2.093E+08 6.904E+04
 1.03173305E+01   6007.3 3.262E+05 3.994E+13 5.171E-01 1.012E+00 2.000E+05 4.473E+08 9.328E+04
 1.07076554E+01   6239.3 3.386E+05 6.699E+13 7.843E-01 1.407E+00 2.000E+05 8.157E+08 1.110E+05
 1.10568817E+01   6464.2 3.496E+05 1.067E+14 1.144E+00 1.780E+00 2.000E+05 1.346E+09 1.359E+05
 1.13852866E+01   6667.0 3.600E+05 1.582E+14 1.581E+00 2.012E+00 2.000E+05 1.973E+09 1.528E+05
 1.17078910E+01   6857.6 3.702E+05 2.246E+14 2.116E+00 2.129E+00 2.000E+05 2.576E+09 1.688E+05
 1.20316773E+01   7045.4 3.804E+05 3.117E+14 2.792E+00 2.174E+00 2.000E+05 3.084E+09 1.758E+05
 1.23617782E+01   7227.4 3.909E+05 4.217E+14 3.621E+00 2.149E+00 2.000E+05 3.522E+09 1.839E+05
 1.27041666E+01   7402.2 4.017E+05 5.568E+14 4.619E+00 2.108E+00 2.000E+05 3.847E+09 1.873E+05
 1.30635580E+01   7576.3 4.131E+05 7.256E+14 5.851E+00 2.104E+00 2.000E+05 4.068E+09 1.877E+05
 1.34429215E+01   7749.9 4.251E+05 9.349E+14 7.369E+00 2.090E+00 2.000E+05 4.255E+09 1.893E+05
 1.38463238E+01   7920.8 4.378E+05 1.188E+15 9.205E+00 2.052E+00 2.000E+05 4.397E+09 1.875E+05
 1.42784252E+01   8090.2 4.515E+05 1.494E+15 1.143E+01 2.045E+00 2.000E+05 4.503E+09 1.871E+05
 1.47427184E+01   8262.0 4.662E+05 1.870E+15 1.417E+01 2.030E+00 2.000E+05 4.590E+09 1.840E+05
 1.52435653E+01   8432.2 4.820E+05 2.316E+15 1.747E+01 1.999E+00 2.000E+05 4.659E+09 1.827E+05
 1.57851299E+01   8605.5 4.991E+05 2.859E+15 2.154E+01 1.952E+00 2.000E+05 4.713E+09 1.785E+05
 1.63745018E+01   8772.9 5.178E+05 3.484E+15 2.627E+01 1.902E+00 2.000E+05 4.761E+09 1.767E+05
 1.70160240E+01   8949.6 5.381E+05 4.259E+15 3.224E+01 1.854E+00 2.000E+05 4.787E+09 1.722E+05
 1.77189680E+01   9114.4 5.603E+05 5.115E+15 3.892E+01 1.916E+00 2.000E+05 4.822E+09 1.692E+05

