 3.35804378E-04   3613.4 1.063E+01 4.761E+09 3.970E-04 2.131E-01 2.000E+05 0.000E+00 0.000E+00
 4.37995867E-04   3671.2 1.386E+01 6.317E+09 4.736E-04 1.968E-01 2.000E+05 0.000E+00 0.000E+00
 5.54958078E-04   3692.2 1.756E+01 7.850E+09 5.406E-04 1.868E-01 2.000E+05 0.000E+00 0.000E+00
 6.91563456E-04   3715.0 2.187E+01 9.634E+09 6.174E-04 1.854E-01 2.000E+05 0.000E+00 0.000E+00
 8.51091629E-04   3737.6 2.692E+01 1.169E+10 7.045E-04 1.836E-01 2.000E+05 0.000E+00 0.000E+00
 1.03750746E-03   3760.1 3.281E+01 1.408E+10 8.039E-04 1.814E-01 2.000E+05 0.000E+00 0.000E+00
 1.25536513E-03   3782.4 3.970E+01 1.684E+10 9.175E-04 1.791E-01 2.000E+05 0.000E+00 0.000E+00
 1.50991186E-03   3804.5 4.775E+01 2.003E+10 1.047E-03 1.770E-01 2.000E+05 0.000E+00 0.000E+00
 1.80727412E-03   3826.6 5.716E+01 2.372E+10 1.196E-03 1.751E-01 2.000E+05 0.000E+00 0.000E+00
 2.15447016E-03   3848.7 6.813E+01 2.799E+10 1.366E-03 1.734E-01 2.000E+05 0.000E+00 0.000E+00
 2.55975829E-03   3870.7 8.095E+01 3.293E+10 1.561E-03 1.720E-01 2.000E+05 0.000E+00 0.000E+00
 3.03261382E-03   3892.9 9.590E+01 3.865E+10 1.784E-03 1.709E-01 2.000E+05 0.000E+00 0.000E+00
 3.58411923E-03   3915.2 1.133E+02 4.526E+10 2.041E-03 1.701E-01 2.000E+05 0.000E+00 0.000E+00
 4.22699634E-03   3937.9 1.337E+02 5.291E+10 2.335E-03 1.696E-01 2.000E+05 0.000E+00 0.000E+00
 4.97613833E-03   3960.9 1.574E+02 6.178E+10 2.672E-03 1.692E-01 2.000E+05 0.000E+00 0.000E+00
 5.84887500E-03   3984.3 1.849E+02 7.204E+10 3.059E-03 1.690E-01 2.000E+05 0.000E+00 0.000E+00
 6.86514763E-03   4008.2 2.171E+02 8.393E+10 3.504E-03 1.689E-01 2.000E+05 0.000E+00 0.000E+00
 8.04851322E-03   4032.6 2.545E+02 9.770E+10 4.013E-03 1.690E-01 2.000E+05 0.000E+00 0.000E+00
 9.42586281E-03   4057.4 2.980E+02 1.137E+11 4.598E-03 1.693E-01 2.000E+05 0.000E+00 0.000E+00
 1.10287439E-02   4082.7 3.487E+02 1.321E+11 5.269E-03 1.698E-01 2.000E+05 0.000E+00 0.000E+00
 1.28943228E-02   4108.7 4.077E+02 1.536E+11 6.038E-03 1.704E-01 2.000E+05 0.000E+00 0.000E+00
 1.50644506E-02   4135.3 4.763E+02 1.785E+11 6.921E-03 1.712E-01 2.000E+05 0.000E+00 0.000E+00
 1.75897431E-02   4162.4 5.562E+02 2.073E+11 7.933E-03 1.722E-01 2.000E+05 0.000E+00 0.000E+00
 2.05270682E-02   4190.3 6.491E+02 2.408E+11 9.093E-03 1.733E-01 2.000E+05 0.000E+00 0.000E+00
 2.39455010E-02   4218.7 7.572E+02 2.796E+11 1.042E-02 1.747E-01 2.000E+05 0.000E+00 0.000E+00
 2.79212953E-02   4247.8 8.829E+02 3.246E+11 1.194E-02 1.763E-01 2.000E+05 0.000E+00 0.000E+00
 3.25493427E-02   4277.5 1.029E+03 3.769E+11 1.369E-02 1.781E-01 2.000E+05 0.000E+00 0.000E+00
 3.79332493E-02   4307.7 1.199E+03 4.375E+11 1.568E-02 1.803E-01 2.000E+05 0.000E+00 0.000E+00
 4.42017358E-02   4338.4 1.398E+03 5.079E+11 1.797E-02 1.829E-01 2.000E+05 0.000E+00 0.000E+00
 5.14973644E-02   4369.6 1.628E+03 5.895E+11 2.057E-02 1.860E-01 2.000E+05 0.000E+00 0.000E+00
 5.99976105E-02   4401.0 1.897E+03 6.840E+11 2.355E-02 1.896E-01 2.000E+05 0.000E+00 0.000E+00
 6.98958998E-02   4432.7 2.210E+03 7.936E+11 2.696E-02 1.941E-01 2.000E+05 0.000E+00 0.000E+00
 8.14377140E-02   4464.6 2.575E+03 9.206E+11 3.084E-02 1.994E-01 2.000E+05 0.000E+00 0.000E+00
 9.48838842E-02   4496.6 3.000E+03 1.068E+12 3.528E-02 2.058E-01 2.000E+05 0.000E+00 0.000E+00
 1.10573198E-01   4528.6 3.496E+03 1.238E+12 4.033E-02 2.134E-01 2.000E+05 0.000E+00 0.000E+00
 1.28862924E-01   4560.8 4.075E+03 1.435E+12 4.611E-02 2.224E-01 2.000E+05 0.000E+00 0.000E+00
 1.50216819E-01   4593.0 4.750E+03 1.663E+12 5.269E-02 2.331E-01 2.000E+05 0.000E+00 0.000E+00
 1.75118964E-01   4625.5 5.538E+03 1.927E+12 6.020E-02 2.458E-01 2.000E+05 0.000E+00 0.000E+00
 2.04206643E-01   4658.2 6.457E+03 2.234E+12 6.878E-02 2.608E-01 2.000E+05 0.000E+00 0.000E+00
 2.38132468E-01   4691.6 7.530E+03 2.590E+12 7.858E-02 2.782E-01 2.000E+05 0.000E+00 0.000E+00
 2.77761079E-01   4726.0 8.783E+03 3.003E+12 8.978E-02 2.987E-01 2.000E+05 0.000E+00 0.000E+00
 3.23971608E-01   4761.9 1.024E+04 3.486E+12 1.026E-01 3.226E-01 2.000E+05 0.000E+00 0.000E+00
 3.77926944E-01   4799.8 1.195E+04 4.051E+12 1.173E-01 3.504E-01 2.000E+05 0.000E+00 0.000E+00
 4.40807906E-01   4840.6 1.394E+04 4.714E+12 1.341E-01 3.826E-01 2.000E+05 0.000E+00 0.000E+00
 5.14154703E-01   4885.6 1.626E+04 5.498E+12 1.535E-01 4.201E-01 2.000E+05 0.000E+00 0.000E+00
 5.99539298E-01   4935.9 1.896E+04 6.430E+12 1.758E-01 4.632E-01 2.000E+05 0.000E+00 0.000E+00
 6.99000141E-01   4993.1 2.210E+04 7.545E+12 2.014E-01 5.128E-01 2.000E+05 0.000E+00 0.000E+00
 8.14657539E-01   5059.1 2.576E+04 8.889E+12 2.309E-01 5.694E-01 2.000E+05 0.000E+00 0.000E+00
 9.49282952E-01   5135.7 3.002E+04 1.052E+13 2.646E-01 6.338E-01 2.000E+05 0.000E+00 0.000E+00
 1.10586304E+00   5225.5 3.497E+04 1.252E+13 3.032E-01 7.070E-01 2.000E+05 0.000E+00 0.000E+00
 1.28823160E+00   5331.0 4.074E+04 1.499E+13 3.473E-01 7.901E-01 2.000E+05 0.000E+00 0.000E+00
 1.50042852E+00   5455.1 4.745E+04 1.810E+13 3.981E-01 8.861E-01 2.000E+05 0.000E+00 0.000E+00
 1.74682474E+00   5601.9 5.524E+04 2.216E+13 4.586E-01 1.002E+00 2.000E+05 0.000E+00 0.000E+00
 2.02999373E+00   5773.5 6.419E+04 2.780E+13 5.371E-01 1.156E+00 2.000E+05 0.000E+00 0.000E+00
 2.34676321E+00   5976.8 7.421E+04 3.655E+13 6.539E-01 1.391E+00 2.000E+05 0.000E+00 0.000E+00
 2.68350685E+00   6212.0 8.486E+04 5.144E+13 8.482E-01 1.789E+00 2.000E+05 2.996E+03 0.000E+00
 3.01531815E+00   6490.3 9.535E+04 7.917E+13 1.198E+00 2.512E+00 2.000E+05 6.716E+05 4.235E+03
 3.31672228E+00   6806.9 1.049E+05 1.309E+14 1.825E+00 3.802E+00 2.000E+05 1.964E+07 2.491E+04
 3.57037735E+00   7177.1 1.129E+05 2.317E+14 2.998E+00 6.146E+00 2.000E+05 1.051E+08 7.301E+04
 3.77016039E+00   7592.9 1.192E+05 4.213E+14 5.172E+00 9.836E+00 2.000E+05 4.555E+08 1.092E+05
 3.92639186E+00   7992.0 1.242E+05 7.144E+14 8.591E+00 1.321E+01 2.000E+05 1.277E+09 1.728E+05
 4.05870126E+00   8315.5 1.283E+05 1.063E+15 1.283E+01 1.382E+01 2.000E+05 2.330E+09 2.105E+05
 4.18270442E+00   8572.1 1.323E+05 1.432E+15 1.753E+01 1.285E+01 2.000E+05 3.152E+09 2.253E+05
 4.30663936E+00   8797.6 1.362E+05 1.839E+15 2.294E+01 1.191E+01 2.000E+05 3.673E+09 2.277E+05
 4.43501727E+00   9000.4 1.402E+05 2.284E+15 2.909E+01 1.097E+01 2.000E+05 4.036E+09 2.308E+05
 4.57159098E+00   9188.4 1.446E+05 2.773E+15 3.611E+01 1.025E+01 2.000E+05 4.252E+09 2.282E+05
 4.71924537E+00   9370.4 1.492E+05 3.325E+15 4.433E+01 9.685E+00 2.000E+05 4.409E+09 2.248E+05
 4.88050558E+00   9546.7 1.543E+05 3.945E+15 5.383E+01 9.058E+00 2.000E+05 4.537E+09 2.245E+05
 5.05843538E+00   9718.3 1.599E+05 4.639E+15 6.476E+01 8.401E+00 2.000E+05 4.618E+09 2.178E+05
 5.25668209E+00   9885.8 1.662E+05 5.414E+15 7.722E+01 7.973E+00 2.000E+05 4.699E+09 2.184E+05
 5.47799172E+00  10061.1 1.732E+05 6.333E+15 9.230E+01 7.424E+00 2.000E+05 4.726E+09 2.114E+05
 5.72733677E+00  10222.4 1.811E+05 7.305E+15 1.083E+02 7.331E+00 2.000E+05 4.791E+09 2.096E+05
